state,year,quarter,transaction_type,transaction_count,transaction_amount
India,2018,1,Recharge & bill payments,72550406,14472713558.652578
India,2018,1,Peer-to-peer payments,46982705,147245883542.77402
India,2018,1,Merchant payments,5368669,4656678915.140091
India,2018,1,Financial Services,3762820,815853105.1000277
India,2018,1,Others,5761576,4643217301.269438
India,2018,2,Recharge & bill payments,92033715,24351225616.36898
India,2018,2,Peer-to-peer payments,74558816,264767671095.31842
India,2018,2,Merchant payments,10613941,9052859939.339659
India,2018,2,Financial Services,5186569,1176991419.239996
India,2018,2,Others,4973199,5027454207.140578
India,2018,3,Peer-to-peer payments,202021587,425967421714.0399
India,2018,3,Recharge & bill payments,102290514,31364311860.394596
India,2018,3,Merchant payments,25175938,12433150984.830223
India,2018,3,Financial Services,6218596,891447809.4200314
India,2018,3,Others,5594554,4449556277.54975
India,2018,4,Peer-to-peer payments,200235002,594995709377.7327
India,2018,4,Recharge & bill payments,131917248,39578607327.024284
India,2018,4,Merchant payments,71498510,30497289208.339787
India,2018,4,Financial Services,5216165,868584631.5900131
India,2018,4,Others,8246415,5802659774.449921
India,2019,1,Peer-to-peer payments,404841331,887893108631.5128
India,2019,1,Recharge & bill payments,180504739,55473071028.87885
India,2019,1,Merchant payments,110496541,40575915112.522
India,2019,1,Financial Services,4627353,603852042.0000324
India,2019,1,Others,8526177,5484252454.8204155
India,2019,2,Peer-to-peer payments,384711008,1196425281586.9927
India,2019,2,Recharge & bill payments,209898072,76865848586.98372
India,2019,2,Merchant payments,206467182,73415840739.88434
India,2019,2,Financial Services,2650384,545329308.0899862
India,2019,2,Others,11656557,6969423863.830339
India,2019,3,Peer-to-peer payments,461911865,1440512511470.7004
India,2019,3,Merchant payments,376320628,123209398484.44376
India,2019,3,Recharge & bill payments,240103872,101520929811.06812
India,2019,3,Financial Services,2870292,617120839.9299941
India,2019,3,Others,13804992,6705143103.510092
India,2019,4,Peer-to-peer payments,703497002,1963952535223.0903
India,2019,4,Merchant payments,456578271,174239646473.03162
India,2019,4,Recharge & bill payments,285310032,116344996244.26738
India,2019,4,Financial Services,2476840,551204225.4200497
India,2019,4,Others,12583379,4811822509.649999
India,2020,1,Peer-to-peer payments,693998661,2320557268853.593
India,2020,1,Merchant payments,566355270,231298042209.83606
India,2020,1,Recharge & bill payments,351300991,140373550367.1558
India,2020,1,Financial Services,1358171,773848137.0300016
India,2020,1,Others,10027019,4116905195.8207293
India,2020,2,Peer-to-peer payments,631031364,2243915932390.771
India,2020,2,Recharge & bill payments,448842692,171590686463.15784
India,2020,2,Merchant payments,363275861,226908226049.51398
India,2020,2,Financial Services,1682062,1751767444.1000087
India,2020,2,Others,3779461,1987466180.2098684
India,2020,3,Peer-to-peer payments,916790263,3287051873253.504
India,2020,3,Merchant payments,672019839,405291207894.2984
India,2020,3,Recharge & bill payments,436172619,204262355709.72183
India,2020,3,Financial Services,2531978,2673063432.9600067
India,2020,3,Others,5541374,2789907563.6502213
India,2020,4,Peer-to-peer payments,1249512647,4474548495095.518
India,2020,4,Merchant payments,1127490136,684873639322.252
India,2020,4,Recharge & bill payments,479784084,227875840842.1121
India,2020,4,Financial Services,2942567,3259168195.749941
India,2020,4,Others,9556404,5323095366.309718
India,2021,1,Merchant payments,1467948823,844466633896.8679
India,2021,1,Peer-to-peer payments,1447600942,5170856441552.582
India,2021,1,Recharge & bill payments,530118545,260182440730.4327
India,2021,1,Financial Services,3075296,3573884778.5300817
India,2021,1,Others,8851525,5199901891.8900385
India,2021,2,Peer-to-peer payments,1744272888,6163165772736.494
India,2021,2,Merchant payments,1499626469,1003530942287.5988
India,2021,2,Recharge & bill payments,685024821,300559461295.9022
India,2021,2,Financial Services,3397384,3651996523.4499955
India,2021,2,Others,9061732,5598131364.820071
India,2021,3,Merchant payments,2316924871,1426965558783.5557
India,2021,3,Peer-to-peer payments,2215575286,7429357587018.912
India,2021,3,Recharge & bill payments,714583744,349234592690.4992
India,2021,3,Financial Services,3112160,4043342762.3300233
India,2021,3,Others,13558464,7146868847.2897215
India,2021,4,Merchant payments,3152394530,1995855822160.6426
India,2021,4,Peer-to-peer payments,2716561423,9203910371491.78
India,2021,4,Recharge & bill payments,738096162,407266894783.10693
India,2021,4,Financial Services,4141629,5028434834.240034
India,2021,4,Others,14562602,9296993478.869577
India,2022,1,Merchant payments,3748851071,2272818129376.5205
India,2022,1,Peer-to-peer payments,3074250150,10505936803336.926
India,2022,1,Recharge & bill payments,749674246,447599848131.41187
India,2022,1,Financial Services,4035100,4921211866.489969
India,2022,1,Others,16393502,8422766458.459174
India,2022,2,Merchant payments,4765203787,2847096877386.341
India,2022,2,Peer-to-peer payments,3506141323,12123524700463.535
India,2022,2,Recharge & bill payments,845751926,523046092987.93964
India,2022,2,Financial Services,3272822,3889787479.819907
India,2022,2,Others,11241480,6711034131.16017
India,2022,3,Merchant payments,5618132071,3151614767860.314
India,2022,3,Peer-to-peer payments,3957113406,12837803371386.29
India,2022,3,Recharge & bill payments,956164949,607048699730.3645
India,2022,3,Financial Services,3959631,4514223164.469998
India,2022,3,Others,10005043,6725900102.770244
India,2022,4,Merchant payments,6565690145,3673601044800.037
India,2022,4,Peer-to-peer payments,4459859921,14578874324207.227
India,2022,4,Recharge & bill payments,991049281,649776847580.25
India,2022,4,Financial Services,4623387,5360528394.309982
India,2022,4,Others,10013085,7361492606.590162
India,2023,1,Merchant payments,7205999708,3745994748195.0
India,2023,1,Peer-to-peer payments,4792478560,15924876501456.0
India,2023,1,Recharge & bill payments,1076952638,829952832616.0
India,2023,1,Financial Services,4884759,5673343900.0
India,2023,1,Others,10259195,7571900579.0
India,2023,2,Merchant payments,8529595637,4277821161887.0
India,2023,2,Peer-to-peer payments,5374546962,17722778868673.0
India,2023,2,Recharge & bill payments,1190947064,904758857308.0
India,2023,2,Financial Services,5195942,6364033676.0
India,2023,2,Others,9341245,6919677602.0
India,2023,3,Merchant payments,9868299757,4686944326058.0
India,2023,3,Peer-to-peer payments,5929662466,18342686827713.0
India,2023,3,Recharge & bill payments,1229068434,967694654180.0
India,2023,3,Financial Services,6273522,8553479441.0
India,2023,3,Others,8491944,6397985054.0
India,2023,4,Merchant payments,11107996161,5419672580085.0
India,2023,4,Peer-to-peer payments,6643982862,20533815852133.0
India,2023,4,Recharge & bill payments,1247192050,1077506924551.0
India,2023,4,Financial Services,7517384,9998159518.0
India,2023,4,Others,8651416,6391200449.0
India,2024,1,Merchant payments,12520741960,5962442621632.0
India,2024,1,Peer-to-peer payments,7335480797,22327480157794.0
India,2024,1,Recharge & bill payments,1365204965,1150335013422.0
India,2024,1,Financial Services,7419656,11806228360.0
India,2024,1,Others,8290191,6518078355.0
India,2024,2,Merchant payments,14634736361,6800938567813.0
India,2024,2,Peer-to-peer payments,7929923251,23817818323139.0
India,2024,2,Recharge & bill payments,1443979969,1179029035046.0
India,2024,2,Financial Services,8865844,14501331707.0
India,2024,2,Others,8700101,8229697142.0
India,2024,3,Merchant payments,15826083595,7132485242978.0
India,2024,3,Peer-to-peer payments,8566984108,23963938754607.0
India,2024,3,Recharge & bill payments,1409788062,1224783540794.0
India,2024,3,Financial Services,10798565,17450358563.0
India,2024,3,Others,7361054,8309733368.0
India,2024,4,Merchant payments,17419191808,8081429560226.0
India,2024,4,Peer-to-peer payments,9368204284,26633866936498.0
India,2024,4,Recharge & bill payments,1392529171,1255972669825.0
India,2024,4,Financial Services,32113340,18162331751.0
India,2024,4,Others,7217236,9369386297.0
andaman-&-nicobar-islands,2018,1,Recharge & bill payments,4200,1845307.4673655091
andaman-&-nicobar-islands,2018,1,Peer-to-peer payments,1871,12138655.299749982
andaman-&-nicobar-islands,2018,1,Merchant payments,298,452507.168646613
andaman-&-nicobar-islands,2018,1,Financial Services,33,10601.419933464953
andaman-&-nicobar-islands,2018,1,Others,256,184689.8662902223
andaman-&-nicobar-islands,2018,2,Recharge & bill payments,6735,2320944.731074479
andaman-&-nicobar-islands,2018,2,Peer-to-peer payments,3575,24511925.231047668
andaman-&-nicobar-islands,2018,2,Merchant payments,603,1024491.0133579008
andaman-&-nicobar-islands,2018,2,Financial Services,59,121336.0270987509
andaman-&-nicobar-islands,2018,2,Others,368,359838.50537474576
andaman-&-nicobar-islands,2018,3,Recharge & bill payments,8636,4343504.868377829
andaman-&-nicobar-islands,2018,3,Peer-to-peer payments,6448,49270781.541635044
andaman-&-nicobar-islands,2018,3,Merchant payments,945,1627359.8394868043
andaman-&-nicobar-islands,2018,3,Financial Services,42,1481.4907042806485
andaman-&-nicobar-islands,2018,3,Others,194,314343.39410715323
andaman-&-nicobar-islands,2018,4,Recharge & bill payments,11517,5450549.512294375
andaman-&-nicobar-islands,2018,4,Peer-to-peer payments,10451,81001456.97825177
andaman-&-nicobar-islands,2018,4,Merchant payments,1421,3552027.735492656
andaman-&-nicobar-islands,2018,4,Financial Services,29,76035.7877393286
andaman-&-nicobar-islands,2018,4,Others,340,468266.0606770435
andaman-&-nicobar-islands,2019,1,Recharge & bill payments,15263,6611459.8729725825
andaman-&-nicobar-islands,2019,1,Peer-to-peer payments,13119,91808345.86839552
andaman-&-nicobar-islands,2019,1,Merchant payments,1759,3266589.8469614363
andaman-&-nicobar-islands,2019,1,Financial Services,62,116250.43671861099
andaman-&-nicobar-islands,2019,1,Others,283,497094.6484417205
andaman-&-nicobar-islands,2019,2,Recharge & bill payments,14676,7242448.256212333
andaman-&-nicobar-islands,2019,2,Peer-to-peer payments,14481,107525358.66652842
andaman-&-nicobar-islands,2019,2,Merchant payments,4031,4702152.616619372
andaman-&-nicobar-islands,2019,2,Financial Services,124,113278.91371326067
andaman-&-nicobar-islands,2019,2,Others,377,671471.222589792
andaman-&-nicobar-islands,2019,3,Recharge & bill payments,16219,8171737.705916681
andaman-&-nicobar-islands,2019,3,Peer-to-peer payments,13767,101079821.10344616
andaman-&-nicobar-islands,2019,3,Merchant payments,3519,4428734.574846684
andaman-&-nicobar-islands,2019,3,Financial Services,50,158857.94315586874
andaman-&-nicobar-islands,2019,3,Others,215,232624.75992853564
andaman-&-nicobar-islands,2019,4,Peer-to-peer payments,18128,121493224.30754511
andaman-&-nicobar-islands,2019,4,Recharge & bill payments,13851,9538690.916424634
andaman-&-nicobar-islands,2019,4,Merchant payments,2920,5247500.487902376
andaman-&-nicobar-islands,2019,4,Financial Services,60,295937.2110898865
andaman-&-nicobar-islands,2019,4,Others,200,263177.5944158883
andaman-&-nicobar-islands,2020,1,Peer-to-peer payments,18324,142332401.79234773
andaman-&-nicobar-islands,2020,1,Recharge & bill payments,18268,10850414.023977457
andaman-&-nicobar-islands,2020,1,Merchant payments,4424,7752871.558217709
andaman-&-nicobar-islands,2020,1,Financial Services,66,208231.73071652642
andaman-&-nicobar-islands,2020,1,Others,216,332393.19201521645
andaman-&-nicobar-islands,2020,2,Recharge & bill payments,38125,17659622.73418829
andaman-&-nicobar-islands,2020,2,Peer-to-peer payments,20303,141728757.73517442
andaman-&-nicobar-islands,2020,2,Merchant payments,4004,9236375.740471343
andaman-&-nicobar-islands,2020,2,Financial Services,175,706932.1397115812
andaman-&-nicobar-islands,2020,2,Others,355,313313.0646014327
andaman-&-nicobar-islands,2020,3,Recharge & bill payments,59310,24756220.875469353
andaman-&-nicobar-islands,2020,3,Peer-to-peer payments,40697,289078946.7312394
andaman-&-nicobar-islands,2020,3,Merchant payments,16096,22682992.238478824
andaman-&-nicobar-islands,2020,3,Financial Services,572,961836.7129860274
andaman-&-nicobar-islands,2020,3,Others,808,539449.7721868362
andaman-&-nicobar-islands,2020,4,Peer-to-peer payments,81439,533316526.1814983
andaman-&-nicobar-islands,2020,4,Recharge & bill payments,80811,33710030.534383245
andaman-&-nicobar-islands,2020,4,Merchant payments,59391,56867468.940003954
andaman-&-nicobar-islands,2020,4,Financial Services,965,1880546.9672370641
andaman-&-nicobar-islands,2020,4,Others,1925,1508083.6917299272
andaman-&-nicobar-islands,2021,1,Peer-to-peer payments,105458,665391395.715478
andaman-&-nicobar-islands,2021,1,Recharge & bill payments,84119,37160922.86506996
andaman-&-nicobar-islands,2021,1,Merchant payments,53090,78606979.05751458
andaman-&-nicobar-islands,2021,1,Financial Services,884,1469351.0852598653
andaman-&-nicobar-islands,2021,1,Others,1201,1077918.666433228
andaman-&-nicobar-islands,2021,2,Peer-to-peer payments,132772,748382044.7707307
andaman-&-nicobar-islands,2021,2,Recharge & bill payments,120911,43691961.26275121
andaman-&-nicobar-islands,2021,2,Merchant payments,85143,103707408.50908463
andaman-&-nicobar-islands,2021,2,Financial Services,960,2038521.5136710338
andaman-&-nicobar-islands,2021,2,Others,1628,1327080.0560584562
andaman-&-nicobar-islands,2021,3,Peer-to-peer payments,192321,1077787837.1562996
andaman-&-nicobar-islands,2021,3,Recharge & bill payments,136010,51243450.85925055
andaman-&-nicobar-islands,2021,3,Merchant payments,118340,176991328.21761328
andaman-&-nicobar-islands,2021,3,Financial Services,990,2351013.441729573
andaman-&-nicobar-islands,2021,3,Others,2103,1650766.1267105162
andaman-&-nicobar-islands,2021,4,Peer-to-peer payments,285778,1544932663.2744582
andaman-&-nicobar-islands,2021,4,Merchant payments,210164,322842314.62433755
andaman-&-nicobar-islands,2021,4,Recharge & bill payments,135608,59243518.11464358
andaman-&-nicobar-islands,2021,4,Financial Services,1718,3137965.167474068
andaman-&-nicobar-islands,2021,4,Others,2855,2453640.142743944
andaman-&-nicobar-islands,2022,1,Peer-to-peer payments,342649,1682328505.7254477
andaman-&-nicobar-islands,2022,1,Merchant payments,284298,370091558.68373305
andaman-&-nicobar-islands,2022,1,Recharge & bill payments,163401,71300133.66101266
andaman-&-nicobar-islands,2022,1,Financial Services,1757,2869682.0229511866
andaman-&-nicobar-islands,2022,1,Others,2643,2440321.9820225406
andaman-&-nicobar-islands,2022,2,Merchant payments,449540,510838980.9061847
andaman-&-nicobar-islands,2022,2,Peer-to-peer payments,437606,2088309073.4552848
andaman-&-nicobar-islands,2022,2,Recharge & bill payments,179515,82232936.61795366
andaman-&-nicobar-islands,2022,2,Financial Services,1448,2089862.3927160464
andaman-&-nicobar-islands,2022,2,Others,3108,2449496.7081265687
andaman-&-nicobar-islands,2022,3,Merchant payments,716105,693438186.296541
andaman-&-nicobar-islands,2022,3,Peer-to-peer payments,622217,2514535154.56483
andaman-&-nicobar-islands,2022,3,Recharge & bill payments,240766,97748065.62714244
andaman-&-nicobar-islands,2022,3,Financial Services,1814,2166304.9779766416
andaman-&-nicobar-islands,2022,3,Others,3477,2744060.670897343
andaman-&-nicobar-islands,2022,4,Merchant payments,956536,906365300.6585041
andaman-&-nicobar-islands,2022,4,Peer-to-peer payments,768758,2961630584.8271313
andaman-&-nicobar-islands,2022,4,Recharge & bill payments,256050,110037119.66941178
andaman-&-nicobar-islands,2022,4,Financial Services,2499,3533987.2301130476
andaman-&-nicobar-islands,2022,4,Others,3692,3107412.043626394
andaman-&-nicobar-islands,2023,1,Merchant payments,1122063,1008821751.0
andaman-&-nicobar-islands,2023,1,Peer-to-peer payments,862347,3299762230.0
andaman-&-nicobar-islands,2023,1,Recharge & bill payments,286024,146338470.0
andaman-&-nicobar-islands,2023,1,Financial Services,2515,3556954.0
andaman-&-nicobar-islands,2023,1,Others,3443,3049182.0
andaman-&-nicobar-islands,2023,2,Merchant payments,1410653,1159905474.0
andaman-&-nicobar-islands,2023,2,Peer-to-peer payments,970525,3664415887.0
andaman-&-nicobar-islands,2023,2,Recharge & bill payments,320922,158455723.0
andaman-&-nicobar-islands,2023,2,Financial Services,2158,4161814.0
andaman-&-nicobar-islands,2023,2,Others,3517,3405338.0
andaman-&-nicobar-islands,2023,3,Merchant payments,1657848,1289780198.0
andaman-&-nicobar-islands,2023,3,Peer-to-peer payments,1111211,3757627272.0
andaman-&-nicobar-islands,2023,3,Recharge & bill payments,323935,157992380.0
andaman-&-nicobar-islands,2023,3,Financial Services,2199,3850023.0
andaman-&-nicobar-islands,2023,3,Others,3183,2346918.0
andaman-&-nicobar-islands,2023,4,Merchant payments,2039888,1653303276.0
andaman-&-nicobar-islands,2023,4,Peer-to-peer payments,1321796,4420459049.0
andaman-&-nicobar-islands,2023,4,Recharge & bill payments,327460,185028400.0
andaman-&-nicobar-islands,2023,4,Financial Services,3276,7836466.0
andaman-&-nicobar-islands,2023,4,Others,3363,2925308.0
andaman-&-nicobar-islands,2024,1,Merchant payments,2401038,1887811915.0
andaman-&-nicobar-islands,2024,1,Peer-to-peer payments,1436380,4771886847.0
andaman-&-nicobar-islands,2024,1,Recharge & bill payments,341224,188939343.0
andaman-&-nicobar-islands,2024,1,Financial Services,3761,7962745.0
andaman-&-nicobar-islands,2024,1,Others,2517,2550985.0
andaman-&-nicobar-islands,2024,2,Merchant payments,2769052,2053269052.0
andaman-&-nicobar-islands,2024,2,Peer-to-peer payments,1513157,5033712226.0
andaman-&-nicobar-islands,2024,2,Recharge & bill payments,365214,196987648.0
andaman-&-nicobar-islands,2024,2,Financial Services,3371,9550750.0
andaman-&-nicobar-islands,2024,2,Others,2430,2260654.0
andaman-&-nicobar-islands,2024,3,Merchant payments,3158032,2132361939.0
andaman-&-nicobar-islands,2024,3,Peer-to-peer payments,1733054,5305660809.0
andaman-&-nicobar-islands,2024,3,Recharge & bill payments,382130,213105223.0
andaman-&-nicobar-islands,2024,3,Financial Services,4169,10756400.0
andaman-&-nicobar-islands,2024,3,Others,1865,1960638.0
andaman-&-nicobar-islands,2024,4,Merchant payments,3666060,2546601178.0
andaman-&-nicobar-islands,2024,4,Peer-to-peer payments,1993301,6142805445.0
andaman-&-nicobar-islands,2024,4,Recharge & bill payments,389318,214912264.0
andaman-&-nicobar-islands,2024,4,Financial Services,12889,12789955.0
andaman-&-nicobar-islands,2024,4,Others,2332,3835931.0
andhra-pradesh,2018,1,Recharge & bill payments,5027448,892293975.6698562
andhra-pradesh,2018,1,Peer-to-peer payments,3049646,10524250283.178782
andhra-pradesh,2018,1,Merchant payments,362672,247297640.24000686
andhra-pradesh,2018,1,Financial Services,204305,44808449.7639544
andhra-pradesh,2018,1,Others,395514,287626042.970705
andhra-pradesh,2018,2,Recharge & bill payments,6456387,1598591488.4880352
andhra-pradesh,2018,2,Peer-to-peer payments,4745000,20451493098.8953
andhra-pradesh,2018,2,Merchant payments,604847,436785223.86032957
andhra-pradesh,2018,2,Financial Services,225621,68952114.81374599
andhra-pradesh,2018,2,Others,322063,328092346.575651
andhra-pradesh,2018,3,Peer-to-peer payments,16129591,32738630444.668724
andhra-pradesh,2018,3,Recharge & bill payments,7542005,1949098146.8941927
andhra-pradesh,2018,3,Merchant payments,1225416,685277254.5076212
andhra-pradesh,2018,3,Financial Services,380324,60790077.57437308
andhra-pradesh,2018,3,Others,348725,284248675.5700202
andhra-pradesh,2018,4,Peer-to-peer payments,17580086,47011639726.13608
andhra-pradesh,2018,4,Recharge & bill payments,9767083,2418164314.470957
andhra-pradesh,2018,4,Merchant payments,2622131,1671585888.568256
andhra-pradesh,2018,4,Financial Services,400837,57178116.40322068
andhra-pradesh,2018,4,Others,389411,315211361.26249415
andhra-pradesh,2019,1,Peer-to-peer payments,37420988,77524329742.2595
andhra-pradesh,2019,1,Recharge & bill payments,14022264,3480641602.3771377
andhra-pradesh,2019,1,Merchant payments,5043682,2423536770.3706346
andhra-pradesh,2019,1,Financial Services,416325,47150177.52982048
andhra-pradesh,2019,1,Others,361263,284937624.5393019
andhra-pradesh,2019,2,Peer-to-peer payments,32494402,103924649232.47021
andhra-pradesh,2019,2,Recharge & bill payments,14093964,4708345387.9101095
andhra-pradesh,2019,2,Merchant payments,9226537,4613405202.681959
andhra-pradesh,2019,2,Financial Services,145310,26626696.771042537
andhra-pradesh,2019,2,Others,448802,361492238.3966455
andhra-pradesh,2019,3,Peer-to-peer payments,39023491,124338645329.51532
andhra-pradesh,2019,3,Recharge & bill payments,20147629,6893984676.598906
andhra-pradesh,2019,3,Merchant payments,16581787,7887394038.066369
andhra-pradesh,2019,3,Financial Services,122270,29778183.027080443
andhra-pradesh,2019,3,Others,413437,298142027.58625776
andhra-pradesh,2019,4,Peer-to-peer payments,57181511,178893550050.68753
andhra-pradesh,2019,4,Merchant payments,25122370,13476303367.50486
andhra-pradesh,2019,4,Recharge & bill payments,24469888,8335168605.691999
andhra-pradesh,2019,4,Financial Services,105662,26796571.745749153
andhra-pradesh,2019,4,Others,338672,216496893.16102877
andhra-pradesh,2020,1,Peer-to-peer payments,65452143,223088554055.04755
andhra-pradesh,2020,1,Merchant payments,31408022,18603161784.496994
andhra-pradesh,2020,1,Recharge & bill payments,30449644,10813530777.973532
andhra-pradesh,2020,1,Financial Services,75238,43739133.169823855
andhra-pradesh,2020,1,Others,292310,188228538.37489766
andhra-pradesh,2020,2,Peer-to-peer payments,73609921,262731724130.7907
andhra-pradesh,2020,2,Recharge & bill payments,41013987,16991006436.573467
andhra-pradesh,2020,2,Merchant payments,29976765,22625596525.44269
andhra-pradesh,2020,2,Financial Services,140941,145274999.15679634
andhra-pradesh,2020,2,Others,176241,90087654.60009979
andhra-pradesh,2020,3,Peer-to-peer payments,106791894,406461788252.32056
andhra-pradesh,2020,3,Merchant payments,54055557,40739580213.86052
andhra-pradesh,2020,3,Recharge & bill payments,43500067,19475104674.827175
andhra-pradesh,2020,3,Financial Services,243088,256074924.7187529
andhra-pradesh,2020,3,Others,312329,151582519.18136686
andhra-pradesh,2020,4,Peer-to-peer payments,152003791,566639138543.7708
andhra-pradesh,2020,4,Merchant payments,86581460,66654048149.95168
andhra-pradesh,2020,4,Recharge & bill payments,46810304,20936337211.557747
andhra-pradesh,2020,4,Financial Services,265470,305168772.45601684
andhra-pradesh,2020,4,Others,457527,306853355.59473807
andhra-pradesh,2021,1,Peer-to-peer payments,149313738,580542193013.0018
andhra-pradesh,2021,1,Merchant payments,97920281,70813192713.43477
andhra-pradesh,2021,1,Recharge & bill payments,41940689,20546424964.14482
andhra-pradesh,2021,1,Financial Services,225355,270313028.48452014
andhra-pradesh,2021,1,Others,347907,272546457.5502677
andhra-pradesh,2021,2,Peer-to-peer payments,189614879,737004484057.439
andhra-pradesh,2021,2,Merchant payments,112875274,88512429436.91248
andhra-pradesh,2021,2,Recharge & bill payments,49626902,24646800345.106976
andhra-pradesh,2021,2,Financial Services,243237,265483044.40124667
andhra-pradesh,2021,2,Others,406842,308302224.3856007
andhra-pradesh,2021,3,Peer-to-peer payments,221280317,837841124664.307
andhra-pradesh,2021,3,Merchant payments,158290953,118164377968.16754
andhra-pradesh,2021,3,Recharge & bill payments,51702350,27511344958.24361
andhra-pradesh,2021,3,Financial Services,211171,297239697.83073866
andhra-pradesh,2021,3,Others,547759,403948275.56756073
andhra-pradesh,2021,4,Peer-to-peer payments,262006450,971269765249.1282
andhra-pradesh,2021,4,Merchant payments,207538904,152883933596.5386
andhra-pradesh,2021,4,Recharge & bill payments,51762842,31232784713.985794
andhra-pradesh,2021,4,Financial Services,243951,332740108.6635881
andhra-pradesh,2021,4,Others,701856,545223415.6638832
andhra-pradesh,2022,1,Peer-to-peer payments,288488560,1089629182596.4781
andhra-pradesh,2022,1,Merchant payments,242031836,169419685917.19562
andhra-pradesh,2022,1,Recharge & bill payments,51224170,34473036841.83001
andhra-pradesh,2022,1,Financial Services,231651,324358965.11859065
andhra-pradesh,2022,1,Others,627694,474382234.25397474
andhra-pradesh,2022,2,Peer-to-peer payments,321362337,1231408926513.7114
andhra-pradesh,2022,2,Merchant payments,292530048,205433660654.20898
andhra-pradesh,2022,2,Recharge & bill payments,56606969,42408541939.06145
andhra-pradesh,2022,2,Financial Services,192751,245783011.04455262
andhra-pradesh,2022,2,Others,441925,357036084.9071137
andhra-pradesh,2022,3,Peer-to-peer payments,298804000,1140164525892.7397
andhra-pradesh,2022,3,Merchant payments,291033653,202910820650.0824
andhra-pradesh,2022,3,Recharge & bill payments,52467708,41438764826.20322
andhra-pradesh,2022,3,Financial Services,187190,239347241.54655045
andhra-pradesh,2022,3,Others,362484,323951101.5715289
andhra-pradesh,2022,4,Merchant payments,321632104,211898851397.09848
andhra-pradesh,2022,4,Peer-to-peer payments,315734006,1170249585983.0112
andhra-pradesh,2022,4,Recharge & bill payments,52098850,41986837706.47902
andhra-pradesh,2022,4,Financial Services,206459,250596592.06465048
andhra-pradesh,2022,4,Others,345658,339211363.0027188
andhra-pradesh,2023,1,Merchant payments,540680395,311606731877.0
andhra-pradesh,2023,1,Peer-to-peer payments,514931308,1857818168755.0
andhra-pradesh,2023,1,Recharge & bill payments,89143939,78817989795.0
andhra-pradesh,2023,1,Financial Services,288150,331233097.0
andhra-pradesh,2023,1,Others,488672,477193006.0
andhra-pradesh,2023,2,Merchant payments,634303064,349602824539.0
andhra-pradesh,2023,2,Peer-to-peer payments,573455382,2067288068882.0
andhra-pradesh,2023,2,Recharge & bill payments,97202487,88352183038.0
andhra-pradesh,2023,2,Financial Services,316533,386071375.0
andhra-pradesh,2023,2,Others,379498,409939082.0
andhra-pradesh,2023,3,Merchant payments,750265405,395042164275.0
andhra-pradesh,2023,3,Peer-to-peer payments,623202203,2163464730936.0
andhra-pradesh,2023,3,Recharge & bill payments,101000645,94077774967.0
andhra-pradesh,2023,3,Financial Services,361584,466791218.0
andhra-pradesh,2023,3,Others,334566,362636702.0
andhra-pradesh,2023,4,Merchant payments,822516631,427677236042.0
andhra-pradesh,2023,4,Peer-to-peer payments,673002314,2270766948881.0
andhra-pradesh,2023,4,Recharge & bill payments,100733697,103186953776.0
andhra-pradesh,2023,4,Financial Services,431705,535202901.0
andhra-pradesh,2023,4,Others,303079,348636223.0
andhra-pradesh,2024,1,Merchant payments,926373997,468462542792.0
andhra-pradesh,2024,1,Peer-to-peer payments,721764113,2436665736212.0
andhra-pradesh,2024,1,Recharge & bill payments,106564415,106646957337.0
andhra-pradesh,2024,1,Financial Services,427720,634184211.0
andhra-pradesh,2024,1,Others,298240,316249197.0
andhra-pradesh,2024,2,Merchant payments,1068247800,526363160284.0
andhra-pradesh,2024,2,Peer-to-peer payments,748553253,2545133436133.0
andhra-pradesh,2024,2,Recharge & bill payments,112475183,109301693605.0
andhra-pradesh,2024,2,Financial Services,558924,799915709.0
andhra-pradesh,2024,2,Others,287140,324214357.0
andhra-pradesh,2024,3,Merchant payments,1186825685,569822447748.0
andhra-pradesh,2024,3,Peer-to-peer payments,802972632,2555369227206.0
andhra-pradesh,2024,3,Recharge & bill payments,100644574,100291968047.0
andhra-pradesh,2024,3,Financial Services,633983,857014703.0
andhra-pradesh,2024,3,Others,294488,304949785.0
andhra-pradesh,2024,4,Merchant payments,1319061337,622805238380.0
andhra-pradesh,2024,4,Peer-to-peer payments,872917507,2723665407515.0
andhra-pradesh,2024,4,Recharge & bill payments,101888917,104194996949.0
andhra-pradesh,2024,4,Financial Services,2255721,977916755.0
andhra-pradesh,2024,4,Others,322062,372009367.0
arunachal-pradesh,2018,1,Recharge & bill payments,28729,5184132.514934338
arunachal-pradesh,2018,1,Peer-to-peer payments,13320,82889682.72418305
arunachal-pradesh,2018,1,Merchant payments,1042,2420374.1905855755
arunachal-pradesh,2018,1,Financial Services,416,58893.76201533088
arunachal-pradesh,2018,1,Others,1990,1834252.8176908877
arunachal-pradesh,2018,2,Recharge & bill payments,50700,10468878.537107183
arunachal-pradesh,2018,2,Peer-to-peer payments,26477,181576281.19464755
arunachal-pradesh,2018,2,Merchant payments,2378,4718953.439561011
arunachal-pradesh,2018,2,Financial Services,559,363761.80159549194
arunachal-pradesh,2018,2,Others,2043,1842317.3691352482
arunachal-pradesh,2018,3,Recharge & bill payments,74122,15997565.906016497
arunachal-pradesh,2018,3,Peer-to-peer payments,49740,308106303.45342577
arunachal-pradesh,2018,3,Merchant payments,4738,5505694.567913429
arunachal-pradesh,2018,3,Financial Services,507,72133.845254878
arunachal-pradesh,2018,3,Others,2039,2044708.9687807972
arunachal-pradesh,2018,4,Recharge & bill payments,97751,20662691.882313278
arunachal-pradesh,2018,4,Peer-to-peer payments,68169,468831493.2328036
arunachal-pradesh,2018,4,Merchant payments,7726,11998974.1040326
arunachal-pradesh,2018,4,Financial Services,561,100597.90379906222
arunachal-pradesh,2018,4,Others,2222,2446271.9688117937
arunachal-pradesh,2019,1,Recharge & bill payments,121303,26796894.998233315
arunachal-pradesh,2019,1,Peer-to-peer payments,93494,568554821.4456317
arunachal-pradesh,2019,1,Merchant payments,9214,11727218.401334248
arunachal-pradesh,2019,1,Financial Services,256,140622.87093631705
arunachal-pradesh,2019,1,Others,2239,2730548.5978140826
arunachal-pradesh,2019,2,Recharge & bill payments,131988,30420803.41271234
arunachal-pradesh,2019,2,Peer-to-peer payments,106527,704237943.4054435
arunachal-pradesh,2019,2,Merchant payments,16828,13955724.130712911
arunachal-pradesh,2019,2,Financial Services,267,160660.8821362781
arunachal-pradesh,2019,2,Others,3046,3880742.524023137
arunachal-pradesh,2019,3,Recharge & bill payments,216228,50946104.94289842
arunachal-pradesh,2019,3,Peer-to-peer payments,133484,841037395.2474606
arunachal-pradesh,2019,3,Merchant payments,16900,17178248.07427002
arunachal-pradesh,2019,3,Financial Services,864,64089.11350267195
arunachal-pradesh,2019,3,Others,2758,3419197.4177385764
arunachal-pradesh,2019,4,Recharge & bill payments,259183,63516906.09060433
arunachal-pradesh,2019,4,Peer-to-peer payments,177833,1100137447.9340453
arunachal-pradesh,2019,4,Merchant payments,19769,23192271.691576812
arunachal-pradesh,2019,4,Financial Services,314,305379.7987782319
arunachal-pradesh,2019,4,Others,2376,3421174.01227797
arunachal-pradesh,2020,1,Recharge & bill payments,329834,86011654.77474582
arunachal-pradesh,2020,1,Peer-to-peer payments,203429,1263912288.4066367
arunachal-pradesh,2020,1,Merchant payments,31181,28553052.133918796
arunachal-pradesh,2020,1,Financial Services,470,337812.94816169393
arunachal-pradesh,2020,1,Others,2261,2943873.0666838237
arunachal-pradesh,2020,2,Recharge & bill payments,522495,145198528.22961134
arunachal-pradesh,2020,2,Peer-to-peer payments,247861,1630654426.0441835
arunachal-pradesh,2020,2,Merchant payments,35169,46446966.612447515
arunachal-pradesh,2020,2,Financial Services,1310,2655507.6964110374
arunachal-pradesh,2020,2,Others,1939,1761404.4023099935
arunachal-pradesh,2020,3,Recharge & bill payments,514907,153463816.21184397
arunachal-pradesh,2020,3,Peer-to-peer payments,370418,2361603431.37578
arunachal-pradesh,2020,3,Merchant payments,72736,88145178.69272713
arunachal-pradesh,2020,3,Financial Services,1761,4030599.9171272423
arunachal-pradesh,2020,3,Others,3005,2695539.3607389224
arunachal-pradesh,2020,4,Peer-to-peer payments,522019,3254744938.4105625
arunachal-pradesh,2020,4,Recharge & bill payments,513895,152389181.21743062
arunachal-pradesh,2020,4,Merchant payments,167387,156682926.02384603
arunachal-pradesh,2020,4,Financial Services,1749,2391651.8783250954
arunachal-pradesh,2020,4,Others,4079,4055324.315454754
arunachal-pradesh,2021,1,Peer-to-peer payments,566209,3460488558.9436507
arunachal-pradesh,2021,1,Recharge & bill payments,450649,142358376.9003836
arunachal-pradesh,2021,1,Merchant payments,155966,204958020.0891498
arunachal-pradesh,2021,1,Financial Services,1558,2672460.4740365944
arunachal-pradesh,2021,1,Others,3074,3301662.6094231335
arunachal-pradesh,2021,2,Peer-to-peer payments,762946,4000960152.0755496
arunachal-pradesh,2021,2,Recharge & bill payments,556680,165579844.25105897
arunachal-pradesh,2021,2,Merchant payments,243375,283709438.5363142
arunachal-pradesh,2021,2,Financial Services,1582,2761076.7934988844
arunachal-pradesh,2021,2,Others,3755,3415105.3379601175
arunachal-pradesh,2021,3,Peer-to-peer payments,986088,5033603845.032885
arunachal-pradesh,2021,3,Recharge & bill payments,600102,187390578.30403775
arunachal-pradesh,2021,3,Merchant payments,314658,449869060.7842621
arunachal-pradesh,2021,3,Financial Services,1934,3348547.8272713376
arunachal-pradesh,2021,3,Others,4185,3912143.3503634185
arunachal-pradesh,2021,4,Peer-to-peer payments,1227616,6022733378.120082
arunachal-pradesh,2021,4,Recharge & bill payments,633248,207784816.33218512
arunachal-pradesh,2021,4,Merchant payments,521447,704195694.9939187
arunachal-pradesh,2021,4,Financial Services,2386,3933557.2795471298
arunachal-pradesh,2021,4,Others,5901,4862905.885615055
arunachal-pradesh,2022,1,Peer-to-peer payments,1403584,6670641250.45945
arunachal-pradesh,2022,1,Merchant payments,720803,917155358.7177179
arunachal-pradesh,2022,1,Recharge & bill payments,670576,231933129.00412333
arunachal-pradesh,2022,1,Financial Services,3053,3359625.792926075
arunachal-pradesh,2022,1,Others,6052,5002264.113148138
arunachal-pradesh,2022,2,Peer-to-peer payments,1751568,7627061474.687715
arunachal-pradesh,2022,2,Merchant payments,1108353,1255513517.3639429
arunachal-pradesh,2022,2,Recharge & bill payments,688770,241162643.19480157
arunachal-pradesh,2022,2,Financial Services,2466,4063469.0998270046
arunachal-pradesh,2022,2,Others,5768,3864269.879579009
arunachal-pradesh,2022,3,Peer-to-peer payments,1967086,7365427284.274204
arunachal-pradesh,2022,3,Merchant payments,1316326,1413247143.4889917
arunachal-pradesh,2022,3,Recharge & bill payments,649322,238448083.80779752
arunachal-pradesh,2022,3,Financial Services,1997,4763324.776043448
arunachal-pradesh,2022,3,Others,4687,3224948.7015704075
arunachal-pradesh,2022,4,Peer-to-peer payments,2251135,7768088687.67791
arunachal-pradesh,2022,4,Merchant payments,1704968,1669602212.9174638
arunachal-pradesh,2022,4,Recharge & bill payments,669151,239412553.61214688
arunachal-pradesh,2022,4,Financial Services,2617,3785469.3993366556
arunachal-pradesh,2022,4,Others,4838,4020773.8953960314
arunachal-pradesh,2023,1,Peer-to-peer payments,3879583,13170741327.0
arunachal-pradesh,2023,1,Merchant payments,2922784,2802762028.0
arunachal-pradesh,2023,1,Recharge & bill payments,1229475,409663161.0
arunachal-pradesh,2023,1,Financial Services,4142,6310412.0
arunachal-pradesh,2023,1,Others,6841,5101526.0
arunachal-pradesh,2023,2,Peer-to-peer payments,4883817,15695323405.0
arunachal-pradesh,2023,2,Merchant payments,4091876,3651614280.0
arunachal-pradesh,2023,2,Recharge & bill payments,1374689,447452168.0
arunachal-pradesh,2023,2,Financial Services,3392,5815474.0
arunachal-pradesh,2023,2,Others,6714,5493337.0
arunachal-pradesh,2023,3,Peer-to-peer payments,5889357,16351752522.0
arunachal-pradesh,2023,3,Merchant payments,5451474,4277046551.0
arunachal-pradesh,2023,3,Recharge & bill payments,1450780,482412481.0
arunachal-pradesh,2023,3,Financial Services,4825,11365670.0
arunachal-pradesh,2023,3,Others,5997,4813862.0
arunachal-pradesh,2023,4,Peer-to-peer payments,6678381,18554712209.0
arunachal-pradesh,2023,4,Merchant payments,6435278,5043099494.0
arunachal-pradesh,2023,4,Recharge & bill payments,1491471,515181105.0
arunachal-pradesh,2023,4,Financial Services,5573,11079378.0
arunachal-pradesh,2023,4,Others,7039,4727608.0
arunachal-pradesh,2024,1,Merchant payments,7491171,5669482843.0
arunachal-pradesh,2024,1,Peer-to-peer payments,7238315,19793142980.0
arunachal-pradesh,2024,1,Recharge & bill payments,1664938,568014875.0
arunachal-pradesh,2024,1,Financial Services,6408,13072238.0
arunachal-pradesh,2024,1,Others,5582,3331540.0
arunachal-pradesh,2024,2,Merchant payments,9567105,6815204405.0
arunachal-pradesh,2024,2,Peer-to-peer payments,8120757,22271137791.0
arunachal-pradesh,2024,2,Recharge & bill payments,1776684,595957635.0
arunachal-pradesh,2024,2,Financial Services,7896,20769976.0
arunachal-pradesh,2024,2,Others,5930,3281823.0
arunachal-pradesh,2024,3,Merchant payments,12464040,7709848647.0
arunachal-pradesh,2024,3,Peer-to-peer payments,10083155,23214155044.0
arunachal-pradesh,2024,3,Recharge & bill payments,1886589,653172013.0
arunachal-pradesh,2024,3,Financial Services,8170,21220623.0
arunachal-pradesh,2024,3,Others,5188,3560378.0
arunachal-pradesh,2024,4,Merchant payments,14117429,8515314488.0
arunachal-pradesh,2024,4,Peer-to-peer payments,10758583,25848886063.0
arunachal-pradesh,2024,4,Recharge & bill payments,1886780,695358159.0
arunachal-pradesh,2024,4,Financial Services,25593,16838759.0
arunachal-pradesh,2024,4,Others,5072,3489404.0
assam,2018,1,Recharge & bill payments,632092,93491181.14056379
assam,2018,1,Peer-to-peer payments,318025,993525195.9818655
assam,2018,1,Merchant payments,40482,34501622.89266755
assam,2018,1,Financial Services,18172,4936862.200688562
assam,2018,1,Others,48110,31349593.99668264
assam,2018,2,Recharge & bill payments,984160,174427478.21340805
assam,2018,2,Peer-to-peer payments,530781,2064314053.1339972
assam,2018,2,Merchant payments,79307,73366344.80739225
assam,2018,2,Financial Services,22773,7051504.657611102
assam,2018,2,Others,46852,31425754.725386057
assam,2018,3,Recharge & bill payments,1275136,254569069.32411742
assam,2018,3,Peer-to-peer payments,843571,3424136709.5088205
assam,2018,3,Merchant payments,159532,96783839.37466942
assam,2018,3,Financial Services,22677,4741123.821880115
assam,2018,3,Others,50935,30904247.884785894
assam,2018,4,Recharge & bill payments,1703488,317661277.3470997
assam,2018,4,Peer-to-peer payments,1279089,5284776455.070784
assam,2018,4,Merchant payments,667293,240563395.2777939
assam,2018,4,Financial Services,28035,6331912.52655252
assam,2018,4,Others,56267,38689818.79087821
assam,2019,1,Recharge & bill payments,1993220,400281677.94382846
assam,2019,1,Peer-to-peer payments,1976310,7291433300.700247
assam,2019,1,Merchant payments,494871,266644645.74929428
assam,2019,1,Financial Services,20162,4612454.1127945455
assam,2019,1,Others,48442,39127457.944687635
assam,2019,2,Recharge & bill payments,2512932,539315772.8606573
assam,2019,2,Peer-to-peer payments,2293770,10035232820.852964
assam,2019,2,Merchant payments,573646,326844709.5879724
assam,2019,2,Financial Services,13654,4037222.414240564
assam,2019,2,Others,60927,49538663.41037582
assam,2019,3,Peer-to-peer payments,2713539,11835800855.176552
assam,2019,3,Recharge & bill payments,2645302,639885372.7480905
assam,2019,3,Merchant payments,513728,421380275.4207429
assam,2019,3,Financial Services,8606,6403456.344768786
assam,2019,3,Others,61396,46973660.73634353
assam,2019,4,Peer-to-peer payments,3222143,14083346879.361855
assam,2019,4,Recharge & bill payments,2937800,704118873.972094
assam,2019,4,Merchant payments,544053,456318130.082201
assam,2019,4,Financial Services,9621,3492255.0860687294
assam,2019,4,Others,46893,34707757.009855896
assam,2020,1,Peer-to-peer payments,4058740,18977446151.768826
assam,2020,1,Recharge & bill payments,3897975,971722606.1579468
assam,2020,1,Merchant payments,792646,675423852.9512749
assam,2020,1,Financial Services,10173,7054325.507515656
assam,2020,1,Others,49326,36781411.34368035
assam,2020,2,Recharge & bill payments,6045321,1612522828.7163475
assam,2020,2,Peer-to-peer payments,3648386,17358374071.26616
assam,2020,2,Merchant payments,742400,749018053.2400584
assam,2020,2,Financial Services,19814,18130004.687672265
assam,2020,2,Others,49278,28255168.009208795
assam,2020,3,Peer-to-peer payments,5637893,26646565777.43919
assam,2020,3,Recharge & bill payments,5292154,1627282415.9451878
assam,2020,3,Merchant payments,1383230,1492484153.3873158
assam,2020,3,Financial Services,24954,28452966.026372254
assam,2020,3,Others,59480,36605946.74600269
assam,2020,4,Peer-to-peer payments,7538478,36013292450.814384
assam,2020,4,Recharge & bill payments,5383505,1662189124.4177454
assam,2020,4,Merchant payments,2392184,2466913305.59039
assam,2020,4,Financial Services,29764,32314809.975261033
assam,2020,4,Others,79523,51901628.46643049
assam,2021,1,Peer-to-peer payments,9449096,45476079487.10464
assam,2021,1,Recharge & bill payments,6494111,2103017761.546533
assam,2021,1,Merchant payments,3459132,3657261586.2001615
assam,2021,1,Financial Services,34049,41291047.3832124
assam,2021,1,Others,75672,48814663.88782827
assam,2021,2,Peer-to-peer payments,11668399,51521387890.61253
assam,2021,2,Recharge & bill payments,9058005,2657676415.2458973
assam,2021,2,Merchant payments,4562669,4914753140.040101
assam,2021,2,Financial Services,49671,46106001.498141706
assam,2021,2,Others,94161,52549929.267157935
assam,2021,3,Peer-to-peer payments,15617592,64131823895.235466
assam,2021,3,Recharge & bill payments,10284267,3248364164.1984267
assam,2021,3,Merchant payments,7431371,8208706348.034584
assam,2021,3,Financial Services,39479,43889820.495989755
assam,2021,3,Others,131732,67715045.34317216
assam,2021,4,Peer-to-peer payments,21393962,86801625126.53499
assam,2021,4,Merchant payments,12895755,13378765005.905182
assam,2021,4,Recharge & bill payments,11484376,3842004488.3733196
assam,2021,4,Financial Services,60724,65456475.826191336
assam,2021,4,Others,185544,97116796.57575196
assam,2022,1,Peer-to-peer payments,27156085,108855352347.44865
assam,2022,1,Merchant payments,19011883,18833132506.022354
assam,2022,1,Recharge & bill payments,12474674,4424035840.366192
assam,2022,1,Financial Services,68432,73257991.39188361
assam,2022,1,Others,178812,94659207.47378007
assam,2022,2,Peer-to-peer payments,33879530,123829913105.31845
assam,2022,2,Merchant payments,28377534,24333260089.826862
assam,2022,2,Recharge & bill payments,13858113,4814695679.877083
assam,2022,2,Financial Services,50785,55549153.74320389
assam,2022,2,Others,168763,77624058.0178437
assam,2022,3,Peer-to-peer payments,37000266,127264703851.96637
assam,2022,3,Merchant payments,34935460,28789992307.161205
assam,2022,3,Recharge & bill payments,13974568,5295136932.037907
assam,2022,3,Financial Services,65066,62882386.459812224
assam,2022,3,Others,138451,76363577.27323309
assam,2022,4,Peer-to-peer payments,44828832,150693397669.18314
assam,2022,4,Merchant payments,43605784,36033810141.574844
assam,2022,4,Recharge & bill payments,15344794,5773980885.270762
assam,2022,4,Financial Services,74414,75960367.91633397
assam,2022,4,Others,127443,76370123.60102956
assam,2023,1,Merchant payments,48987048,39416860194.0
assam,2023,1,Peer-to-peer payments,48461200,166509153749.0
assam,2023,1,Recharge & bill payments,16113464,6266406177.0
assam,2023,1,Financial Services,82270,86978703.0
assam,2023,1,Others,116656,74768264.0
assam,2023,2,Merchant payments,62403711,45515248236.0
assam,2023,2,Peer-to-peer payments,57852989,182809282981.0
assam,2023,2,Recharge & bill payments,17858409,6631355080.0
assam,2023,2,Financial Services,81172,84797972.0
assam,2023,2,Others,94672,70104514.0
assam,2023,3,Merchant payments,82126315,51533166362.0
assam,2023,3,Peer-to-peer payments,66737077,185030502675.0
assam,2023,3,Recharge & bill payments,18524152,7310558505.0
assam,2023,3,Financial Services,105975,118529318.0
assam,2023,3,Others,81832,65257542.0
assam,2023,4,Merchant payments,95438754,60513904505.0
assam,2023,4,Peer-to-peer payments,79797949,216875937740.0
assam,2023,4,Recharge & bill payments,18323202,8011077428.0
assam,2023,4,Financial Services,119386,142552746.0
assam,2023,4,Others,72866,60164512.0
assam,2024,1,Merchant payments,110124616,68499650021.0
assam,2024,1,Peer-to-peer payments,90992228,244008762377.0
assam,2024,1,Recharge & bill payments,20239264,8488075878.0
assam,2024,1,Financial Services,102326,135951454.0
assam,2024,1,Others,66622,51466300.0
assam,2024,2,Merchant payments,143699277,78145261323.0
assam,2024,2,Peer-to-peer payments,105356010,258191846219.0
assam,2024,2,Recharge & bill payments,22086844,8765311662.0
assam,2024,2,Financial Services,120443,151366643.0
assam,2024,2,Others,64513,54884363.0
assam,2024,3,Merchant payments,161259693,79570459117.0
assam,2024,3,Peer-to-peer payments,112031342,244082572337.0
assam,2024,3,Recharge & bill payments,21850799,9670483722.0
assam,2024,3,Financial Services,131635,175945223.0
assam,2024,3,Others,72122,58848151.0
assam,2024,4,Merchant payments,181752000,90150626448.0
assam,2024,4,Peer-to-peer payments,129207094,282320195685.0
assam,2024,4,Recharge & bill payments,20970477,10067635906.0
assam,2024,4,Financial Services,438162,173496870.0
assam,2024,4,Others,73798,74451050.0
bihar,2018,1,Recharge & bill payments,3159922,375559206.7727593
bihar,2018,1,Peer-to-peer payments,2052089,5295346761.45083
bihar,2018,1,Financial Services,194295,33999413.87739952
bihar,2018,1,Merchant payments,138885,139827755.73655012
bihar,2018,1,Others,279111,201025034.17960182
bihar,2018,2,Recharge & bill payments,4346849,700649777.0602969
bihar,2018,2,Peer-to-peer payments,3447898,12141448845.077621
bihar,2018,2,Merchant payments,311487,318571872.8216527
bihar,2018,2,Financial Services,267433,45332532.096432865
bihar,2018,2,Others,258711,300128082.6160458
bihar,2018,3,Peer-to-peer payments,8893764,18695889187.89432
bihar,2018,3,Recharge & bill payments,4401439,804061398.5166465
bihar,2018,3,Merchant payments,586862,367608510.7261781
bihar,2018,3,Financial Services,274510,33276460.45213346
bihar,2018,3,Others,211229,234968821.31206354
bihar,2018,4,Peer-to-peer payments,8094296,26224303882.80399
bihar,2018,4,Recharge & bill payments,5469096,986310785.0093702
bihar,2018,4,Merchant payments,1680664,848968693.0665624
bihar,2018,4,Financial Services,237247,36199427.51318769
bihar,2018,4,Others,251098,302214380.18458414
bihar,2019,1,Peer-to-peer payments,16807040,38824078062.32093
bihar,2019,1,Recharge & bill payments,7036367,1333688182.5386746
bihar,2019,1,Merchant payments,2055267,1024996999.5279309
bihar,2019,1,Financial Services,204689,28599535.734409343
bihar,2019,1,Others,252871,291464734.4043106
bihar,2019,2,Peer-to-peer payments,15837449,58381285240.80835
bihar,2019,2,Recharge & bill payments,9279442,1996804238.2749753
bihar,2019,2,Merchant payments,4365465,2308145849.844257
bihar,2019,2,Financial Services,129603,63338108.53755434
bihar,2019,2,Others,348520,382864846.0767575
bihar,2019,3,Peer-to-peer payments,15446119,61831776093.09613
bihar,2019,3,Recharge & bill payments,9115040,2140566974.705637
bihar,2019,3,Merchant payments,7206001,3413490288.3137074
bihar,2019,3,Financial Services,89997,20145460.42764103
bihar,2019,3,Others,282743,286804437.7358033
bihar,2019,4,Peer-to-peer payments,26337842,86340631422.24606
bihar,2019,4,Recharge & bill payments,11358597,2649616529.830146
bihar,2019,4,Merchant payments,5519582,4177574379.0405855
bihar,2019,4,Financial Services,100192,18815964.761792127
bihar,2019,4,Others,214101,126788281.9306988
bihar,2020,1,Peer-to-peer payments,23163922,99873688132.9031
bihar,2020,1,Recharge & bill payments,13837430,3680590624.9006104
bihar,2020,1,Merchant payments,7822567,5562692116.5708065
bihar,2020,1,Financial Services,57233,23954789.407903705
bihar,2020,1,Others,200663,115927863.46366584
bihar,2020,2,Peer-to-peer payments,26572651,116244368941.33606
bihar,2020,2,Recharge & bill payments,19522564,5642294772.453551
bihar,2020,2,Merchant payments,7011681,6760404421.62296
bihar,2020,2,Financial Services,73119,54077813.2606806
bihar,2020,2,Others,206727,105377680.17075577
bihar,2020,3,Peer-to-peer payments,37294332,153664683751.53278
bihar,2020,3,Recharge & bill payments,19027978,6313780616.601829
bihar,2020,3,Merchant payments,14777337,13111735855.02769
bihar,2020,3,Financial Services,104135,81355476.16367023
bihar,2020,3,Others,299966,157309412.49242482
bihar,2020,4,Peer-to-peer payments,49432098,208484557891.42865
bihar,2020,4,Merchant payments,26750991,23185594534.30522
bihar,2020,4,Recharge & bill payments,19908687,6926960996.688756
bihar,2020,4,Financial Services,119416,100785736.00790763
bihar,2020,4,Others,380481,207713978.04223877
bihar,2021,1,Peer-to-peer payments,58566582,242013312361.31104
bihar,2021,1,Merchant payments,33959313,30171144593.369873
bihar,2021,1,Recharge & bill payments,21974086,8505455545.448764
bihar,2021,1,Financial Services,124277,112949858.25028673
bihar,2021,1,Others,308219,170787342.8481179
bihar,2021,2,Peer-to-peer payments,78694099,319758683264.15344
bihar,2021,2,Merchant payments,44686786,43458914639.77138
bihar,2021,2,Recharge & bill payments,31646149,11030849713.502428
bihar,2021,2,Financial Services,149791,116086345.91301711
bihar,2021,2,Others,426797,215721223.2386405
bihar,2021,3,Peer-to-peer payments,92785704,331514102784.2631
bihar,2021,3,Merchant payments,64094961,53849745604.9643
bihar,2021,3,Recharge & bill payments,30081746,11327303470.019915
bihar,2021,3,Financial Services,135748,130349071.61901987
bihar,2021,3,Others,572954,241260025.54569885
bihar,2021,4,Peer-to-peer payments,117340712,423665098014.2792
bihar,2021,4,Merchant payments,95992559,81729122295.53772
bihar,2021,4,Recharge & bill payments,30824177,13438634948.212643
bihar,2021,4,Financial Services,186298,173358268.82083318
bihar,2021,4,Others,783199,365400541.9114517
bihar,2022,1,Peer-to-peer payments,138085265,500024806542.69324
bihar,2022,1,Merchant payments,114892163,95507710275.50963
bihar,2022,1,Recharge & bill payments,30545266,15431605247.390364
bihar,2022,1,Financial Services,169722,148088975.22896564
bihar,2022,1,Others,698018,299484690.3236611
bihar,2022,2,Peer-to-peer payments,164119431,610448610667.7207
bihar,2022,2,Merchant payments,158289353,126423430586.42947
bihar,2022,2,Recharge & bill payments,36950622,17225668601.948982
bihar,2022,2,Financial Services,124199,116203820.91131489
bihar,2022,2,Others,661424,247541289.12967217
bihar,2022,3,Merchant payments,198273336,137873615624.72937
bihar,2022,3,Peer-to-peer payments,192304951,632747186972.1919
bihar,2022,3,Recharge & bill payments,46044353,20417791249.028316
bihar,2022,3,Financial Services,179533,161987346.1868727
bihar,2022,3,Others,565212,245905365.7791165
bihar,2022,4,Merchant payments,243777692,172924170171.63205
bihar,2022,4,Peer-to-peer payments,225487662,739870172148.0806
bihar,2022,4,Recharge & bill payments,47054083,22729599211.247635
bihar,2022,4,Financial Services,205989,199208429.5113938
bihar,2022,4,Others,559223,288999714.3604311
bihar,2023,1,Merchant payments,251601655,175053265606.0
bihar,2023,1,Peer-to-peer payments,245677870,836428049163.0
bihar,2023,1,Recharge & bill payments,49781169,27372239431.0
bihar,2023,1,Financial Services,194601,158138446.0
bihar,2023,1,Others,575900,265267298.0
bihar,2023,2,Merchant payments,330603039,214402873623.0
bihar,2023,2,Peer-to-peer payments,293616270,980139698305.0
bihar,2023,2,Recharge & bill payments,58928748,31064849666.0
bihar,2023,2,Financial Services,211722,190366037.0
bihar,2023,2,Others,573315,248957759.0
bihar,2023,3,Merchant payments,361940401,206648202575.0
bihar,2023,3,Peer-to-peer payments,311779356,908446322767.0
bihar,2023,3,Recharge & bill payments,59732275,32565513931.0
bihar,2023,3,Financial Services,270376,277782677.0
bihar,2023,3,Others,516343,215541416.0
bihar,2023,4,Merchant payments,466122317,273626740927.0
bihar,2023,4,Peer-to-peer payments,394813298,1121442567078.0
bihar,2023,4,Recharge & bill payments,62582448,39095012665.0
bihar,2023,4,Financial Services,333579,342560013.0
bihar,2023,4,Others,575632,228927732.0
bihar,2024,1,Merchant payments,548896156,316662638999.0
bihar,2024,1,Peer-to-peer payments,456038110,1275205176229.0
bihar,2024,1,Recharge & bill payments,73038449,45243630428.0
bihar,2024,1,Financial Services,295689,411700201.0
bihar,2024,1,Others,466379,213719039.0
bihar,2024,2,Merchant payments,703589936,385479716519.0
bihar,2024,2,Peer-to-peer payments,529387475,1452390033678.0
bihar,2024,2,Recharge & bill payments,80054155,48206932392.0
bihar,2024,2,Financial Services,386397,523080064.0
bihar,2024,2,Others,470422,246802023.0
bihar,2024,3,Merchant payments,730368233,370788705611.0
bihar,2024,3,Peer-to-peer payments,547897786,1358253139121.0
bihar,2024,3,Recharge & bill payments,73819834,50382123046.0
bihar,2024,3,Financial Services,458793,630950534.0
bihar,2024,3,Others,331577,225555027.0
bihar,2024,4,Merchant payments,843136457,451257296266.0
bihar,2024,4,Peer-to-peer payments,641971705,1592038209091.0
bihar,2024,4,Recharge & bill payments,72565377,54638087933.0
bihar,2024,4,Financial Services,1670253,714133013.0
bihar,2024,4,Others,323883,279749744.0
chandigarh,2018,1,Recharge & bill payments,201262,47479581.16264416
chandigarh,2018,1,Peer-to-peer payments,135136,527998849.34055936
chandigarh,2018,1,Merchant payments,21431,19477066.533276718
chandigarh,2018,1,Financial Services,8473,1865618.249949839
chandigarh,2018,1,Others,15593,16614305.58119321
chandigarh,2018,2,Recharge & bill payments,224548,76722906.67871952
chandigarh,2018,2,Peer-to-peer payments,194627,835296156.4220204
chandigarh,2018,2,Merchant payments,34606,29408471.506333277
chandigarh,2018,2,Financial Services,11927,3679451.8635118967
chandigarh,2018,2,Others,13376,16116275.274144217
chandigarh,2018,3,Peer-to-peer payments,295358,1217617705.9681761
chandigarh,2018,3,Recharge & bill payments,236445,100639674.6708905
chandigarh,2018,3,Merchant payments,64998,37560565.97386869
chandigarh,2018,3,Financial Services,7642,1302311.5967954171
chandigarh,2018,3,Others,12493,12234189.324580798
chandigarh,2018,4,Peer-to-peer payments,431461,1793871702.3196409
chandigarh,2018,4,Recharge & bill payments,310527,128130475.99274208
chandigarh,2018,4,Merchant payments,135266,94010713.60616027
chandigarh,2018,4,Financial Services,10008,2039811.3372037038
chandigarh,2018,4,Others,17854,14538888.5242277
chandigarh,2019,1,Peer-to-peer payments,689400,2123866601.6513758
chandigarh,2019,1,Recharge & bill payments,390610,161414934.10238376
chandigarh,2019,1,Merchant payments,169984,97230471.44089967
chandigarh,2019,1,Financial Services,7412,917030.9066760786
chandigarh,2019,1,Others,17070,12603012.342693318
chandigarh,2019,2,Peer-to-peer payments,604849,2339922407.523348
chandigarh,2019,2,Recharge & bill payments,342294,185659011.54417655
chandigarh,2019,2,Merchant payments,277811,152766864.66190332
chandigarh,2019,2,Financial Services,5590,839765.161351582
chandigarh,2019,2,Others,21926,13928050.053676538
chandigarh,2019,3,Peer-to-peer payments,722233,2815184152.8041325
chandigarh,2019,3,Merchant payments,447069,226535908.8355719
chandigarh,2019,3,Recharge & bill payments,308219,213884900.47217816
chandigarh,2019,3,Financial Services,2447,794918.674981478
chandigarh,2019,3,Others,26575,13282206.873976795
chandigarh,2019,4,Peer-to-peer payments,927850,3586763928.6423693
chandigarh,2019,4,Merchant payments,561630,318692521.79224944
chandigarh,2019,4,Recharge & bill payments,338203,237695594.96329552
chandigarh,2019,4,Financial Services,1911,654298.6785004465
chandigarh,2019,4,Others,21321,8707473.86293627
chandigarh,2020,1,Peer-to-peer payments,1087401,4421372542.468033
chandigarh,2020,1,Merchant payments,764832,438193845.4527705
chandigarh,2020,1,Recharge & bill payments,389851,257250007.2445577
chandigarh,2020,1,Financial Services,1574,1406138.1883251297
chandigarh,2020,1,Others,18853,8230536.662513691
chandigarh,2020,2,Peer-to-peer payments,766698,3293060119.5471582
chandigarh,2020,2,Merchant payments,390906,331423259.0003719
chandigarh,2020,2,Recharge & bill payments,361577,214425229.3354035
chandigarh,2020,2,Financial Services,1797,3982005.1176844486
chandigarh,2020,2,Others,7032,4125116.689457224
chandigarh,2020,3,Peer-to-peer payments,981986,4178346395.412492
chandigarh,2020,3,Merchant payments,796634,604271248.9262259
chandigarh,2020,3,Recharge & bill payments,366353,296964794.9657042
chandigarh,2020,3,Financial Services,2643,5254415.457263877
chandigarh,2020,3,Others,10470,4972498.603385328
chandigarh,2020,4,Merchant payments,1322026,939307675.8510206
chandigarh,2020,4,Peer-to-peer payments,1159377,4872318731.339843
chandigarh,2020,4,Recharge & bill payments,409997,320731281.94750684
chandigarh,2020,4,Financial Services,3346,4400109.748752326
chandigarh,2020,4,Others,17970,10005102.462219946
chandigarh,2021,1,Merchant payments,1799072,1210594490.0981498
chandigarh,2021,1,Peer-to-peer payments,1472084,5916467167.303293
chandigarh,2021,1,Recharge & bill payments,678396,451109555.33889335
chandigarh,2021,1,Financial Services,5111,7700394.761505902
chandigarh,2021,1,Others,15574,10549252.044153867
chandigarh,2021,2,Merchant payments,1926913,1390989390.7789688
chandigarh,2021,2,Peer-to-peer payments,1663559,6541132352.922333
chandigarh,2021,2,Recharge & bill payments,806710,467698864.6672056
chandigarh,2021,2,Financial Services,5502,7394941.032842191
chandigarh,2021,2,Others,14863,10458390.53475552
chandigarh,2021,3,Merchant payments,3179506,2245390329.2047896
chandigarh,2021,3,Peer-to-peer payments,2434417,8927868098.340746
chandigarh,2021,3,Recharge & bill payments,1008585,620437997.3899603
chandigarh,2021,3,Financial Services,5700,7960844.903971832
chandigarh,2021,3,Others,21170,14225734.853836158
chandigarh,2021,4,Merchant payments,4056249,3041038519.8233976
chandigarh,2021,4,Peer-to-peer payments,2797561,10610461952.107159
chandigarh,2021,4,Recharge & bill payments,1013153,693790747.2429855
chandigarh,2021,4,Financial Services,7038,10459431.863661807
chandigarh,2021,4,Others,24902,17832859.58125159
chandigarh,2022,1,Merchant payments,4511757,3264574793.4564357
chandigarh,2022,1,Peer-to-peer payments,3012464,11150701028.605722
chandigarh,2022,1,Recharge & bill payments,1046187,731347957.2152067
chandigarh,2022,1,Financial Services,7228,13538635.562948208
chandigarh,2022,1,Others,22855,14829134.999686666
chandigarh,2022,2,Merchant payments,6136803,3919372475.5605655
chandigarh,2022,2,Peer-to-peer payments,3489382,12549248085.111443
chandigarh,2022,2,Recharge & bill payments,1119367,792957088.5933374
chandigarh,2022,2,Financial Services,6673,8943857.181076445
chandigarh,2022,2,Others,20264,12978651.924569944
chandigarh,2022,3,Merchant payments,7665907,4713972532.82215
chandigarh,2022,3,Peer-to-peer payments,4423590,14788179156.481958
chandigarh,2022,3,Recharge & bill payments,1360342,1033530639.9360826
chandigarh,2022,3,Financial Services,8868,9918740.020967592
chandigarh,2022,3,Others,19466,14156668.144691642
chandigarh,2022,4,Merchant payments,10170372,6570336079.954211
chandigarh,2022,4,Peer-to-peer payments,5951989,20013621495.89691
chandigarh,2022,4,Recharge & bill payments,1749647,1267654269.1590745
chandigarh,2022,4,Financial Services,10778,12000766.356404984
chandigarh,2022,4,Others,22054,16141955.57281622
chandigarh,2023,1,Merchant payments,6460913,3374931077.0
chandigarh,2023,1,Peer-to-peer payments,2634119,8623572416.0
chandigarh,2023,1,Recharge & bill payments,700479,803831354.0
chandigarh,2023,1,Financial Services,8163,12527258.0
chandigarh,2023,1,Others,11931,10032289.0
chandigarh,2023,2,Merchant payments,7747501,3820964178.0
chandigarh,2023,2,Peer-to-peer payments,3048793,9726960611.0
chandigarh,2023,2,Recharge & bill payments,737650,845159777.0
chandigarh,2023,2,Financial Services,8262,11723572.0
chandigarh,2023,2,Others,11481,9600612.0
chandigarh,2023,3,Merchant payments,8849667,4339437634.0
chandigarh,2023,3,Peer-to-peer payments,3410620,10182027091.0
chandigarh,2023,3,Recharge & bill payments,771020,877282807.0
chandigarh,2023,3,Financial Services,10756,19516305.0
chandigarh,2023,3,Others,10102,8519474.0
chandigarh,2023,4,Merchant payments,9052694,4771466320.0
chandigarh,2023,4,Peer-to-peer payments,3480727,10531589834.0
chandigarh,2023,4,Recharge & bill payments,725553,944249351.0
chandigarh,2023,4,Financial Services,10241,21758309.0
chandigarh,2023,4,Others,10863,12159187.0
chandigarh,2024,1,Merchant payments,8982305,4662186840.0
chandigarh,2024,1,Peer-to-peer payments,3414122,10168258638.0
chandigarh,2024,1,Recharge & bill payments,735766,978631681.0
chandigarh,2024,1,Financial Services,10909,21881737.0
chandigarh,2024,1,Others,12071,11217285.0
chandigarh,2024,2,Merchant payments,11201413,5412395814.0
chandigarh,2024,2,Peer-to-peer payments,3948610,11123555377.0
chandigarh,2024,2,Recharge & bill payments,759642,976897042.0
chandigarh,2024,2,Financial Services,15209,26206753.0
chandigarh,2024,2,Others,16099,17848826.0
chandigarh,2024,3,Merchant payments,12322648,6042931862.0
chandigarh,2024,3,Peer-to-peer payments,4530333,12112839411.0
chandigarh,2024,3,Recharge & bill payments,824606,1038931528.0
chandigarh,2024,3,Financial Services,17447,32954399.0
chandigarh,2024,3,Others,13351,31600676.0
chandigarh,2024,4,Merchant payments,12960792,6648643038.0
chandigarh,2024,4,Peer-to-peer payments,4727760,12817849297.0
chandigarh,2024,4,Recharge & bill payments,791148,984309171.0
chandigarh,2024,4,Financial Services,35852,25202177.0
chandigarh,2024,4,Others,12892,25382206.0
chhattisgarh,2018,1,Recharge & bill payments,1177618,206518662.81014803
chhattisgarh,2018,1,Peer-to-peer payments,550697,1838238336.1663632
chhattisgarh,2018,1,Merchant payments,42411,39708474.15869055
chhattisgarh,2018,1,Financial Services,33002,7350624.274461515
chhattisgarh,2018,1,Others,87786,57339459.82710209
chhattisgarh,2018,2,Recharge & bill payments,1643461,351709628.0901169
chhattisgarh,2018,2,Peer-to-peer payments,933066,3703114547.658351
chhattisgarh,2018,2,Merchant payments,118438,129967815.18510856
chhattisgarh,2018,2,Financial Services,40299,9405941.62707696
chhattisgarh,2018,2,Others,80892,69972510.60099621
chhattisgarh,2018,3,Recharge & bill payments,1911374,443460556.77590346
chhattisgarh,2018,3,Peer-to-peer payments,1619886,5647949187.747948
chhattisgarh,2018,3,Merchant payments,220572,145342066.01377475
chhattisgarh,2018,3,Financial Services,31927,6195179.156999446
chhattisgarh,2018,3,Others,75845,59360083.75169004
chhattisgarh,2018,4,Recharge & bill payments,2438959,554514488.4121984
chhattisgarh,2018,4,Peer-to-peer payments,2342713,8450105299.480802
chhattisgarh,2018,4,Merchant payments,458091,331842964.57864183
chhattisgarh,2018,4,Financial Services,42199,9709810.436343707
chhattisgarh,2018,4,Others,83882,70240102.06349953
chhattisgarh,2019,1,Peer-to-peer payments,4068056,11417366152.388483
chhattisgarh,2019,1,Recharge & bill payments,2997095,679458794.5442779
chhattisgarh,2019,1,Merchant payments,710047,374735986.85082686
chhattisgarh,2019,1,Financial Services,33835,5075418.743007188
chhattisgarh,2019,1,Others,78636,67920032.80184662
chhattisgarh,2019,2,Peer-to-peer payments,4350167,15410038389.818308
chhattisgarh,2019,2,Recharge & bill payments,3435305,855753107.510468
chhattisgarh,2019,2,Merchant payments,1483870,654411637.0168115
chhattisgarh,2019,2,Financial Services,22563,4237631.55442897
chhattisgarh,2019,2,Others,98040,77914922.92227882
chhattisgarh,2019,3,Peer-to-peer payments,5021844,17584630267.779922
chhattisgarh,2019,3,Recharge & bill payments,4335851,1069468753.7262831
chhattisgarh,2019,3,Merchant payments,2772084,1074255588.7227576
chhattisgarh,2019,3,Financial Services,16452,4542997.939180325
chhattisgarh,2019,3,Others,96880,70361559.28538439
chhattisgarh,2019,4,Peer-to-peer payments,7241974,24112075521.017845
chhattisgarh,2019,4,Recharge & bill payments,5112337,1257371454.8604
chhattisgarh,2019,4,Merchant payments,3852716,1720930747.6285615
chhattisgarh,2019,4,Financial Services,14974,4665759.804240476
chhattisgarh,2019,4,Others,83757,48745253.90234077
chhattisgarh,2020,1,Peer-to-peer payments,8109789,28723854868.846924
chhattisgarh,2020,1,Recharge & bill payments,6400067,1688995018.2209015
chhattisgarh,2020,1,Merchant payments,4923214,2393811867.3887434
chhattisgarh,2020,1,Financial Services,12424,7378557.223060286
chhattisgarh,2020,1,Others,78497,46557359.6766012
chhattisgarh,2020,2,Recharge & bill payments,8366200,2504355746.828547
chhattisgarh,2020,2,Peer-to-peer payments,7216219,27351810047.608715
chhattisgarh,2020,2,Merchant payments,3158417,2361252112.419633
chhattisgarh,2020,2,Financial Services,19986,17814454.60563486
chhattisgarh,2020,2,Others,60103,33149845.438824516
chhattisgarh,2020,3,Peer-to-peer payments,9734445,34661165923.13037
chhattisgarh,2020,3,Recharge & bill payments,8705513,2790720003.1373434
chhattisgarh,2020,3,Merchant payments,5591916,3990179454.1880045
chhattisgarh,2020,3,Financial Services,34893,39141096.45070238
chhattisgarh,2020,3,Others,81772,45538330.62766186
chhattisgarh,2020,4,Peer-to-peer payments,14257312,50812302052.952705
chhattisgarh,2020,4,Merchant payments,11677743,8238390462.202984
chhattisgarh,2020,4,Recharge & bill payments,9423324,3033918783.208999
chhattisgarh,2020,4,Financial Services,41308,48082346.06124696
chhattisgarh,2020,4,Others,129949,82280639.52262866
chhattisgarh,2021,1,Peer-to-peer payments,15621154,55638916992.13896
chhattisgarh,2021,1,Merchant payments,15222763,10661449529.109669
chhattisgarh,2021,1,Recharge & bill payments,8456094,3000977538.840563
chhattisgarh,2021,1,Financial Services,37395,40387648.84021996
chhattisgarh,2021,1,Others,99031,68111552.62215017
chhattisgarh,2021,2,Peer-to-peer payments,18387345,62134058797.4359
chhattisgarh,2021,2,Merchant payments,15369311,12828590761.713423
chhattisgarh,2021,2,Recharge & bill payments,10764784,3640692364.165052
chhattisgarh,2021,2,Financial Services,40213,39620256.36433959
chhattisgarh,2021,2,Others,127767,85809079.54731184
chhattisgarh,2021,3,Merchant payments,27552743,19905616746.805294
chhattisgarh,2021,3,Peer-to-peer payments,25447410,80506858751.32883
chhattisgarh,2021,3,Recharge & bill payments,11039088,4045490947.2382197
chhattisgarh,2021,3,Financial Services,38817,48855662.40142638
chhattisgarh,2021,3,Others,159880,99286155.00295877
chhattisgarh,2021,4,Merchant payments,40526025,29283695601.229546
chhattisgarh,2021,4,Peer-to-peer payments,32799167,102177997315.68285
chhattisgarh,2021,4,Recharge & bill payments,11115444,4724827139.9519415
chhattisgarh,2021,4,Financial Services,55237,66445873.296120845
chhattisgarh,2021,4,Others,221621,146144588.65236923
chhattisgarh,2022,1,Merchant payments,48236094,33822547183.04485
chhattisgarh,2022,1,Peer-to-peer payments,37457039,118393860520.57216
chhattisgarh,2022,1,Recharge & bill payments,11466264,5442872986.10511
chhattisgarh,2022,1,Financial Services,52918,55991695.312008664
chhattisgarh,2022,1,Others,200977,131773069.80038045
chhattisgarh,2022,2,Merchant payments,61093916,41536371583.74904
chhattisgarh,2022,2,Peer-to-peer payments,42532112,133534947239.2497
chhattisgarh,2022,2,Recharge & bill payments,12737942,5949415519.837789
chhattisgarh,2022,2,Financial Services,41530,46037703.16128763
chhattisgarh,2022,2,Others,178548,114905117.7834119
chhattisgarh,2022,3,Merchant payments,84355775,50874051122.3736
chhattisgarh,2022,3,Peer-to-peer payments,57116149,161027214428.20593
chhattisgarh,2022,3,Recharge & bill payments,16538894,8069941553.075293
chhattisgarh,2022,3,Financial Services,55775,61881709.73674865
chhattisgarh,2022,3,Others,185994,128469268.59740639
chhattisgarh,2022,4,Merchant payments,97405954,60247141797.94961
chhattisgarh,2022,4,Peer-to-peer payments,63986789,183672880692.7266
chhattisgarh,2022,4,Recharge & bill payments,16324117,8376603987.152398
chhattisgarh,2022,4,Financial Services,63695,81169069.23462963
chhattisgarh,2022,4,Others,179891,141385263.4082809
chhattisgarh,2023,1,Merchant payments,115821237,68619935279.0
chhattisgarh,2023,1,Peer-to-peer payments,76752033,221082684005.0
chhattisgarh,2023,1,Recharge & bill payments,21896029,11162940453.0
chhattisgarh,2023,1,Financial Services,72038,65398770.0
chhattisgarh,2023,1,Others,207620,157977952.0
chhattisgarh,2023,2,Merchant payments,138222517,78172761996.0
chhattisgarh,2023,2,Peer-to-peer payments,86887081,243032806463.0
chhattisgarh,2023,2,Recharge & bill payments,24550623,11714283831.0
chhattisgarh,2023,2,Financial Services,77813,90235297.0
chhattisgarh,2023,2,Others,193602,146759167.0
chhattisgarh,2023,3,Merchant payments,161142673,85645642195.0
chhattisgarh,2023,3,Peer-to-peer payments,97060888,251466237009.0
chhattisgarh,2023,3,Recharge & bill payments,25011103,13000613447.0
chhattisgarh,2023,3,Financial Services,95807,131864372.0
chhattisgarh,2023,3,Others,182186,135322503.0
chhattisgarh,2023,4,Merchant payments,185440451,102326470529.0
chhattisgarh,2023,4,Peer-to-peer payments,110795079,287452814383.0
chhattisgarh,2023,4,Recharge & bill payments,25330600,13898322691.0
chhattisgarh,2023,4,Financial Services,115404,174278673.0
chhattisgarh,2023,4,Others,194798,133148269.0
chhattisgarh,2024,1,Merchant payments,212194065,116463019844.0
chhattisgarh,2024,1,Peer-to-peer payments,124567252,329976785438.0
chhattisgarh,2024,1,Recharge & bill payments,29121761,16237500799.0
chhattisgarh,2024,1,Financial Services,117960,205227725.0
chhattisgarh,2024,1,Others,175646,127276095.0
chhattisgarh,2024,2,Merchant payments,245595547,132662738857.0
chhattisgarh,2024,2,Peer-to-peer payments,134658010,346912119555.0
chhattisgarh,2024,2,Recharge & bill payments,31469605,16306210818.0
chhattisgarh,2024,2,Financial Services,148570,297328748.0
chhattisgarh,2024,2,Others,175973,135034441.0
chhattisgarh,2024,3,Merchant payments,267508081,136419004302.0
chhattisgarh,2024,3,Peer-to-peer payments,146302685,342236114715.0
chhattisgarh,2024,3,Recharge & bill payments,29502494,18226578889.0
chhattisgarh,2024,3,Financial Services,179562,354020024.0
chhattisgarh,2024,3,Others,147280,124415828.0
chhattisgarh,2024,4,Merchant payments,304445323,159212481149.0
chhattisgarh,2024,4,Peer-to-peer payments,166465519,398345139636.0
chhattisgarh,2024,4,Recharge & bill payments,29120062,18801380994.0
chhattisgarh,2024,4,Financial Services,477311,324186192.0
chhattisgarh,2024,4,Others,147189,145256654.0
dadra-&-nagar-haveli-&-daman-&-diu,2018,1,Recharge & bill payments,95544,17526369.5804541
dadra-&-nagar-haveli-&-daman-&-diu,2018,1,Peer-to-peer payments,44599,151966933.24607396
dadra-&-nagar-haveli-&-daman-&-diu,2018,1,Merchant payments,1531,1580762.779739072
dadra-&-nagar-haveli-&-daman-&-diu,2018,1,Financial Services,1364,353171.5523814913
dadra-&-nagar-haveli-&-daman-&-diu,2018,1,Others,5511,4231146.95056825
dadra-&-nagar-haveli-&-daman-&-diu,2018,2,Recharge & bill payments,122834,30595592.007682398
dadra-&-nagar-haveli-&-daman-&-diu,2018,2,Peer-to-peer payments,69215,261995613.05482048
dadra-&-nagar-haveli-&-daman-&-diu,2018,2,Merchant payments,3544,4685536.036433555
dadra-&-nagar-haveli-&-daman-&-diu,2018,2,Financial Services,2996,383806.08546730166
dadra-&-nagar-haveli-&-daman-&-diu,2018,2,Others,4037,4410224.471747881
dadra-&-nagar-haveli-&-daman-&-diu,2018,3,Recharge & bill payments,157113,39790820.29359456
dadra-&-nagar-haveli-&-daman-&-diu,2018,3,Peer-to-peer payments,119346,396698085.4104552
dadra-&-nagar-haveli-&-daman-&-diu,2018,3,Merchant payments,7465,5693604.7441260815
dadra-&-nagar-haveli-&-daman-&-diu,2018,3,Financial Services,1477,297647.89589848556
dadra-&-nagar-haveli-&-daman-&-diu,2018,3,Others,4174,5159437.334100959
dadra-&-nagar-haveli-&-daman-&-diu,2018,4,Peer-to-peer payments,194214,582082154.4115133
dadra-&-nagar-haveli-&-daman-&-diu,2018,4,Recharge & bill payments,185793,49972030.11285484
dadra-&-nagar-haveli-&-daman-&-diu,2018,4,Merchant payments,15739,19577328.03937304
dadra-&-nagar-haveli-&-daman-&-diu,2018,4,Financial Services,2996,371674.6991335743
dadra-&-nagar-haveli-&-daman-&-diu,2018,4,Others,5340,6747429.538011953
dadra-&-nagar-haveli-&-daman-&-diu,2019,1,Peer-to-peer payments,408465,757657638.3173952
dadra-&-nagar-haveli-&-daman-&-diu,2019,1,Recharge & bill payments,225998,62660761.88806932
dadra-&-nagar-haveli-&-daman-&-diu,2019,1,Merchant payments,20694,17043867.88608146
dadra-&-nagar-haveli-&-daman-&-diu,2019,1,Financial Services,1645,221064.6189234741
dadra-&-nagar-haveli-&-daman-&-diu,2019,1,Others,5012,5786443.339431095
dadra-&-nagar-haveli-&-daman-&-diu,2019,2,Peer-to-peer payments,244134,734034142.8087387
dadra-&-nagar-haveli-&-daman-&-diu,2019,2,Recharge & bill payments,198184,63874445.55241879
dadra-&-nagar-haveli-&-daman-&-diu,2019,2,Merchant payments,40781,20816136.241969176
dadra-&-nagar-haveli-&-daman-&-diu,2019,2,Financial Services,748,155149.75618074698
dadra-&-nagar-haveli-&-daman-&-diu,2019,2,Others,5809,5561402.205763446
dadra-&-nagar-haveli-&-daman-&-diu,2019,3,Recharge & bill payments,319142,104597035.07984878
dadra-&-nagar-haveli-&-daman-&-diu,2019,3,Peer-to-peer payments,249944,821178569.0593253
dadra-&-nagar-haveli-&-daman-&-diu,2019,3,Merchant payments,63616,30634658.237494454
dadra-&-nagar-haveli-&-daman-&-diu,2019,3,Financial Services,533,425044.05141368794
dadra-&-nagar-haveli-&-daman-&-diu,2019,3,Others,5516,4636167.420289769
dadra-&-nagar-haveli-&-daman-&-diu,2019,4,Recharge & bill payments,351819,125809568.35055912
dadra-&-nagar-haveli-&-daman-&-diu,2019,4,Peer-to-peer payments,324464,1051976410.5472054
dadra-&-nagar-haveli-&-daman-&-diu,2019,4,Merchant payments,86758,45361559.23824883
dadra-&-nagar-haveli-&-daman-&-diu,2019,4,Financial Services,1019,267762.49056630814
dadra-&-nagar-haveli-&-daman-&-diu,2019,4,Others,4911,3225961.384460643
dadra-&-nagar-haveli-&-daman-&-diu,2020,1,Recharge & bill payments,407577,153340696.30393675
dadra-&-nagar-haveli-&-daman-&-diu,2020,1,Peer-to-peer payments,329005,1119439489.5005136
dadra-&-nagar-haveli-&-daman-&-diu,2020,1,Merchant payments,137040,66713356.798143014
dadra-&-nagar-haveli-&-daman-&-diu,2020,1,Financial Services,668,418783.1260904173
dadra-&-nagar-haveli-&-daman-&-diu,2020,1,Others,4289,2851043.563834071
dadra-&-nagar-haveli-&-daman-&-diu,2020,2,Recharge & bill payments,525974,178877986.7248658
dadra-&-nagar-haveli-&-daman-&-diu,2020,2,Peer-to-peer payments,323909,1052118443.3664523
dadra-&-nagar-haveli-&-daman-&-diu,2020,2,Merchant payments,118801,68938500.71228051
dadra-&-nagar-haveli-&-daman-&-diu,2020,2,Financial Services,1826,993268.2971840606
dadra-&-nagar-haveli-&-daman-&-diu,2020,2,Others,2642,1448254.787275234
dadra-&-nagar-haveli-&-daman-&-diu,2020,3,Recharge & bill payments,455603,201223380.1868608
dadra-&-nagar-haveli-&-daman-&-diu,2020,3,Peer-to-peer payments,419524,1401020928.2319155
dadra-&-nagar-haveli-&-daman-&-diu,2020,3,Merchant payments,257572,143497844.49072367
dadra-&-nagar-haveli-&-daman-&-diu,2020,3,Financial Services,1635,1778864.0123306382
dadra-&-nagar-haveli-&-daman-&-diu,2020,3,Others,3978,2268098.077531771
dadra-&-nagar-haveli-&-daman-&-diu,2020,4,Peer-to-peer payments,666995,2153786522.547576
dadra-&-nagar-haveli-&-daman-&-diu,2020,4,Merchant payments,631443,316510115.80515665
dadra-&-nagar-haveli-&-daman-&-diu,2020,4,Recharge & bill payments,509971,224246669.7783347
dadra-&-nagar-haveli-&-daman-&-diu,2020,4,Financial Services,2453,1683959.5099964456
dadra-&-nagar-haveli-&-daman-&-diu,2020,4,Others,6929,4283833.187441602
dadra-&-nagar-haveli-&-daman-&-diu,2021,1,Peer-to-peer payments,768921,2379220756.2230163
dadra-&-nagar-haveli-&-daman-&-diu,2021,1,Merchant payments,705821,367522132.38063604
dadra-&-nagar-haveli-&-daman-&-diu,2021,1,Recharge & bill payments,442926,213177144.73200977
dadra-&-nagar-haveli-&-daman-&-diu,2021,1,Financial Services,2243,1930008.9716834244
dadra-&-nagar-haveli-&-daman-&-diu,2021,1,Others,5333,3782868.8861592514
dadra-&-nagar-haveli-&-daman-&-diu,2021,2,Peer-to-peer payments,843550,2512913026.4279447
dadra-&-nagar-haveli-&-daman-&-diu,2021,2,Merchant payments,802899,430487473.930562
dadra-&-nagar-haveli-&-daman-&-diu,2021,2,Recharge & bill payments,471136,208762964.0120024
dadra-&-nagar-haveli-&-daman-&-diu,2021,2,Financial Services,1826,1763792.6506419359
dadra-&-nagar-haveli-&-daman-&-diu,2021,2,Others,5672,3741204.3977531465
dadra-&-nagar-haveli-&-daman-&-diu,2021,3,Merchant payments,1312241,706774071.9381688
dadra-&-nagar-haveli-&-daman-&-diu,2021,3,Peer-to-peer payments,1262732,3339347400.0643554
dadra-&-nagar-haveli-&-daman-&-diu,2021,3,Recharge & bill payments,544322,253199754.8745275
dadra-&-nagar-haveli-&-daman-&-diu,2021,3,Financial Services,2065,2252116.636459231
dadra-&-nagar-haveli-&-daman-&-diu,2021,3,Others,8110,4365759.277996017
dadra-&-nagar-haveli-&-daman-&-diu,2021,4,Merchant payments,2013673,1058989463.1650428
dadra-&-nagar-haveli-&-daman-&-diu,2021,4,Peer-to-peer payments,1577168,4202291071.7106133
dadra-&-nagar-haveli-&-daman-&-diu,2021,4,Recharge & bill payments,551618,294991582.16815025
dadra-&-nagar-haveli-&-daman-&-diu,2021,4,Financial Services,2909,3159306.4175118254
dadra-&-nagar-haveli-&-daman-&-diu,2021,4,Others,11717,6407962.869342193
dadra-&-nagar-haveli-&-daman-&-diu,2022,1,Merchant payments,2507246,1227972829.6970267
dadra-&-nagar-haveli-&-daman-&-diu,2022,1,Peer-to-peer payments,1745454,4674787017.541661
dadra-&-nagar-haveli-&-daman-&-diu,2022,1,Recharge & bill payments,538134,326296370.82357025
dadra-&-nagar-haveli-&-daman-&-diu,2022,1,Financial Services,2574,2661345.5534556974
dadra-&-nagar-haveli-&-daman-&-diu,2022,1,Others,9395,5330803.646676767
dadra-&-nagar-haveli-&-daman-&-diu,2022,2,Merchant payments,3346697,1536859131.3374817
dadra-&-nagar-haveli-&-daman-&-diu,2022,2,Peer-to-peer payments,1861799,5078832140.606572
dadra-&-nagar-haveli-&-daman-&-diu,2022,2,Recharge & bill payments,539562,372921225.4254243
dadra-&-nagar-haveli-&-daman-&-diu,2022,2,Financial Services,1849,2131607.7226029015
dadra-&-nagar-haveli-&-daman-&-diu,2022,2,Others,9864,4415675.718757721
dadra-&-nagar-haveli-&-daman-&-diu,2022,3,Merchant payments,3777156,1705567002.0586467
dadra-&-nagar-haveli-&-daman-&-diu,2022,3,Peer-to-peer payments,2086741,5382949597.510585
dadra-&-nagar-haveli-&-daman-&-diu,2022,3,Recharge & bill payments,592431,425206924.5270094
dadra-&-nagar-haveli-&-daman-&-diu,2022,3,Financial Services,2237,3194409.939898855
dadra-&-nagar-haveli-&-daman-&-diu,2022,3,Others,7056,3729425.46329771
dadra-&-nagar-haveli-&-daman-&-diu,2022,4,Merchant payments,4415771,1889046056.1988354
dadra-&-nagar-haveli-&-daman-&-diu,2022,4,Peer-to-peer payments,2215052,5737539058.403507
dadra-&-nagar-haveli-&-daman-&-diu,2022,4,Recharge & bill payments,548795,426040023.1105018
dadra-&-nagar-haveli-&-daman-&-diu,2022,4,Financial Services,2495,3169199.262533775
dadra-&-nagar-haveli-&-daman-&-diu,2022,4,Others,7472,3846409.1057498828
dadra-&-nagar-haveli-&-daman-&-diu,2023,1,Merchant payments,7184933,2778820380.0
dadra-&-nagar-haveli-&-daman-&-diu,2023,1,Peer-to-peer payments,3623830,9079653826.0
dadra-&-nagar-haveli-&-daman-&-diu,2023,1,Recharge & bill payments,979503,746971431.0
dadra-&-nagar-haveli-&-daman-&-diu,2023,1,Financial Services,3546,2855684.0
dadra-&-nagar-haveli-&-daman-&-diu,2023,1,Others,12173,5789879.0
dadra-&-nagar-haveli-&-daman-&-diu,2023,2,Merchant payments,8331573,3135694669.0
dadra-&-nagar-haveli-&-daman-&-diu,2023,2,Peer-to-peer payments,3962990,9804533561.0
dadra-&-nagar-haveli-&-daman-&-diu,2023,2,Recharge & bill payments,1046280,800283519.0
dadra-&-nagar-haveli-&-daman-&-diu,2023,2,Financial Services,3985,4431276.0
dadra-&-nagar-haveli-&-daman-&-diu,2023,2,Others,12287,5595163.0
dadra-&-nagar-haveli-&-daman-&-diu,2023,3,Merchant payments,9582597,3564710651.0
dadra-&-nagar-haveli-&-daman-&-diu,2023,3,Peer-to-peer payments,4630867,10642329946.0
dadra-&-nagar-haveli-&-daman-&-diu,2023,3,Recharge & bill payments,1139193,878917740.0
dadra-&-nagar-haveli-&-daman-&-diu,2023,3,Financial Services,5572,5268269.0
dadra-&-nagar-haveli-&-daman-&-diu,2023,3,Others,12099,4839857.0
dadra-&-nagar-haveli-&-daman-&-diu,2023,4,Merchant payments,11765508,4318758826.0
dadra-&-nagar-haveli-&-daman-&-diu,2023,4,Peer-to-peer payments,5347152,12234383845.0
dadra-&-nagar-haveli-&-daman-&-diu,2023,4,Recharge & bill payments,1169931,991997355.0
dadra-&-nagar-haveli-&-daman-&-diu,2023,4,Financial Services,5597,7765262.0
dadra-&-nagar-haveli-&-daman-&-diu,2023,4,Others,14185,5154679.0
dadra-&-nagar-haveli-&-daman-&-diu,2024,1,Merchant payments,13631073,4791513247.0
dadra-&-nagar-haveli-&-daman-&-diu,2024,1,Peer-to-peer payments,6113627,13576602170.0
dadra-&-nagar-haveli-&-daman-&-diu,2024,1,Recharge & bill payments,1353851,1135863865.0
dadra-&-nagar-haveli-&-daman-&-diu,2024,1,Financial Services,6748,10924778.0
dadra-&-nagar-haveli-&-daman-&-diu,2024,1,Others,9710,4292265.0
dadra-&-nagar-haveli-&-daman-&-diu,2024,2,Merchant payments,15510300,5152049102.0
dadra-&-nagar-haveli-&-daman-&-diu,2024,2,Peer-to-peer payments,6493955,14085735502.0
dadra-&-nagar-haveli-&-daman-&-diu,2024,2,Recharge & bill payments,1370838,1073613414.0
dadra-&-nagar-haveli-&-daman-&-diu,2024,2,Financial Services,7715,10300178.0
dadra-&-nagar-haveli-&-daman-&-diu,2024,2,Others,10307,7294515.0
dadra-&-nagar-haveli-&-daman-&-diu,2024,3,Merchant payments,16778218,5563348577.0
dadra-&-nagar-haveli-&-daman-&-diu,2024,3,Peer-to-peer payments,7251757,14881287713.0
dadra-&-nagar-haveli-&-daman-&-diu,2024,3,Recharge & bill payments,1397428,1094723407.0
dadra-&-nagar-haveli-&-daman-&-diu,2024,3,Financial Services,10550,15369479.0
dadra-&-nagar-haveli-&-daman-&-diu,2024,3,Others,8317,9902390.0
dadra-&-nagar-haveli-&-daman-&-diu,2024,4,Merchant payments,19213230,6331132984.0
dadra-&-nagar-haveli-&-daman-&-diu,2024,4,Peer-to-peer payments,7882319,16487512787.0
dadra-&-nagar-haveli-&-daman-&-diu,2024,4,Recharge & bill payments,1336160,1107688213.0
dadra-&-nagar-haveli-&-daman-&-diu,2024,4,Financial Services,25423,12601733.0
dadra-&-nagar-haveli-&-daman-&-diu,2024,4,Others,6568,6285744.0
delhi,2018,1,Recharge & bill payments,3947297,1320559612.770412
delhi,2018,1,Peer-to-peer payments,2380820,9125685134.894358
delhi,2018,1,Merchant payments,339809,375393115.19131327
delhi,2018,1,Financial Services,136240,45588429.271575734
delhi,2018,1,Others,318588,344277514.7923026
delhi,2018,2,Recharge & bill payments,4511737,2078183615.8006349
delhi,2018,2,Peer-to-peer payments,3542716,14348179103.109837
delhi,2018,2,Merchant payments,837001,631597790.6002588
delhi,2018,2,Financial Services,205991,66584728.19594695
delhi,2018,2,Others,276278,321754664.4984691
delhi,2018,3,Peer-to-peer payments,8557153,22670122888.868217
delhi,2018,3,Recharge & bill payments,5305635,3261844270.537241
delhi,2018,3,Merchant payments,3808395,1048422633.7093576
delhi,2018,3,Financial Services,274526,45051151.35143036
delhi,2018,3,Others,601339,350405916.1523186
delhi,2018,4,Peer-to-peer payments,9973249,32389252494.75772
delhi,2018,4,Merchant payments,9958967,2738429838.939273
delhi,2018,4,Recharge & bill payments,7483633,3961160542.570066
delhi,2018,4,Financial Services,265004,58162003.43614492
delhi,2018,4,Others,1506866,575852739.0031943
delhi,2019,1,Peer-to-peer payments,20216287,48250023720.99173
delhi,2019,1,Merchant payments,13875931,3996618719.7994804
delhi,2019,1,Recharge & bill payments,10744978,5521320539.356212
delhi,2019,1,Financial Services,223095,30997039.697555833
delhi,2019,1,Others,1947036,670171769.6522964
delhi,2019,2,Merchant payments,20891431,6816878922.844399
delhi,2019,2,Peer-to-peer payments,20570311,65953571241.26435
delhi,2019,2,Recharge & bill payments,12869453,8035701902.391765
delhi,2019,2,Financial Services,137774,33985068.68378611
delhi,2019,2,Others,2702543,866678928.4439986
delhi,2019,3,Merchant payments,29453368,9857221391.940361
delhi,2019,3,Peer-to-peer payments,25201978,81904443496.29778
delhi,2019,3,Recharge & bill payments,11133404,10406524192.884487
delhi,2019,3,Financial Services,92061,27952186.986432005
delhi,2019,3,Others,3657065,1000670778.3478061
delhi,2019,4,Peer-to-peer payments,33040093,105858524152.38443
delhi,2019,4,Merchant payments,32537378,12864577363.070576
delhi,2019,4,Recharge & bill payments,11609898,9500486080.98845
delhi,2019,4,Financial Services,57063,21512527.973989226
delhi,2019,4,Others,3500565,779367300.4732571
delhi,2020,1,Merchant payments,33951545,14470782771.054684
delhi,2020,1,Peer-to-peer payments,32410795,108987600006.3667
delhi,2020,1,Recharge & bill payments,12822919,9498791147.929193
delhi,2020,1,Financial Services,46529,39908838.24852887
delhi,2020,1,Others,2515816,619460878.9909673
delhi,2020,2,Peer-to-peer payments,27155938,86227124454.10175
delhi,2020,2,Merchant payments,24963931,12708327043.868336
delhi,2020,2,Recharge & bill payments,13568505,8699886044.040596
delhi,2020,2,Financial Services,64790,75405868.16164647
delhi,2020,2,Others,288854,162694793.15869594
delhi,2020,3,Peer-to-peer payments,41498638,140074023548.15637
delhi,2020,3,Merchant payments,40973792,21858176583.0589
delhi,2020,3,Recharge & bill payments,13448341,12883226305.336546
delhi,2020,3,Financial Services,85689,114341865.2645722
delhi,2020,3,Others,485401,234194502.8442282
delhi,2020,4,Merchant payments,54581166,31106554562.7951
delhi,2020,4,Peer-to-peer payments,49631928,171546055992.1488
delhi,2020,4,Recharge & bill payments,14862946,12921793576.576857
delhi,2020,4,Financial Services,114862,160007919.76894268
delhi,2020,4,Others,1349515,530676173.2537967
delhi,2021,1,Merchant payments,72615587,39861532639.012344
delhi,2021,1,Peer-to-peer payments,61957428,210823551741.40936
delhi,2021,1,Recharge & bill payments,21164274,15447408658.778738
delhi,2021,1,Financial Services,153039,203106852.42387855
delhi,2021,1,Others,1468676,592745151.8683048
delhi,2021,2,Merchant payments,75620295,42933366743.23575
delhi,2021,2,Peer-to-peer payments,68497718,223034955527.75317
delhi,2021,2,Recharge & bill payments,25026678,15310096462.746447
delhi,2021,2,Financial Services,158170,190019761.49741396
delhi,2021,2,Others,854403,472659189.30861247
delhi,2021,3,Merchant payments,115250887,64006915630.53262
delhi,2021,3,Peer-to-peer payments,93292876,298005532606.47
delhi,2021,3,Recharge & bill payments,28427032,20934734871.908962
delhi,2021,3,Financial Services,144460,220660990.22066334
delhi,2021,3,Others,1645353,690472449.1489255
delhi,2021,4,Merchant payments,149204611,88990516304.07437
delhi,2021,4,Peer-to-peer payments,112380292,376556972334.1598
delhi,2021,4,Recharge & bill payments,30127352,22290161823.248642
delhi,2021,4,Financial Services,199280,287950130.24921745
delhi,2021,4,Others,771824,569713470.6592032
delhi,2022,1,Merchant payments,174454937,98212381475.57239
delhi,2022,1,Peer-to-peer payments,125111881,415305045689.30945
delhi,2022,1,Recharge & bill payments,29435981,22482865572.904938
delhi,2022,1,Financial Services,195184,271039329.10874933
delhi,2022,1,Others,1801878,693588769.393249
delhi,2022,2,Merchant payments,233412802,121657706565.01256
delhi,2022,2,Peer-to-peer payments,143447534,480685895058.7076
delhi,2022,2,Recharge & bill payments,32971294,26876059610.022118
delhi,2022,2,Financial Services,160827,209425798.82013166
delhi,2022,2,Others,641727,426563425.65446466
delhi,2022,3,Merchant payments,276635347,134292748569.06271
delhi,2022,3,Peer-to-peer payments,160580425,509428627035.3385
delhi,2022,3,Recharge & bill payments,37572389,33177115465.46472
delhi,2022,3,Financial Services,195218,265479580.4156591
delhi,2022,3,Others,608782,448676465.8346823
delhi,2022,4,Merchant payments,305621913,153114813286.24423
delhi,2022,4,Peer-to-peer payments,171970100,559069397370.8649
delhi,2022,4,Recharge & bill payments,36775874,31954251758.09231
delhi,2022,4,Financial Services,228639,299454652.77800566
delhi,2022,4,Others,606931,477098950.59646183
delhi,2023,1,Merchant payments,246682850,116053064134.0
delhi,2023,1,Peer-to-peer payments,135403837,460727324748.0
delhi,2023,1,Recharge & bill payments,26976608,33945163887.0
delhi,2023,1,Financial Services,206979,275072622.0
delhi,2023,1,Others,482829,402484189.0
delhi,2023,2,Merchant payments,300493650,126927948779.0
delhi,2023,2,Peer-to-peer payments,151909146,498879007930.0
delhi,2023,2,Recharge & bill payments,29059235,35251178665.0
delhi,2023,2,Financial Services,219538,302441499.0
delhi,2023,2,Others,457429,367938784.0
delhi,2023,3,Merchant payments,347213404,143772297471.0
delhi,2023,3,Peer-to-peer payments,167791074,523701514112.0
delhi,2023,3,Recharge & bill payments,31015600,39925428804.0
delhi,2023,3,Financial Services,275512,439989766.0
delhi,2023,3,Others,411393,360021285.0
delhi,2023,4,Merchant payments,381250463,168766495844.0
delhi,2023,4,Peer-to-peer payments,185276322,588131157564.0
delhi,2023,4,Recharge & bill payments,30903762,41889435437.0
delhi,2023,4,Financial Services,317005,501353917.0
delhi,2023,4,Others,403194,361276587.0
delhi,2024,1,Merchant payments,419098312,183390284466.0
delhi,2024,1,Peer-to-peer payments,197330105,604445932793.0
delhi,2024,1,Recharge & bill payments,33501160,43595822485.0
delhi,2024,1,Financial Services,319041,606216973.0
delhi,2024,1,Others,485440,475774396.0
delhi,2024,2,Merchant payments,519857504,208928942309.0
delhi,2024,2,Peer-to-peer payments,221272475,641147355249.0
delhi,2024,2,Recharge & bill payments,35429237,45318295969.0
delhi,2024,2,Financial Services,376570,743336505.0
delhi,2024,2,Others,604614,779746148.0
delhi,2024,3,Merchant payments,564668341,231032600851.0
delhi,2024,3,Peer-to-peer payments,242786329,672922448569.0
delhi,2024,3,Recharge & bill payments,36462771,52504961937.0
delhi,2024,3,Financial Services,463025,936446162.0
delhi,2024,3,Others,464057,806926069.0
delhi,2024,4,Merchant payments,612111214,261167204054.0
delhi,2024,4,Peer-to-peer payments,261559240,745874399814.0
delhi,2024,4,Recharge & bill payments,35326994,48224664984.0
delhi,2024,4,Financial Services,1115510,932800641.0
delhi,2024,4,Others,430124,861416410.0
goa,2018,1,Recharge & bill payments,85991,18273814.162708722
goa,2018,1,Peer-to-peer payments,59651,268175048.06992978
goa,2018,1,Merchant payments,7880,11036031.735657964
goa,2018,1,Financial Services,1191,520105.642400422
goa,2018,1,Others,6184,5851742.732386975
goa,2018,2,Recharge & bill payments,120943,30994284.17044104
goa,2018,2,Peer-to-peer payments,87878,419492232.52410376
goa,2018,2,Merchant payments,12456,20162855.70611957
goa,2018,2,Financial Services,1903,733429.427283199
goa,2018,2,Others,6395,7221023.530667527
goa,2018,3,Recharge & bill payments,158797,40314972.94208837
goa,2018,3,Peer-to-peer payments,150297,639468418.1317002
goa,2018,3,Merchant payments,21587,26634198.178851012
goa,2018,3,Financial Services,1867,468171.36483984883
goa,2018,3,Others,6963,6281208.620754639
goa,2018,4,Peer-to-peer payments,246426,1021902315.4426756
goa,2018,4,Recharge & bill payments,212122,54832855.89468471
goa,2018,4,Merchant payments,45586,66666113.92145965
goa,2018,4,Financial Services,2523,723599.2328183289
goa,2018,4,Others,8098,8880194.430766659
goa,2019,1,Peer-to-peer payments,378848,1310759847.8146646
goa,2019,1,Recharge & bill payments,275277,78212835.0406034
goa,2019,1,Merchant payments,74527,75946974.41483101
goa,2019,1,Financial Services,2013,499592.0966860995
goa,2019,1,Others,8147,9904147.90979165
goa,2019,2,Peer-to-peer payments,373759,1391933790.7547765
goa,2019,2,Recharge & bill payments,278060,93218689.41694948
goa,2019,2,Merchant payments,104592,92873008.6474504
goa,2019,2,Financial Services,1211,515859.8076807977
goa,2019,2,Others,10819,13325754.760758925
goa,2019,3,Peer-to-peer payments,475178,1704668027.0159788
goa,2019,3,Recharge & bill payments,453806,157952854.9501171
goa,2019,3,Merchant payments,150578,123948570.56857497
goa,2019,3,Financial Services,1510,1282344.8444824044
goa,2019,3,Others,11344,12515394.117688328
goa,2019,4,Peer-to-peer payments,698728,2484453030.31845
goa,2019,4,Recharge & bill payments,552421,205602115.14625147
goa,2019,4,Merchant payments,250893,218404664.8638511
goa,2019,4,Financial Services,1497,649712.8451498008
goa,2019,4,Others,11733,14350825.325765317
goa,2020,1,Peer-to-peer payments,817198,2851686768.653684
goa,2020,1,Recharge & bill payments,678079,244739382.20701858
goa,2020,1,Merchant payments,373110,298421548.1046571
goa,2020,1,Financial Services,1762,1816477.5692472362
goa,2020,1,Others,11088,13707055.389155574
goa,2020,2,Recharge & bill payments,758617,241196540.9379891
goa,2020,2,Peer-to-peer payments,493326,1766723888.2025127
goa,2020,2,Merchant payments,221358,168591711.94693565
goa,2020,2,Financial Services,3081,3328361.317987765
goa,2020,2,Others,5710,3775927.611346662
goa,2020,3,Peer-to-peer payments,759351,2723430713.3444066
goa,2020,3,Recharge & bill payments,696770,280187505.0339355
goa,2020,3,Merchant payments,446880,353193881.4783259
goa,2020,3,Financial Services,4985,6418950.466847964
goa,2020,3,Others,7545,5112530.621144422
goa,2020,4,Peer-to-peer payments,1550251,5407626413.043346
goa,2020,4,Merchant payments,1389834,1123844212.5171819
goa,2020,4,Recharge & bill payments,839199,345088772.3784919
goa,2020,4,Financial Services,7287,10386560.386677971
goa,2020,4,Others,14810,12846789.254236266
goa,2021,1,Peer-to-peer payments,2235456,7553384653.1682
goa,2021,1,Merchant payments,2195509,1768358976.7158575
goa,2021,1,Recharge & bill payments,880682,410604192.7268899
goa,2021,1,Financial Services,8138,12207778.148638733
goa,2021,1,Others,11764,12687278.26183929
goa,2021,2,Merchant payments,1869384,1411529033.6650195
goa,2021,2,Peer-to-peer payments,1866837,6195032351.177256
goa,2021,2,Recharge & bill payments,953219,383804809.3560881
goa,2021,2,Financial Services,8303,12371843.844825167
goa,2021,2,Others,12392,10115549.032816991
goa,2021,3,Merchant payments,2865625,2143135314.897931
goa,2021,3,Peer-to-peer payments,2560305,7871092673.137299
goa,2021,3,Recharge & bill payments,1017351,438838003.22982365
goa,2021,3,Financial Services,8337,12943224.07382146
goa,2021,3,Others,16145,12416377.597493527
goa,2021,4,Merchant payments,5474662,4384250602.937038
goa,2021,4,Peer-to-peer payments,4408822,13618351952.666094
goa,2021,4,Recharge & bill payments,1170180,585734312.4063727
goa,2021,4,Financial Services,11320,17101084.66037453
goa,2021,4,Others,23775,21819163.1997744
goa,2022,1,Merchant payments,6364271,4682000388.389215
goa,2022,1,Peer-to-peer payments,4640380,14449830641.555716
goa,2022,1,Recharge & bill payments,1177071,646403472.1135541
goa,2022,1,Financial Services,11677,17490493.19245399
goa,2022,1,Others,20699,20720407.595174044
goa,2022,2,Merchant payments,7812998,5736211013.6866455
goa,2022,2,Peer-to-peer payments,5097942,16372343177.228306
goa,2022,2,Recharge & bill payments,1279377,738765635.2807853
goa,2022,2,Financial Services,10666,13192736.02810038
goa,2022,2,Others,15071,12525197.296362752
goa,2022,3,Merchant payments,7595135,5112175255.359402
goa,2022,3,Peer-to-peer payments,4449008,13780955270.352726
goa,2022,3,Recharge & bill payments,1122869,657115143.5357426
goa,2022,3,Financial Services,9992,12650738.420843877
goa,2022,3,Others,11683,11368868.03761505
goa,2022,4,Merchant payments,10319138,6739205748.43176
goa,2022,4,Peer-to-peer payments,5652373,17421974714.962345
goa,2022,4,Recharge & bill payments,1195865,734121700.6400625
goa,2022,4,Financial Services,12147,15705663.126967767
goa,2022,4,Others,13151,13978544.178016864
goa,2023,1,Merchant payments,14273665,9074816758.0
goa,2023,1,Peer-to-peer payments,8071768,24773922296.0
goa,2023,1,Recharge & bill payments,1816029,1197558557.0
goa,2023,1,Financial Services,16209,32648574.0
goa,2023,1,Others,17399,18019590.0
goa,2023,2,Merchant payments,15990744,10146039934.0
goa,2023,2,Peer-to-peer payments,8589659,26985284919.0
goa,2023,2,Recharge & bill payments,1917200,1239783487.0
goa,2023,2,Financial Services,17352,25141843.0
goa,2023,2,Others,15635,15956760.0
goa,2023,3,Merchant payments,16565190,10365884105.0
goa,2023,3,Peer-to-peer payments,8489945,25735484138.0
goa,2023,3,Recharge & bill payments,1913363,1234664127.0
goa,2023,3,Financial Services,17422,26274694.0
goa,2023,3,Others,13808,12872910.0
goa,2023,4,Merchant payments,21003656,12478698529.0
goa,2023,4,Peer-to-peer payments,10430430,30342597216.0
goa,2023,4,Recharge & bill payments,1991324,1413113823.0
goa,2023,4,Financial Services,20827,38067531.0
goa,2023,4,Others,14741,15194458.0
goa,2024,1,Merchant payments,22163645,12736252466.0
goa,2024,1,Peer-to-peer payments,10729197,31099473803.0
goa,2024,1,Recharge & bill payments,2087441,1465885657.0
goa,2024,1,Financial Services,20782,37240917.0
goa,2024,1,Others,12922,13047417.0
goa,2024,2,Merchant payments,23908901,13821574623.0
goa,2024,2,Peer-to-peer payments,10933835,32155453858.0
goa,2024,2,Recharge & bill payments,2120776,1419954245.0
goa,2024,2,Financial Services,24891,41870631.0
goa,2024,2,Others,12403,15977355.0
goa,2024,3,Merchant payments,23789645,13663769858.0
goa,2024,3,Peer-to-peer payments,10858222,30761382765.0
goa,2024,3,Recharge & bill payments,2070465,1423628089.0
goa,2024,3,Financial Services,32037,51120538.0
goa,2024,3,Others,11742,13626762.0
goa,2024,4,Merchant payments,30381117,17216927595.0
goa,2024,4,Peer-to-peer payments,13499590,37720460757.0
goa,2024,4,Recharge & bill payments,2166016,1548395751.0
goa,2024,4,Financial Services,71254,55469478.0
goa,2024,4,Others,13559,21335962.0
gujarat,2018,1,Recharge & bill payments,3691952,878929080.9916563
gujarat,2018,1,Peer-to-peer payments,1738974,6318864759.888066
gujarat,2018,1,Merchant payments,145436,166036667.57089135
gujarat,2018,1,Financial Services,122117,27986679.009713165
gujarat,2018,1,Others,250296,186165067.5737218
gujarat,2018,2,Recharge & bill payments,4643367,1571880396.377953
gujarat,2018,2,Peer-to-peer payments,2483231,10009680530.386887
gujarat,2018,2,Merchant payments,275503,356984574.1205573
gujarat,2018,2,Financial Services,140704,38598263.22838031
gujarat,2018,2,Others,202928,185541007.527258
gujarat,2018,3,Peer-to-peer payments,5287200,15272745137.759302
gujarat,2018,3,Recharge & bill payments,5117168,1938041688.9678535
gujarat,2018,3,Merchant payments,573440,466209496.80151117
gujarat,2018,3,Financial Services,136468,24930605.607339725
gujarat,2018,3,Others,219873,164477497.1394802
gujarat,2018,4,Peer-to-peer payments,6488202,21207285184.780193
gujarat,2018,4,Recharge & bill payments,6138404,2297332323.0815277
gujarat,2018,4,Merchant payments,1656377,1088373316.0580251
gujarat,2018,4,Financial Services,133915,30699273.16507
gujarat,2018,4,Others,316405,207297005.69778407
gujarat,2019,1,Peer-to-peer payments,13465044,31231285551.308655
gujarat,2019,1,Recharge & bill payments,8595256,3104251732.6516943
gujarat,2019,1,Merchant payments,2493340,1296376125.1752787
gujarat,2019,1,Financial Services,114539,19581520.569400217
gujarat,2019,1,Others,323272,204585378.77191538
gujarat,2019,2,Peer-to-peer payments,12547493,41853661230.46585
gujarat,2019,2,Recharge & bill payments,10434449,4651874823.428602
gujarat,2019,2,Merchant payments,5486791,2526448415.3585706
gujarat,2019,2,Financial Services,70502,17349813.389733132
gujarat,2019,2,Others,442607,271280936.6247084
gujarat,2019,3,Peer-to-peer payments,14529353,49206585462.018684
gujarat,2019,3,Merchant payments,11788077,4211116461.2911887
gujarat,2019,3,Recharge & bill payments,11349625,5768100024.478059
gujarat,2019,3,Financial Services,78609,20507001.233050577
gujarat,2019,3,Others,482985,256386015.24681717
gujarat,2019,4,Peer-to-peer payments,19107911,64477452638.7778
gujarat,2019,4,Recharge & bill payments,12967713,6517891166.722656
gujarat,2019,4,Merchant payments,9964076,5480269119.720948
gujarat,2019,4,Financial Services,63498,20202767.26414788
gujarat,2019,4,Others,444434,194846362.42851496
gujarat,2020,1,Peer-to-peer payments,19068093,72393727235.07784
gujarat,2020,1,Recharge & bill payments,15648472,7197595156.690899
gujarat,2020,1,Merchant payments,12191478,7210758662.281933
gujarat,2020,1,Financial Services,50753,27460255.45966168
gujarat,2020,1,Others,367621,165535312.39278784
gujarat,2020,2,Recharge & bill payments,19971660,8322688556.990006
gujarat,2020,2,Peer-to-peer payments,17569398,64723140394.22913
gujarat,2020,2,Merchant payments,9645967,7196610931.561442
gujarat,2020,2,Financial Services,59617,53132341.305008195
gujarat,2020,2,Others,173543,92274135.40504411
gujarat,2020,3,Peer-to-peer payments,23130724,89142122337.25531
gujarat,2020,3,Merchant payments,18338969,12749796641.785404
gujarat,2020,3,Recharge & bill payments,17481357,9820654243.80882
gujarat,2020,3,Financial Services,92278,84723188.62104335
gujarat,2020,3,Others,246851,124456073.24163358
gujarat,2020,4,Peer-to-peer payments,29967258,116743230330.36209
gujarat,2020,4,Merchant payments,28430460,20844321156.652935
gujarat,2020,4,Recharge & bill payments,18943669,10441981826.080866
gujarat,2020,4,Financial Services,113371,120056733.8865249
gujarat,2020,4,Others,373789,243470065.45681778
gujarat,2021,1,Peer-to-peer payments,36427493,144818968373.02933
gujarat,2021,1,Merchant payments,35815382,26512643894.003174
gujarat,2021,1,Recharge & bill payments,22088838,11996115292.377842
gujarat,2021,1,Financial Services,126380,137612317.73580322
gujarat,2021,1,Others,316472,235440836.3042438
gujarat,2021,2,Merchant payments,42593432,33542305033.829506
gujarat,2021,2,Peer-to-peer payments,41642387,162483567902.30194
gujarat,2021,2,Recharge & bill payments,27127405,13750783181.944221
gujarat,2021,2,Financial Services,128647,136119996.7022825
gujarat,2021,2,Others,349525,249278437.33914098
gujarat,2021,3,Merchant payments,62934471,48197579736.51646
gujarat,2021,3,Peer-to-peer payments,56134212,208013326600.62402
gujarat,2021,3,Recharge & bill payments,29580901,15945997372.058683
gujarat,2021,3,Financial Services,125167,163304131.1436523
gujarat,2021,3,Others,473656,304418273.24545926
gujarat,2021,4,Merchant payments,84846502,68717933161.8696
gujarat,2021,4,Peer-to-peer payments,67301686,254338740726.63605
gujarat,2021,4,Recharge & bill payments,30072479,18739034341.66239
gujarat,2021,4,Financial Services,175393,209214620.7057898
gujarat,2021,4,Others,591265,377657202.7539646
gujarat,2022,1,Merchant payments,101648378,79563412221.78397
gujarat,2022,1,Peer-to-peer payments,77768758,292439274688.30835
gujarat,2022,1,Recharge & bill payments,30473298,20042066374.66357
gujarat,2022,1,Financial Services,160423,187077879.38466492
gujarat,2022,1,Others,496289,316261089.4073821
gujarat,2022,2,Merchant payments,131610193,95585623258.23604
gujarat,2022,2,Peer-to-peer payments,86423696,326945780476.59766
gujarat,2022,2,Recharge & bill payments,33424931,23844933238.40894
gujarat,2022,2,Financial Services,125180,142685436.4192669
gujarat,2022,2,Others,468796,278978567.1836352
gujarat,2022,3,Merchant payments,161264265,109018764232.99393
gujarat,2022,3,Peer-to-peer payments,103034790,359338045092.0105
gujarat,2022,3,Recharge & bill payments,38383683,28649040040.502144
gujarat,2022,3,Financial Services,152053,162173602.84596294
gujarat,2022,3,Others,404941,269479241.0969004
gujarat,2022,4,Merchant payments,186533503,125585214989.03009
gujarat,2022,4,Peer-to-peer payments,114868478,411053364214.2685
gujarat,2022,4,Recharge & bill payments,39167297,30789927498.953297
gujarat,2022,4,Financial Services,179101,194314203.00804448
gujarat,2022,4,Others,407639,295484431.2780074
gujarat,2023,1,Merchant payments,199359623,123421554216.0
gujarat,2023,1,Peer-to-peer payments,120907384,436337923470.0
gujarat,2023,1,Recharge & bill payments,41649002,37570733166.0
gujarat,2023,1,Financial Services,180163,200278806.0
gujarat,2023,1,Others,415154,295699148.0
gujarat,2023,2,Merchant payments,239396654,135256737974.0
gujarat,2023,2,Peer-to-peer payments,132035120,470150906708.0
gujarat,2023,2,Recharge & bill payments,44902296,39506073738.0
gujarat,2023,2,Financial Services,191053,225104195.0
gujarat,2023,2,Others,397430,268385910.0
gujarat,2023,3,Merchant payments,279651861,155597205179.0
gujarat,2023,3,Peer-to-peer payments,151754885,508236930735.0
gujarat,2023,3,Recharge & bill payments,47284770,43342854631.0
gujarat,2023,3,Financial Services,246300,311377540.0
gujarat,2023,3,Others,365774,248668365.0
gujarat,2023,4,Merchant payments,319459808,179560004574.0
gujarat,2023,4,Peer-to-peer payments,166959749,567135968086.0
gujarat,2023,4,Recharge & bill payments,47046378,47786850776.0
gujarat,2023,4,Financial Services,271611,349727923.0
gujarat,2023,4,Others,378032,254647715.0
gujarat,2024,1,Merchant payments,366409312,201682534095.0
gujarat,2024,1,Peer-to-peer payments,187792836,618453750215.0
gujarat,2024,1,Recharge & bill payments,51744007,50813658532.0
gujarat,2024,1,Financial Services,273979,398254841.0
gujarat,2024,1,Others,356537,271267241.0
gujarat,2024,2,Merchant payments,437221639,222449503863.0
gujarat,2024,2,Peer-to-peer payments,199501081,638163102162.0
gujarat,2024,2,Recharge & bill payments,52968092,49178909419.0
gujarat,2024,2,Financial Services,320563,459744596.0
gujarat,2024,2,Others,383778,373786893.0
gujarat,2024,3,Merchant payments,476512894,238978729415.0
gujarat,2024,3,Peer-to-peer payments,225649266,671907062380.0
gujarat,2024,3,Recharge & bill payments,54584624,51775029765.0
gujarat,2024,3,Financial Services,384648,514500536.0
gujarat,2024,3,Others,309818,376066005.0
gujarat,2024,4,Merchant payments,530043047,271052844680.0
gujarat,2024,4,Peer-to-peer payments,244109941,750880785528.0
gujarat,2024,4,Recharge & bill payments,51838504,53102559360.0
gujarat,2024,4,Financial Services,1091610,557971100.0
gujarat,2024,4,Others,291864,420340754.0
haryana,2018,1,Recharge & bill payments,2368002,535578755.07945114
haryana,2018,1,Peer-to-peer payments,1607193,5814807510.68666
haryana,2018,1,Merchant payments,167816,173513595.3537558
haryana,2018,1,Financial Services,128636,27501068.014126316
haryana,2018,1,Others,209123,242110585.52640373
haryana,2018,2,Recharge & bill payments,3054284,984897276.651981
haryana,2018,2,Peer-to-peer payments,2388953,9745924809.851494
haryana,2018,2,Merchant payments,369916,334118261.45344114
haryana,2018,2,Financial Services,167570,38145882.44180386
haryana,2018,2,Others,170208,217328211.71769944
haryana,2018,3,Peer-to-peer payments,3753981,14429454356.345787
haryana,2018,3,Recharge & bill payments,3203386,1310467515.0605886
haryana,2018,3,Merchant payments,1003057,427387637.9335371
haryana,2018,3,Financial Services,100452,17323790.814170156
haryana,2018,3,Others,201148,190505707.47361812
haryana,2018,4,Peer-to-peer payments,5905032,22416919746.93868
haryana,2018,4,Recharge & bill payments,4116262,1671040703.7317612
haryana,2018,4,Merchant payments,2413446,1013407379.8963095
haryana,2018,4,Financial Services,120711,22252543.62175617
haryana,2018,4,Others,394732,267255642.26742023
haryana,2019,1,Peer-to-peer payments,12622225,30283578836.61907
haryana,2019,1,Recharge & bill payments,5576577,2202061874.5361757
haryana,2019,1,Merchant payments,3361995,1292375556.3150868
haryana,2019,1,Financial Services,101786,15201736.002431491
haryana,2019,1,Others,473192,258437718.15887585
haryana,2019,2,Peer-to-peer payments,10387562,37056084813.57578
haryana,2019,2,Recharge & bill payments,5902923,2838724048.0896106
haryana,2019,2,Merchant payments,5738283,2292901816.1432047
haryana,2019,2,Financial Services,57488,12080285.227121718
haryana,2019,2,Others,655560,301748850.1804938
haryana,2019,3,Peer-to-peer payments,11775288,43738290119.9285
haryana,2019,3,Merchant payments,9386779,3615636827.8118167
haryana,2019,3,Recharge & bill payments,8289987,4817098564.823641
haryana,2019,3,Financial Services,61503,16715100.880217994
haryana,2019,3,Others,829974,301378585.9978597
haryana,2019,4,Peer-to-peer payments,15729819,58242027266.14443
haryana,2019,4,Merchant payments,11615667,5253780278.236426
haryana,2019,4,Recharge & bill payments,9648003,5637358525.756194
haryana,2019,4,Financial Services,41688,13756049.144287623
haryana,2019,4,Others,790808,212797749.81994924
haryana,2020,1,Peer-to-peer payments,17728235,68367245528.07149
haryana,2020,1,Merchant payments,14327020,7075196609.224878
haryana,2020,1,Recharge & bill payments,11346112,6331682016.516322
haryana,2020,1,Financial Services,34488,25266730.1883267
haryana,2020,1,Others,600232,176823674.24305555
haryana,2020,2,Peer-to-peer payments,17334369,66645492690.67839
haryana,2020,2,Recharge & bill payments,12740328,6547618491.532405
haryana,2020,2,Merchant payments,11527654,7393393677.758501
haryana,2020,2,Financial Services,48759,49209527.29146181
haryana,2020,2,Others,129940,75550536.67993587
haryana,2020,3,Peer-to-peer payments,24123449,88796356487.11024
haryana,2020,3,Merchant payments,20845136,12141560866.982178
haryana,2020,3,Recharge & bill payments,12716319,8452802892.504496
haryana,2020,3,Financial Services,66457,80854296.9304013
haryana,2020,3,Others,186818,96375902.20346308
haryana,2020,4,Merchant payments,34063692,21382305452.06797
haryana,2020,4,Peer-to-peer payments,33920789,128613933346.85507
haryana,2020,4,Recharge & bill payments,14682896,9675471300.731653
haryana,2020,4,Financial Services,84881,103265693.75364488
haryana,2020,4,Others,419181,223528573.1334415
haryana,2021,1,Merchant payments,39363588,23389100227.155342
haryana,2021,1,Peer-to-peer payments,36764622,135970636784.61835
haryana,2021,1,Recharge & bill payments,13680353,9260346909.440674
haryana,2021,1,Financial Services,79784,99672809.99228218
haryana,2021,1,Others,364437,218544351.22172093
haryana,2021,2,Merchant payments,45335533,29119078263.957985
haryana,2021,2,Peer-to-peer payments,44086559,161073685336.6668
haryana,2021,2,Recharge & bill payments,15861047,9839496894.971409
haryana,2021,2,Financial Services,85821,97238136.09517692
haryana,2021,2,Others,311896,227855606.99266592
haryana,2021,3,Merchant payments,66885213,40190922826.60629
haryana,2021,3,Peer-to-peer payments,55929958,188548678300.5247
haryana,2021,3,Recharge & bill payments,17087955,11681457468.964512
haryana,2021,3,Financial Services,77496,116592181.46997279
haryana,2021,3,Others,479071,289441481.64370304
haryana,2021,4,Merchant payments,84993587,56325102920.50671
haryana,2021,4,Peer-to-peer payments,66548306,238638993818.09595
haryana,2021,4,Recharge & bill payments,17632752,13817258646.066364
haryana,2021,4,Financial Services,105050,151421306.61683068
haryana,2021,4,Others,407280,307822609.17479354
haryana,2022,1,Merchant payments,98346418,62565728158.2885
haryana,2022,1,Peer-to-peer payments,74499889,263547240999.68338
haryana,2022,1,Recharge & bill payments,18494827,14765350795.965681
haryana,2022,1,Financial Services,107240,146586164.62792295
haryana,2022,1,Others,540235,279136534.21161634
haryana,2022,2,Merchant payments,130033573,76926347115.76375
haryana,2022,2,Peer-to-peer payments,84219451,300504797205.2718
haryana,2022,2,Recharge & bill payments,20011709,17457331653.445232
haryana,2022,2,Financial Services,89805,120610061.5284536
haryana,2022,2,Others,345424,224949213.49711913
haryana,2022,3,Merchant payments,151278013,87063736519.87311
haryana,2022,3,Peer-to-peer payments,95071203,319374569105.9015
haryana,2022,3,Recharge & bill payments,22592966,21247984018.682095
haryana,2022,3,Financial Services,111032,144937203.2864578
haryana,2022,3,Others,308596,223267730.28330007
haryana,2022,4,Merchant payments,169685872,102918159834.12416
haryana,2022,4,Peer-to-peer payments,102993798,364514204185.1917
haryana,2022,4,Recharge & bill payments,23545059,22666085169.84729
haryana,2022,4,Financial Services,118488,152488074.9943577
haryana,2022,4,Others,305148,239722615.94605047
haryana,2023,1,Merchant payments,220693824,114248076004.0
haryana,2023,1,Peer-to-peer payments,128879993,443424820679.0
haryana,2023,1,Recharge & bill payments,31210728,32978369763.0
haryana,2023,1,Financial Services,158036,217615573.0
haryana,2023,1,Others,375883,281741717.0
haryana,2023,2,Merchant payments,275974807,130133751625.0
haryana,2023,2,Peer-to-peer payments,147382711,495834929236.0
haryana,2023,2,Recharge & bill payments,33655091,35262651840.0
haryana,2023,2,Financial Services,172309,259162565.0
haryana,2023,2,Others,351272,251633370.0
haryana,2023,3,Merchant payments,310148821,140917418482.0
haryana,2023,3,Peer-to-peer payments,156760079,498555993196.0
haryana,2023,3,Recharge & bill payments,34105227,37490386949.0
haryana,2023,3,Financial Services,198713,304618547.0
haryana,2023,3,Others,306638,223563566.0
haryana,2023,4,Merchant payments,343440148,167695632461.0
haryana,2023,4,Peer-to-peer payments,175429519,571466808865.0
haryana,2023,4,Recharge & bill payments,35320482,42514330771.0
haryana,2023,4,Financial Services,238826,371355840.0
haryana,2023,4,Others,319258,222356663.0
haryana,2024,1,Merchant payments,376661558,177987462151.0
haryana,2024,1,Peer-to-peer payments,187967904,583735861647.0
haryana,2024,1,Recharge & bill payments,39068051,44295176434.0
haryana,2024,1,Financial Services,256222,477335930.0
haryana,2024,1,Others,339765,292383070.0
haryana,2024,2,Merchant payments,482530215,211396204964.0
haryana,2024,2,Peer-to-peer payments,214457734,647411527784.0
haryana,2024,2,Recharge & bill payments,40862353,45581779106.0
haryana,2024,2,Financial Services,304547,600748740.0
haryana,2024,2,Others,399076,454335006.0
haryana,2024,3,Merchant payments,521289709,224122374449.0
haryana,2024,3,Peer-to-peer payments,231461545,648650534007.0
haryana,2024,3,Recharge & bill payments,41502651,49244659978.0
haryana,2024,3,Financial Services,361554,712626768.0
haryana,2024,3,Others,324761,476486596.0
haryana,2024,4,Merchant payments,554528337,256120928312.0
haryana,2024,4,Peer-to-peer payments,244665075,724617450899.0
haryana,2024,4,Recharge & bill payments,40983335,49974294031.0
haryana,2024,4,Financial Services,906666,717769217.0
haryana,2024,4,Others,310877,528916895.0
himachal-pradesh,2018,1,Recharge & bill payments,284371,49871175.82607427
himachal-pradesh,2018,1,Peer-to-peer payments,154572,546222027.4835303
himachal-pradesh,2018,1,Merchant payments,13241,13851230.83495245
himachal-pradesh,2018,1,Financial Services,8955,2040522.724771278
himachal-pradesh,2018,1,Others,20779,16752849.503009535
himachal-pradesh,2018,2,Recharge & bill payments,385642,83714322.414042
himachal-pradesh,2018,2,Peer-to-peer payments,243436,1043702964.1513071
himachal-pradesh,2018,2,Merchant payments,27851,31961300.882765952
himachal-pradesh,2018,2,Financial Services,11330,4108919.3075577794
himachal-pradesh,2018,2,Others,19436,19681794.59544668
himachal-pradesh,2018,3,Recharge & bill payments,457449,108456077.51862916
himachal-pradesh,2018,3,Peer-to-peer payments,362755,1596570994.985427
himachal-pradesh,2018,3,Merchant payments,40675,31168155.22193054
himachal-pradesh,2018,3,Financial Services,8182,1552275.0537747287
himachal-pradesh,2018,3,Others,17693,16293930.078267336
himachal-pradesh,2018,4,Recharge & bill payments,598325,143031082.4432017
himachal-pradesh,2018,4,Peer-to-peer payments,590518,2367228879.4462624
himachal-pradesh,2018,4,Merchant payments,86963,87575811.80014335
himachal-pradesh,2018,4,Financial Services,11834,2283052.790977265
himachal-pradesh,2018,4,Others,20243,21180141.658664487
himachal-pradesh,2019,1,Peer-to-peer payments,1178280,3066233587.9236507
himachal-pradesh,2019,1,Recharge & bill payments,844570,209521987.03977025
himachal-pradesh,2019,1,Merchant payments,115553,86624660.3112043
himachal-pradesh,2019,1,Financial Services,9585,1424229.9989233727
himachal-pradesh,2019,1,Others,20730,17676977.717503674
himachal-pradesh,2019,2,Peer-to-peer payments,1141873,4428007670.958708
himachal-pradesh,2019,2,Recharge & bill payments,1076793,279864579.97562265
himachal-pradesh,2019,2,Merchant payments,248517,141088575.8726466
himachal-pradesh,2019,2,Financial Services,5013,1453651.5352588107
himachal-pradesh,2019,2,Others,30110,25469495.268363245
himachal-pradesh,2019,3,Recharge & bill payments,1212659,327570066.9967147
himachal-pradesh,2019,3,Peer-to-peer payments,1181680,5039276845.295213
himachal-pradesh,2019,3,Merchant payments,312575,182746198.16430056
himachal-pradesh,2019,3,Financial Services,3096,1775673.9713265826
himachal-pradesh,2019,3,Others,25170,20649996.69578039
himachal-pradesh,2019,4,Peer-to-peer payments,1579582,6533855301.069828
himachal-pradesh,2019,4,Recharge & bill payments,1442940,402619114.99428564
himachal-pradesh,2019,4,Merchant payments,467309,314965060.6352696
himachal-pradesh,2019,4,Financial Services,4576,1769641.9665086274
himachal-pradesh,2019,4,Others,22239,17954418.582290154
himachal-pradesh,2020,1,Recharge & bill payments,1815157,542356756.9678606
himachal-pradesh,2020,1,Peer-to-peer payments,1594806,6431826925.118802
himachal-pradesh,2020,1,Merchant payments,711018,427497010.10439825
himachal-pradesh,2020,1,Financial Services,4711,3172303.6900622216
himachal-pradesh,2020,1,Others,18788,14613755.241563875
himachal-pradesh,2020,2,Recharge & bill payments,2558935,802231470.1628922
himachal-pradesh,2020,2,Peer-to-peer payments,1544488,6738488218.640328
himachal-pradesh,2020,2,Merchant payments,570031,479165630.6102103
himachal-pradesh,2020,2,Financial Services,7634,7359757.737539303
himachal-pradesh,2020,2,Others,14642,9659685.392965626
himachal-pradesh,2020,3,Recharge & bill payments,2416395,834567922.2742614
himachal-pradesh,2020,3,Peer-to-peer payments,1954492,8806586536.659174
himachal-pradesh,2020,3,Merchant payments,1090445,851539467.337558
himachal-pradesh,2020,3,Financial Services,9543,11391079.288736572
himachal-pradesh,2020,3,Others,19001,11969008.527252048
himachal-pradesh,2020,4,Recharge & bill payments,2638030,936305777.7250878
himachal-pradesh,2020,4,Peer-to-peer payments,2594659,11426268857.229637
himachal-pradesh,2020,4,Merchant payments,2001259,1589433440.2684097
himachal-pradesh,2020,4,Financial Services,11353,15534252.217986543
himachal-pradesh,2020,4,Others,27027,21510781.37178286
himachal-pradesh,2021,1,Peer-to-peer payments,2845733,11358078843.572702
himachal-pradesh,2021,1,Recharge & bill payments,2547359,948929031.6443391
himachal-pradesh,2021,1,Merchant payments,2186946,1778219850.8347864
himachal-pradesh,2021,1,Financial Services,12561,16554205.504427344
himachal-pradesh,2021,1,Others,21430,18764977.931273177
himachal-pradesh,2021,2,Peer-to-peer payments,3340531,13035543546.66397
himachal-pradesh,2021,2,Recharge & bill payments,3216602,1045789841.916208
himachal-pradesh,2021,2,Merchant payments,2883209,2378084375.199477
himachal-pradesh,2021,2,Financial Services,14642,16428390.62373627
himachal-pradesh,2021,2,Others,28918,19788385.405835297
himachal-pradesh,2021,3,Peer-to-peer payments,4455153,16560383923.204865
himachal-pradesh,2021,3,Merchant payments,4198808,3524434949.634083
himachal-pradesh,2021,3,Recharge & bill payments,3359406,1178802736.5280356
himachal-pradesh,2021,3,Financial Services,14497,22805774.600357123
himachal-pradesh,2021,3,Others,36303,23834687.160697926
himachal-pradesh,2021,4,Merchant payments,6062931,5228613146.743451
himachal-pradesh,2021,4,Peer-to-peer payments,5323397,19568394324.584805
himachal-pradesh,2021,4,Recharge & bill payments,3211367,1278824361.837138
himachal-pradesh,2021,4,Financial Services,18198,24809740.714031782
himachal-pradesh,2021,4,Others,50971,35578926.74639452
himachal-pradesh,2022,1,Merchant payments,7030946,5558905677.966259
himachal-pradesh,2022,1,Peer-to-peer payments,5718936,19473276901.331963
himachal-pradesh,2022,1,Recharge & bill payments,3271665,1429960686.7669475
himachal-pradesh,2022,1,Financial Services,19314,24442138.15399971
himachal-pradesh,2022,1,Others,47319,31862035.713640407
himachal-pradesh,2022,2,Merchant payments,10591420,7697399368.089639
himachal-pradesh,2022,2,Peer-to-peer payments,7109948,24407668318.014194
himachal-pradesh,2022,2,Recharge & bill payments,3520538,1553155243.3951051
himachal-pradesh,2022,2,Financial Services,16901,20627276.079190243
himachal-pradesh,2022,2,Others,52564,30257752.66416522
himachal-pradesh,2022,3,Merchant payments,12686960,8511266152.669347
himachal-pradesh,2022,3,Peer-to-peer payments,8330778,27039659316.468132
himachal-pradesh,2022,3,Recharge & bill payments,4083168,1780405740.3941154
himachal-pradesh,2022,3,Financial Services,21293,22686931.870640453
himachal-pradesh,2022,3,Others,42669,26764547.138168834
himachal-pradesh,2022,4,Merchant payments,15297492,10280295883.656351
himachal-pradesh,2022,4,Peer-to-peer payments,9284824,29629346091.977356
himachal-pradesh,2022,4,Recharge & bill payments,3907023,1810538524.3215194
himachal-pradesh,2022,4,Financial Services,24342,31775337.436365627
himachal-pradesh,2022,4,Others,41455,27387394.982090995
himachal-pradesh,2023,1,Merchant payments,14694013,9023136407.0
himachal-pradesh,2023,1,Peer-to-peer payments,8637695,26709451358.0
himachal-pradesh,2023,1,Recharge & bill payments,3901516,1950250571.0
himachal-pradesh,2023,1,Financial Services,25722,30757925.0
himachal-pradesh,2023,1,Others,42780,27351473.0
himachal-pradesh,2023,2,Merchant payments,19954117,11643011071.0
himachal-pradesh,2023,2,Peer-to-peer payments,10781507,33008088763.0
himachal-pradesh,2023,2,Recharge & bill payments,4247339,2159052653.0
himachal-pradesh,2023,2,Financial Services,27709,34689932.0
himachal-pradesh,2023,2,Others,50923,30221299.0
himachal-pradesh,2023,3,Merchant payments,19233611,10559011464.0
himachal-pradesh,2023,3,Peer-to-peer payments,9983786,29239694406.0
himachal-pradesh,2023,3,Recharge & bill payments,4046932,1991652882.0
himachal-pradesh,2023,3,Financial Services,27958,41972330.0
himachal-pradesh,2023,3,Others,44767,22240555.0
himachal-pradesh,2023,4,Merchant payments,23387107,12903037462.0
himachal-pradesh,2023,4,Peer-to-peer payments,11365164,33158062287.0
himachal-pradesh,2023,4,Recharge & bill payments,3816711,2143949720.0
himachal-pradesh,2023,4,Financial Services,33097,51956047.0
himachal-pradesh,2023,4,Others,49760,23241048.0
himachal-pradesh,2024,1,Merchant payments,23888813,12955779718.0
himachal-pradesh,2024,1,Peer-to-peer payments,11704961,32645830060.0
himachal-pradesh,2024,1,Recharge & bill payments,3859407,2212162426.0
himachal-pradesh,2024,1,Financial Services,30691,48981227.0
himachal-pradesh,2024,1,Others,36689,21477908.0
himachal-pradesh,2024,2,Merchant payments,33432764,17005142646.0
himachal-pradesh,2024,2,Peer-to-peer payments,14843874,40268257987.0
himachal-pradesh,2024,2,Recharge & bill payments,4230908,2481006839.0
himachal-pradesh,2024,2,Financial Services,36023,61908319.0
himachal-pradesh,2024,2,Others,40232,33424911.0
himachal-pradesh,2024,3,Merchant payments,31048392,15876449590.0
himachal-pradesh,2024,3,Peer-to-peer payments,14484420,38181559423.0
himachal-pradesh,2024,3,Recharge & bill payments,4131536,2449198130.0
himachal-pradesh,2024,3,Financial Services,44777,72816126.0
himachal-pradesh,2024,3,Others,28424,35918329.0
himachal-pradesh,2024,4,Merchant payments,34093853,18651098385.0
himachal-pradesh,2024,4,Peer-to-peer payments,15691651,42533547817.0
himachal-pradesh,2024,4,Recharge & bill payments,3857052,2426494040.0
himachal-pradesh,2024,4,Financial Services,129364,92305168.0
himachal-pradesh,2024,4,Others,26478,33550824.0
jammu-&-kashmir,2018,1,Recharge & bill payments,457813,78812610.35129012
jammu-&-kashmir,2018,1,Peer-to-peer payments,353621,861670157.9310012
jammu-&-kashmir,2018,1,Financial Services,65683,10269382.6199755
jammu-&-kashmir,2018,1,Merchant payments,28696,30967525.638810236
jammu-&-kashmir,2018,1,Others,35755,23651562.715049967
jammu-&-kashmir,2018,2,Recharge & bill payments,794502,166762242.91718757
jammu-&-kashmir,2018,2,Peer-to-peer payments,771844,2372961687.5536175
jammu-&-kashmir,2018,2,Financial Services,112422,15636116.81386063
jammu-&-kashmir,2018,2,Merchant payments,79248,64454257.5252622
jammu-&-kashmir,2018,2,Others,38310,31391931.692946266
jammu-&-kashmir,2018,3,Peer-to-peer payments,1260453,3616022745.5645847
jammu-&-kashmir,2018,3,Recharge & bill payments,822143,203079955.34644008
jammu-&-kashmir,2018,3,Merchant payments,140076,82826475.18797052
jammu-&-kashmir,2018,3,Financial Services,44464,6397888.3546260595
jammu-&-kashmir,2018,3,Others,36825,26373935.004048545
jammu-&-kashmir,2018,4,Peer-to-peer payments,1265457,5151829745.262983
jammu-&-kashmir,2018,4,Recharge & bill payments,970724,254473764.00233167
jammu-&-kashmir,2018,4,Merchant payments,402303,215771001.5429565
jammu-&-kashmir,2018,4,Financial Services,33775,6072177.152358056
jammu-&-kashmir,2018,4,Others,49051,36573577.73688933
jammu-&-kashmir,2019,1,Peer-to-peer payments,1913720,5414709531.836735
jammu-&-kashmir,2019,1,Recharge & bill payments,1131953,302663112.8884805
jammu-&-kashmir,2019,1,Merchant payments,452379,199219534.93760535
jammu-&-kashmir,2019,1,Financial Services,43247,4593545.201922052
jammu-&-kashmir,2019,1,Others,43688,30649751.65627311
jammu-&-kashmir,2019,2,Peer-to-peer payments,1180781,5666318253.462076
jammu-&-kashmir,2019,2,Recharge & bill payments,706569,215937468.94414753
jammu-&-kashmir,2019,2,Merchant payments,353678,188931529.4882364
jammu-&-kashmir,2019,2,Financial Services,22663,2652961.353697454
jammu-&-kashmir,2019,2,Others,32664,26301988.31534837
jammu-&-kashmir,2019,3,Peer-to-peer payments,618694,3499425217.9582095
jammu-&-kashmir,2019,3,Recharge & bill payments,318061,111964437.03321175
jammu-&-kashmir,2019,3,Merchant payments,165115,120736230.08884756
jammu-&-kashmir,2019,3,Financial Services,2895,658515.8825482852
jammu-&-kashmir,2019,3,Others,11761,11446090.81965122
jammu-&-kashmir,2019,4,Peer-to-peer payments,310620,1799955855.9714913
jammu-&-kashmir,2019,4,Merchant payments,91303,77859073.82317376
jammu-&-kashmir,2019,4,Recharge & bill payments,84803,49065907.04578097
jammu-&-kashmir,2019,4,Financial Services,197,213741.2862032762
jammu-&-kashmir,2019,4,Others,3005,2601419.6959477984
jammu-&-kashmir,2020,1,Peer-to-peer payments,435154,2654638582.0865793
jammu-&-kashmir,2020,1,Recharge & bill payments,341357,144213068.71202034
jammu-&-kashmir,2020,1,Merchant payments,135241,131144418.96503358
jammu-&-kashmir,2020,1,Financial Services,2350,2116665.1182805505
jammu-&-kashmir,2020,1,Others,7528,5530441.652102945
jammu-&-kashmir,2020,2,Peer-to-peer payments,1238380,7426818530.258213
jammu-&-kashmir,2020,2,Recharge & bill payments,1028741,413037418.32063264
jammu-&-kashmir,2020,2,Merchant payments,341375,403026357.7674071
jammu-&-kashmir,2020,2,Financial Services,9130,10415041.341445928
jammu-&-kashmir,2020,2,Others,17380,12351591.57084975
jammu-&-kashmir,2020,3,Peer-to-peer payments,1787154,10837119046.792652
jammu-&-kashmir,2020,3,Recharge & bill payments,1005745,443743222.500647
jammu-&-kashmir,2020,3,Merchant payments,642688,667957476.4350253
jammu-&-kashmir,2020,3,Financial Services,10111,13281733.802213533
jammu-&-kashmir,2020,3,Others,20200,15128281.341935568
jammu-&-kashmir,2020,4,Peer-to-peer payments,2378539,13736841259.979288
jammu-&-kashmir,2020,4,Recharge & bill payments,1900075,536741118.30199385
jammu-&-kashmir,2020,4,Merchant payments,1377786,1045006123.4596367
jammu-&-kashmir,2020,4,Financial Services,13578,17966592.697469097
jammu-&-kashmir,2020,4,Others,84466,44350708.939814664
jammu-&-kashmir,2021,1,Peer-to-peer payments,2800201,14801220301.14875
jammu-&-kashmir,2021,1,Recharge & bill payments,2554798,663747765.6760966
jammu-&-kashmir,2021,1,Merchant payments,1527253,1605408313.4781337
jammu-&-kashmir,2021,1,Financial Services,17276,20848657.8594191
jammu-&-kashmir,2021,1,Others,98042,47124854.989329115
jammu-&-kashmir,2021,2,Peer-to-peer payments,3955437,19502438177.8094
jammu-&-kashmir,2021,2,Recharge & bill payments,3568970,892467613.5545956
jammu-&-kashmir,2021,2,Merchant payments,2378307,2343370985.5822287
jammu-&-kashmir,2021,2,Financial Services,19432,21897796.187056318
jammu-&-kashmir,2021,2,Others,105673,53580855.45836207
jammu-&-kashmir,2021,3,Peer-to-peer payments,5621108,26562997915.198593
jammu-&-kashmir,2021,3,Recharge & bill payments,4192099,1126801385.0108979
jammu-&-kashmir,2021,3,Merchant payments,3197489,3818849262.990345
jammu-&-kashmir,2021,3,Financial Services,16071,27585395.493344467
jammu-&-kashmir,2021,3,Others,124274,62209689.3389434
jammu-&-kashmir,2021,4,Peer-to-peer payments,6852001,31444247707.630074
jammu-&-kashmir,2021,4,Merchant payments,5399465,6026170895.591109
jammu-&-kashmir,2021,4,Recharge & bill payments,4358892,1334473410.4377313
jammu-&-kashmir,2021,4,Financial Services,20269,34425387.51761782
jammu-&-kashmir,2021,4,Others,160001,86920024.59513804
jammu-&-kashmir,2022,1,Peer-to-peer payments,6263588,25881919928.642838
jammu-&-kashmir,2022,1,Merchant payments,5769426,5903944370.148529
jammu-&-kashmir,2022,1,Recharge & bill payments,4046350,1253753685.6124904
jammu-&-kashmir,2022,1,Financial Services,20506,28915576.119299565
jammu-&-kashmir,2022,1,Others,145441,79330065.6359112
jammu-&-kashmir,2022,2,Merchant payments,9917899,8541811640.294408
jammu-&-kashmir,2022,2,Peer-to-peer payments,8948548,35973490940.6326
jammu-&-kashmir,2022,2,Recharge & bill payments,4759941,1631580783.9159238
jammu-&-kashmir,2022,2,Financial Services,17495,23857762.100494668
jammu-&-kashmir,2022,2,Others,169864,83549709.69216739
jammu-&-kashmir,2022,3,Merchant payments,9594459,8056512904.560925
jammu-&-kashmir,2022,3,Peer-to-peer payments,8391981,31280124357.943665
jammu-&-kashmir,2022,3,Recharge & bill payments,4397779,1538833023.8071973
jammu-&-kashmir,2022,3,Financial Services,16502,21281997.61037215
jammu-&-kashmir,2022,3,Others,133673,66802218.32606816
jammu-&-kashmir,2022,4,Merchant payments,13060020,9463119176.828749
jammu-&-kashmir,2022,4,Peer-to-peer payments,9209773,33017162449.59025
jammu-&-kashmir,2022,4,Recharge & bill payments,4885856,1738113554.2451303
jammu-&-kashmir,2022,4,Financial Services,17803,26804683.92881795
jammu-&-kashmir,2022,4,Others,142706,70096050.90090424
jammu-&-kashmir,2023,1,Merchant payments,19258641,12262102502.0
jammu-&-kashmir,2023,1,Peer-to-peer payments,12527159,41006666634.0
jammu-&-kashmir,2023,1,Recharge & bill payments,6894943,2522356131.0
jammu-&-kashmir,2023,1,Financial Services,26119,30772190.0
jammu-&-kashmir,2023,1,Others,220382,99850124.0
jammu-&-kashmir,2023,2,Merchant payments,27968919,16519042612.0
jammu-&-kashmir,2023,2,Peer-to-peer payments,17988275,56687068768.0
jammu-&-kashmir,2023,2,Recharge & bill payments,8374394,3181150839.0
jammu-&-kashmir,2023,2,Financial Services,27724,36616737.0
jammu-&-kashmir,2023,2,Others,228987,106126424.0
jammu-&-kashmir,2023,3,Merchant payments,33831979,20030764520.0
jammu-&-kashmir,2023,3,Peer-to-peer payments,20589029,62320529579.0
jammu-&-kashmir,2023,3,Recharge & bill payments,9247909,3508619105.0
jammu-&-kashmir,2023,3,Financial Services,31473,61895606.0
jammu-&-kashmir,2023,3,Others,203189,94339616.0
jammu-&-kashmir,2023,4,Merchant payments,38724913,23286334977.0
jammu-&-kashmir,2023,4,Peer-to-peer payments,20930306,65658312220.0
jammu-&-kashmir,2023,4,Recharge & bill payments,9268356,3954471487.0
jammu-&-kashmir,2023,4,Financial Services,36281,80127905.0
jammu-&-kashmir,2023,4,Others,207276,90895171.0
jammu-&-kashmir,2024,1,Merchant payments,44039688,26132817115.0
jammu-&-kashmir,2024,1,Peer-to-peer payments,21676857,63494530507.0
jammu-&-kashmir,2024,1,Recharge & bill payments,9191925,4183099352.0
jammu-&-kashmir,2024,1,Financial Services,36970,77808277.0
jammu-&-kashmir,2024,1,Others,170915,72673690.0
jammu-&-kashmir,2024,2,Merchant payments,67028884,36427331951.0
jammu-&-kashmir,2024,2,Peer-to-peer payments,30553524,87708294314.0
jammu-&-kashmir,2024,2,Recharge & bill payments,10377382,4725535622.0
jammu-&-kashmir,2024,2,Financial Services,51851,118499860.0
jammu-&-kashmir,2024,2,Others,167373,82095164.0
jammu-&-kashmir,2024,3,Merchant payments,72762518,40065179721.0
jammu-&-kashmir,2024,3,Peer-to-peer payments,35411991,98957280136.0
jammu-&-kashmir,2024,3,Recharge & bill payments,11191575,5221833445.0
jammu-&-kashmir,2024,3,Financial Services,62311,146900251.0
jammu-&-kashmir,2024,3,Others,126893,79152424.0
jammu-&-kashmir,2024,4,Merchant payments,77746893,45801663532.0
jammu-&-kashmir,2024,4,Peer-to-peer payments,37314662,109794685213.0
jammu-&-kashmir,2024,4,Recharge & bill payments,10916802,5152602988.0
jammu-&-kashmir,2024,4,Financial Services,180612,129044033.0
jammu-&-kashmir,2024,4,Others,102248,72984966.0
jharkhand,2018,1,Recharge & bill payments,1095857,132181815.28422523
jharkhand,2018,1,Peer-to-peer payments,809459,2036315435.6551185
jharkhand,2018,1,Financial Services,107755,45483178.104925826
jharkhand,2018,1,Merchant payments,66299,66465337.511485815
jharkhand,2018,1,Others,99551,93740623.36363094
jharkhand,2018,2,Recharge & bill payments,1398777,208894647.78855115
jharkhand,2018,2,Peer-to-peer payments,1375872,4205862516.777491
jharkhand,2018,2,Financial Services,160637,65554548.24621317
jharkhand,2018,2,Merchant payments,130339,138889079.16124776
jharkhand,2018,2,Others,86455,102374867.08935027
jharkhand,2018,3,Peer-to-peer payments,6003688,8142915751.203348
jharkhand,2018,3,Recharge & bill payments,1539476,256930062.20347697
jharkhand,2018,3,Merchant payments,287427,155059935.04035243
jharkhand,2018,3,Financial Services,216343,38182603.57787939
jharkhand,2018,3,Others,75687,68483065.67956133
jharkhand,2018,4,Peer-to-peer payments,3325473,9414019816.80093
jharkhand,2018,4,Recharge & bill payments,1885135,328077093.4784577
jharkhand,2018,4,Merchant payments,845956,373435992.4816617
jharkhand,2018,4,Financial Services,136918,36357465.52244099
jharkhand,2018,4,Others,90561,90026272.83887212
jharkhand,2019,1,Peer-to-peer payments,5952105,12664709652.347084
jharkhand,2019,1,Recharge & bill payments,2347079,440323945.0577217
jharkhand,2019,1,Merchant payments,892826,391616776.11217976
jharkhand,2019,1,Financial Services,105558,47227410.81132864
jharkhand,2019,1,Others,90140,83358664.9497917
jharkhand,2019,2,Peer-to-peer payments,5155937,17044444613.808352
jharkhand,2019,2,Recharge & bill payments,2734377,562210324.8161657
jharkhand,2019,2,Merchant payments,2049311,862186711.5217196
jharkhand,2019,2,Financial Services,67479,51588987.16245511
jharkhand,2019,2,Others,121107,102270668.23762833
jharkhand,2019,3,Peer-to-peer payments,5708187,19050145624.077984
jharkhand,2019,3,Merchant payments,4766457,1494546030.8330803
jharkhand,2019,3,Recharge & bill payments,3527625,754845093.6112013
jharkhand,2019,3,Financial Services,103620,80276391.6477037
jharkhand,2019,3,Others,114758,86160853.1891717
jharkhand,2019,4,Peer-to-peer payments,10301226,25360155657.218044
jharkhand,2019,4,Recharge & bill payments,4390094,966539484.5717083
jharkhand,2019,4,Merchant payments,3359590,1725990595.6016066
jharkhand,2019,4,Financial Services,104630,45850806.127185926
jharkhand,2019,4,Others,93078,49211833.15857271
jharkhand,2020,1,Peer-to-peer payments,8196850,29875044416.372463
jharkhand,2020,1,Recharge & bill payments,5454093,1358517296.9653778
jharkhand,2020,1,Merchant payments,4499942,2298726414.666834
jharkhand,2020,1,Financial Services,46483,31523887.510064334
jharkhand,2020,1,Others,85345,47420137.7540625
jharkhand,2020,2,Peer-to-peer payments,8724053,32662370316.521744
jharkhand,2020,2,Recharge & bill payments,7538593,1987320466.8540502
jharkhand,2020,2,Merchant payments,3753633,2662438204.2556615
jharkhand,2020,2,Financial Services,56553,130249402.00867195
jharkhand,2020,2,Others,68679,43823586.28346999
jharkhand,2020,3,Peer-to-peer payments,11984094,43128110246.27049
jharkhand,2020,3,Merchant payments,7728846,5163578368.000801
jharkhand,2020,3,Recharge & bill payments,7211293,2217657034.9022017
jharkhand,2020,3,Financial Services,56918,63233533.18627854
jharkhand,2020,3,Others,87322,50036637.653871216
jharkhand,2020,4,Peer-to-peer payments,17120664,60733288288.10599
jharkhand,2020,4,Merchant payments,14168381,9347677563.842455
jharkhand,2020,4,Recharge & bill payments,7945996,2582828438.736846
jharkhand,2020,4,Financial Services,60989,63947540.001266286
jharkhand,2020,4,Others,135603,77432999.35699823
jharkhand,2021,1,Peer-to-peer payments,19151083,69198235576.72797
jharkhand,2021,1,Merchant payments,17489113,11545580927.24733
jharkhand,2021,1,Recharge & bill payments,7826608,2888409672.132301
jharkhand,2021,1,Financial Services,50526,54836609.32711602
jharkhand,2021,1,Others,104333,62290337.70487929
jharkhand,2021,2,Peer-to-peer payments,24184568,86037113965.37598
jharkhand,2021,2,Merchant payments,19041292,14731458451.37311
jharkhand,2021,2,Recharge & bill payments,10583445,3531023352.488878
jharkhand,2021,2,Financial Services,54379,57959229.95440879
jharkhand,2021,2,Others,138461,75088312.26558907
jharkhand,2021,3,Peer-to-peer payments,30113326,97742557031.75543
jharkhand,2021,3,Merchant payments,29687162,19954619973.19194
jharkhand,2021,3,Recharge & bill payments,10742405,4029136911.757236
jharkhand,2021,3,Financial Services,51289,65035270.30823113
jharkhand,2021,3,Others,201520,99665931.8402131
jharkhand,2021,4,Merchant payments,45007900,30397134744.16734
jharkhand,2021,4,Peer-to-peer payments,39476282,130461675107.99458
jharkhand,2021,4,Recharge & bill payments,11173974,4920513757.583611
jharkhand,2021,4,Financial Services,72802,82938673.40787342
jharkhand,2021,4,Others,278084,154856720.55251962
jharkhand,2022,1,Merchant payments,53218047,35404682302.81973
jharkhand,2022,1,Peer-to-peer payments,45881799,153327336656.7779
jharkhand,2022,1,Recharge & bill payments,11502811,5765898871.819412
jharkhand,2022,1,Financial Services,67502,72095750.37612481
jharkhand,2022,1,Others,241051,130193505.37404194
jharkhand,2022,2,Merchant payments,67435024,44149892984.34711
jharkhand,2022,2,Peer-to-peer payments,52086790,175208899196.82
jharkhand,2022,2,Recharge & bill payments,13145888,6119623547.3009
jharkhand,2022,2,Financial Services,50361,53281830.624961995
jharkhand,2022,2,Others,207212,104530269.04482636
jharkhand,2022,3,Merchant payments,74816586,45850919744.1592
jharkhand,2022,3,Peer-to-peer payments,57285937,176549466282.04382
jharkhand,2022,3,Recharge & bill payments,14462031,6838978157.223744
jharkhand,2022,3,Financial Services,68467,69016067.83164982
jharkhand,2022,3,Others,182311,104503812.69942513
jharkhand,2022,4,Merchant payments,91863987,57173653531.6919
jharkhand,2022,4,Peer-to-peer payments,68045210,212953650396.96683
jharkhand,2022,4,Recharge & bill payments,15110623,7625380765.3711195
jharkhand,2022,4,Financial Services,81074,89276259.66683595
jharkhand,2022,4,Others,199198,129776494.88471407
jharkhand,2023,1,Merchant payments,126431470,72343574616.0
jharkhand,2023,1,Peer-to-peer payments,91879570,283548545074.0
jharkhand,2023,1,Recharge & bill payments,21800176,11236559383.0
jharkhand,2023,1,Financial Services,99366,97678666.0
jharkhand,2023,1,Others,247521,144978282.0
jharkhand,2023,2,Merchant payments,156552949,85510419374.0
jharkhand,2023,2,Peer-to-peer payments,107475200,324260678898.0
jharkhand,2023,2,Recharge & bill payments,24866991,12206164188.0
jharkhand,2023,2,Financial Services,101922,101245470.0
jharkhand,2023,2,Others,236831,136219578.0
jharkhand,2023,3,Merchant payments,176986470,87850272164.0
jharkhand,2023,3,Peer-to-peer payments,116215262,317385101261.0
jharkhand,2023,3,Recharge & bill payments,24694215,12857936385.0
jharkhand,2023,3,Financial Services,126439,166648089.0
jharkhand,2023,3,Others,215040,124466121.0
jharkhand,2023,4,Merchant payments,210139266,107902251886.0
jharkhand,2023,4,Peer-to-peer payments,138921302,375782050730.0
jharkhand,2023,4,Recharge & bill payments,25084140,14700179395.0
jharkhand,2023,4,Financial Services,157092,207103239.0
jharkhand,2023,4,Others,236562,128519675.0
jharkhand,2024,1,Merchant payments,240943119,122973605850.0
jharkhand,2024,1,Peer-to-peer payments,157370906,420040441815.0
jharkhand,2024,1,Recharge & bill payments,28096898,16341675108.0
jharkhand,2024,1,Financial Services,146719,249733168.0
jharkhand,2024,1,Others,201453,114781132.0
jharkhand,2024,2,Merchant payments,292972037,143912881957.0
jharkhand,2024,2,Peer-to-peer payments,175846356,458805291316.0
jharkhand,2024,2,Recharge & bill payments,30493851,16999992739.0
jharkhand,2024,2,Financial Services,173960,269689641.0
jharkhand,2024,2,Others,199667,128066838.0
jharkhand,2024,3,Merchant payments,308078784,144012840378.0
jharkhand,2024,3,Peer-to-peer payments,185983240,447316673287.0
jharkhand,2024,3,Recharge & bill payments,28125714,18109397263.0
jharkhand,2024,3,Financial Services,227984,354292146.0
jharkhand,2024,3,Others,160161,116337518.0
jharkhand,2024,4,Merchant payments,346886286,168140534443.0
jharkhand,2024,4,Peer-to-peer payments,211165735,516149821202.0
jharkhand,2024,4,Recharge & bill payments,28025030,19206954971.0
jharkhand,2024,4,Financial Services,670523,377570884.0
jharkhand,2024,4,Others,157112,135619534.0
karnataka,2018,1,Recharge & bill payments,5785292,1496816541.9710202
karnataka,2018,1,Peer-to-peer payments,4456528,16522277460.174664
karnataka,2018,1,Merchant payments,1089627,696586489.2644083
karnataka,2018,1,Financial Services,159848,52664837.407078
karnataka,2018,1,Others,525604,449549985.19633806
karnataka,2018,2,Recharge & bill payments,7391926,2435924808.0540595
karnataka,2018,2,Peer-to-peer payments,7164836,29135024501.319633
karnataka,2018,2,Merchant payments,1874383,1361967204.9193478
karnataka,2018,2,Financial Services,194363,93244737.61226672
karnataka,2018,2,Others,490939,489418829.39568377
karnataka,2018,3,Peer-to-peer payments,12863507,42819128165.14718
karnataka,2018,3,Recharge & bill payments,8674172,3019156590.415938
karnataka,2018,3,Merchant payments,3638065,1879406580.5386481
karnataka,2018,3,Financial Services,205740,50726023.40346949
karnataka,2018,3,Others,598777,456674396.3028466
karnataka,2018,4,Peer-to-peer payments,20471744,63575342228.05887
karnataka,2018,4,Merchant payments,11812478,4751317554.815564
karnataka,2018,4,Recharge & bill payments,11426205,4030978295.062695
karnataka,2018,4,Financial Services,289353,71134704.79416475
karnataka,2018,4,Others,812291,579613793.3366778
karnataka,2019,1,Peer-to-peer payments,44049036,104118436760.31566
karnataka,2019,1,Merchant payments,24491960,7076613843.774634
karnataka,2019,1,Recharge & bill payments,16981941,6217689429.770171
karnataka,2019,1,Financial Services,293728,51023386.14504391
karnataka,2019,1,Others,770944,512618725.75178516
karnataka,2019,2,Peer-to-peer payments,50033334,142910706254.40515
karnataka,2019,2,Merchant payments,44848593,12338599108.54726
karnataka,2019,2,Recharge & bill payments,19283028,7745156562.557001
karnataka,2019,2,Financial Services,140353,44871623.829314835
karnataka,2019,2,Others,1096296,662690676.7455502
karnataka,2019,3,Merchant payments,76924325,20375791901.51608
karnataka,2019,3,Peer-to-peer payments,67784880,183163325083.02167
karnataka,2019,3,Recharge & bill payments,24339891,10208179941.827314
karnataka,2019,3,Financial Services,189716,57194690.691376016
karnataka,2019,3,Others,1494923,732228821.132016
karnataka,2019,4,Merchant payments,114044901,31602890835.851074
karnataka,2019,4,Peer-to-peer payments,93311589,250562864352.78363
karnataka,2019,4,Recharge & bill payments,28862161,12183568521.027195
karnataka,2019,4,Financial Services,101937,51145982.18087677
karnataka,2019,4,Others,1475664,646673755.3894986
karnataka,2020,1,Merchant payments,132970737,40374401933.52864
karnataka,2020,1,Peer-to-peer payments,100868460,297635301555.931
karnataka,2020,1,Recharge & bill payments,35854971,14724886028.403404
karnataka,2020,1,Financial Services,93648,110130184.7219853
karnataka,2020,1,Others,1246074,557335296.81275
karnataka,2020,2,Merchant payments,87251639,38463881234.4382
karnataka,2020,2,Peer-to-peer payments,82118363,265767207470.16788
karnataka,2020,2,Recharge & bill payments,43290272,16434890228.306221
karnataka,2020,2,Financial Services,161560,246367207.0610708
karnataka,2020,2,Others,399878,192530880.1645686
karnataka,2020,3,Merchant payments,137206600,60769881812.00958
karnataka,2020,3,Peer-to-peer payments,119241776,390432374828.4793
karnataka,2020,3,Recharge & bill payments,43139631,18911088810.529343
karnataka,2020,3,Financial Services,251980,358426105.9585576
karnataka,2020,3,Others,520544,268744139.7048992
karnataka,2020,4,Merchant payments,215711211,97147239182.96416
karnataka,2020,4,Peer-to-peer payments,166981242,538340957771.568
karnataka,2020,4,Recharge & bill payments,47736461,21611671359.120274
karnataka,2020,4,Financial Services,284700,427966918.93005997
karnataka,2020,4,Others,823370,508863332.4358694
karnataka,2021,1,Merchant payments,279599017,117959690729.6494
karnataka,2021,1,Peer-to-peer payments,190894164,610937002732.095
karnataka,2021,1,Recharge & bill payments,52261651,25111731675.64637
karnataka,2021,1,Financial Services,297710,475815041.81600165
karnataka,2021,1,Others,744950,511117233.18647754
karnataka,2021,2,Merchant payments,244460862,124624417935.05894
karnataka,2021,2,Peer-to-peer payments,216539959,684035748184.4377
karnataka,2021,2,Recharge & bill payments,68599238,28272314719.07621
karnataka,2021,2,Financial Services,304779,456933673.9871358
karnataka,2021,2,Others,744208,497736717.48932767
karnataka,2021,3,Merchant payments,391381353,190563423840.34485
karnataka,2021,3,Peer-to-peer payments,288462867,908138627418.7012
karnataka,2021,3,Recharge & bill payments,72168311,33386709060.80711
karnataka,2021,3,Financial Services,286685,508051800.8625039
karnataka,2021,3,Others,997323,637927036.8737218
karnataka,2021,4,Merchant payments,503210623,243754536471.1106
karnataka,2021,4,Peer-to-peer payments,350032663,1090951587881.0441
karnataka,2021,4,Recharge & bill payments,76826701,39294350717.405914
karnataka,2021,4,Financial Services,365769,574240588.1883193
karnataka,2021,4,Others,1289682,896608692.1244912
karnataka,2022,1,Merchant payments,588543313,278109650949.8691
karnataka,2022,1,Peer-to-peer payments,389491586,1243199329198.8584
karnataka,2022,1,Recharge & bill payments,78206453,43891305256.63388
karnataka,2022,1,Financial Services,384922,624857963.437548
karnataka,2022,1,Others,1229133,824344937.0828401
karnataka,2022,2,Merchant payments,735295388,358016289601.7625
karnataka,2022,2,Peer-to-peer payments,449723751,1457330278795.186
karnataka,2022,2,Recharge & bill payments,91137091,50583781089.16758
karnataka,2022,2,Financial Services,351688,545330283.2377212
karnataka,2022,2,Others,941042,670434289.8797817
karnataka,2022,3,Merchant payments,704609552,333606445776.6083
karnataka,2022,3,Peer-to-peer payments,404084880,1282604186671.1763
karnataka,2022,3,Recharge & bill payments,79979546,48539011844.07969
karnataka,2022,3,Financial Services,361312,558132533.414458
karnataka,2022,3,Others,726038,610455785.7449958
karnataka,2022,4,Merchant payments,830157371,380643835280.23364
karnataka,2022,4,Peer-to-peer payments,460041715,1468087523889.2769
karnataka,2022,4,Recharge & bill payments,87517348,54445900607.2116
karnataka,2022,4,Financial Services,426795,650217624.1227758
karnataka,2022,4,Others,767142,689145506.798728
karnataka,2023,1,Merchant payments,1130908170,476183911608.0
karnataka,2023,1,Peer-to-peer payments,596731227,1908849346648.0
karnataka,2023,1,Recharge & bill payments,115567496,83516906348.0
karnataka,2023,1,Financial Services,541652,829191703.0
karnataka,2023,1,Others,948644,847870010.0
karnataka,2023,2,Merchant payments,1282439025,553947152559.0
karnataka,2023,2,Peer-to-peer payments,655334370,2131661599812.0
karnataka,2023,2,Recharge & bill payments,128708109,90352839418.0
karnataka,2023,2,Financial Services,564180,870214613.0
karnataka,2023,2,Others,821842,767292428.0
karnataka,2023,3,Merchant payments,1502087676,620261083051.0
karnataka,2023,3,Peer-to-peer payments,733741628,2267342578479.0
karnataka,2023,3,Recharge & bill payments,131971913,96428751649.0
karnataka,2023,3,Financial Services,680721,1117575810.0
karnataka,2023,3,Others,780364,730906598.0
karnataka,2023,4,Merchant payments,1631321006,677686159800.0
karnataka,2023,4,Peer-to-peer payments,796407425,2456912813682.0
karnataka,2023,4,Recharge & bill payments,135125785,104793796043.0
karnataka,2023,4,Financial Services,807597,1266275950.0
karnataka,2023,4,Others,772351,717378908.0
karnataka,2024,1,Merchant payments,1799287261,731643780822.0
karnataka,2024,1,Peer-to-peer payments,854761954,2641887054365.0
karnataka,2024,1,Recharge & bill payments,140813576,109551418217.0
karnataka,2024,1,Financial Services,829562,1475873231.0
karnataka,2024,1,Others,746802,690527871.0
karnataka,2024,2,Merchant payments,1981595688,834831111764.0
karnataka,2024,2,Peer-to-peer payments,911150664,2835423595652.0
karnataka,2024,2,Recharge & bill payments,147578134,112150881882.0
karnataka,2024,2,Financial Services,951013,1832353796.0
karnataka,2024,2,Others,737349,796760344.0
karnataka,2024,3,Merchant payments,2128123870,872671695683.0
karnataka,2024,3,Peer-to-peer payments,985664231,2914446696115.0
karnataka,2024,3,Recharge & bill payments,145576983,117042690235.0
karnataka,2024,3,Financial Services,1113824,2184402210.0
karnataka,2024,3,Others,655187,857082241.0
karnataka,2024,4,Merchant payments,2266169258,935052915428.0
karnataka,2024,4,Peer-to-peer payments,1039723999,3095666288407.0
karnataka,2024,4,Recharge & bill payments,145556961,117911617313.0
karnataka,2024,4,Financial Services,2955462,2231437254.0
karnataka,2024,4,Others,650744,957545420.0
kerala,2018,1,Recharge & bill payments,988774,157311821.37585658
kerala,2018,1,Peer-to-peer payments,600205,2107288314.3025222
kerala,2018,1,Merchant payments,72164,82919383.04571173
kerala,2018,1,Financial Services,40170,7957491.901965583
kerala,2018,1,Others,70067,47197742.47444939
kerala,2018,2,Recharge & bill payments,1230869,248080143.25702396
kerala,2018,2,Peer-to-peer payments,848291,3436199589.077317
kerala,2018,2,Merchant payments,131217,144501582.04666698
kerala,2018,2,Financial Services,41100,12355589.34361695
kerala,2018,2,Others,56688,45786439.71799916
kerala,2018,3,Peer-to-peer payments,1425259,4823239268.279744
kerala,2018,3,Recharge & bill payments,1407588,296352497.34099543
kerala,2018,3,Merchant payments,210974,160705488.6023575
kerala,2018,3,Financial Services,37286,6170643.387882499
kerala,2018,3,Others,53241,36557326.26447625
kerala,2018,4,Peer-to-peer payments,2073960,6959805154.570259
kerala,2018,4,Recharge & bill payments,1679897,351296525.29857576
kerala,2018,4,Merchant payments,417114,378857199.6490426
kerala,2018,4,Financial Services,75084,10063656.726067666
kerala,2018,4,Others,64599,47338700.56846385
kerala,2019,1,Peer-to-peer payments,3601116,9314451112.085835
kerala,2019,1,Recharge & bill payments,2180915,498453895.947243
kerala,2019,1,Merchant payments,550707,371997848.20066386
kerala,2019,1,Financial Services,77652,7808573.898364296
kerala,2019,1,Others,58649,42319704.717572376
kerala,2019,2,Peer-to-peer payments,3519528,11630623424.131498
kerala,2019,2,Recharge & bill payments,2711299,768892057.7982787
kerala,2019,2,Merchant payments,937130,569545842.9998999
kerala,2019,2,Financial Services,38869,5823291.622642939
kerala,2019,2,Others,77000,56486944.633225575
kerala,2019,3,Peer-to-peer payments,4181954,14433990011.32079
kerala,2019,3,Recharge & bill payments,3431236,1051007778.3129579
kerala,2019,3,Merchant payments,1497029,879510566.1106174
kerala,2019,3,Financial Services,96130,8910528.723410578
kerala,2019,3,Others,79747,56390837.59670959
kerala,2019,4,Peer-to-peer payments,5859068,18537483865.44591
kerala,2019,4,Recharge & bill payments,4097032,1287955351.6647906
kerala,2019,4,Merchant payments,2418428,1268704040.100692
kerala,2019,4,Financial Services,50728,10816332.760911917
kerala,2019,4,Others,73381,46367047.83244334
kerala,2020,1,Peer-to-peer payments,6634439,22862907701.60516
kerala,2020,1,Recharge & bill payments,5507580,1716538277.3696735
kerala,2020,1,Merchant payments,3485036,1810329140.1843734
kerala,2020,1,Financial Services,38050,17160614.593254916
kerala,2020,1,Others,68417,44149097.18179157
kerala,2020,2,Recharge & bill payments,7709714,2452435028.9249372
kerala,2020,2,Peer-to-peer payments,5603046,21309983654.739
kerala,2020,2,Merchant payments,2888260,2075701451.3627596
kerala,2020,2,Financial Services,40501,32921115.845954426
kerala,2020,2,Others,46446,23037227.727544237
kerala,2020,3,Peer-to-peer payments,8590587,33346812213.798676
kerala,2020,3,Recharge & bill payments,7932950,2688361345.204546
kerala,2020,3,Merchant payments,5065205,4016995193.6035366
kerala,2020,3,Financial Services,94130,76828720.82445312
kerala,2020,3,Others,75808,35153178.52298187
kerala,2020,4,Peer-to-peer payments,12941135,45686395927.74489
kerala,2020,4,Merchant payments,10990709,7695667406.723909
kerala,2020,4,Recharge & bill payments,9167428,3238199947.525463
kerala,2020,4,Financial Services,73833,69202344.44095232
kerala,2020,4,Others,115082,65791020.57617174
kerala,2021,1,Peer-to-peer payments,16209203,55336812492.74641
kerala,2021,1,Merchant payments,16105923,10058436408.184261
kerala,2021,1,Recharge & bill payments,9837385,3732534739.0436296
kerala,2021,1,Financial Services,68012,69655547.76092248
kerala,2021,1,Others,95819,63530974.15939384
kerala,2021,2,Peer-to-peer payments,17026648,58152644526.04467
kerala,2021,2,Merchant payments,16135060,11263178335.980885
kerala,2021,2,Recharge & bill payments,13809151,4645548909.798975
kerala,2021,2,Financial Services,88830,88370679.95309764
kerala,2021,2,Others,131344,77063984.37888283
kerala,2021,3,Merchant payments,25402350,17877677018.10737
kerala,2021,3,Peer-to-peer payments,23378091,78598482305.73877
kerala,2021,3,Recharge & bill payments,13979407,5008396079.412957
kerala,2021,3,Financial Services,85730,101460242.2623948
kerala,2021,3,Others,182688,100146127.60812962
kerala,2021,4,Merchant payments,38574904,24589454633.018272
kerala,2021,4,Peer-to-peer payments,29075528,92774490034.55844
kerala,2021,4,Recharge & bill payments,13781815,5689390023.204552
kerala,2021,4,Financial Services,108232,128238698.74055986
kerala,2021,4,Others,283262,160563553.84187678
kerala,2022,1,Merchant payments,47778743,28685388646.415367
kerala,2022,1,Peer-to-peer payments,33089518,104623270223.31714
kerala,2022,1,Recharge & bill payments,14042317,6373570715.969071
kerala,2022,1,Financial Services,134370,158926455.91425735
kerala,2022,1,Others,236017,147786423.0782508
kerala,2022,2,Merchant payments,55730158,34395023155.77253
kerala,2022,2,Peer-to-peer payments,35630060,112813716119.4625
kerala,2022,2,Recharge & bill payments,14701207,7230489227.091859
kerala,2022,2,Financial Services,110336,133436809.9132271
kerala,2022,2,Others,193561,123664236.88435228
kerala,2022,3,Merchant payments,64984061,37852759989.759125
kerala,2022,3,Peer-to-peer payments,38774832,116414003145.11606
kerala,2022,3,Recharge & bill payments,15289755,7709237374.351864
kerala,2022,3,Financial Services,146673,162861560.07391134
kerala,2022,3,Others,167583,121557246.12854591
kerala,2022,4,Merchant payments,74647115,40607857085.646095
kerala,2022,4,Peer-to-peer payments,42471676,124564727703.60559
kerala,2022,4,Recharge & bill payments,15520670,8075692517.275558
kerala,2022,4,Financial Services,164334,191307058.1462068
kerala,2022,4,Others,156673,120224235.03622031
kerala,2023,1,Merchant payments,84583249,44370168231.0
kerala,2023,1,Peer-to-peer payments,46080274,138477919269.0
kerala,2023,1,Recharge & bill payments,16629085,10446589963.0
kerala,2023,1,Financial Services,160843,201389795.0
kerala,2023,1,Others,168114,141022419.0
kerala,2023,2,Merchant payments,90195971,49220348954.0
kerala,2023,2,Peer-to-peer payments,48068911,146558117198.0
kerala,2023,2,Recharge & bill payments,17613119,11702913951.0
kerala,2023,2,Financial Services,162540,193012060.0
kerala,2023,2,Others,130076,122278822.0
kerala,2023,3,Merchant payments,100971920,54395884988.0
kerala,2023,3,Peer-to-peer payments,51765006,153333984681.0
kerala,2023,3,Recharge & bill payments,17617414,12247443070.0
kerala,2023,3,Financial Services,186185,243267285.0
kerala,2023,3,Others,118126,112033305.0
kerala,2023,4,Merchant payments,108137761,55180695119.0
kerala,2023,4,Peer-to-peer payments,54694399,156361217618.0
kerala,2023,4,Recharge & bill payments,16678550,13074043821.0
kerala,2023,4,Financial Services,225961,270144459.0
kerala,2023,4,Others,106422,99220448.0
kerala,2024,1,Merchant payments,110514883,56336344201.0
kerala,2024,1,Peer-to-peer payments,54327957,156296863144.0
kerala,2024,1,Recharge & bill payments,16331869,14085091643.0
kerala,2024,1,Financial Services,200007,279404679.0
kerala,2024,1,Others,89250,80271071.0
kerala,2024,2,Merchant payments,121221009,63702446188.0
kerala,2024,2,Peer-to-peer payments,56642113,163601027548.0
kerala,2024,2,Recharge & bill payments,16678867,14261447047.0
kerala,2024,2,Financial Services,243874,344607925.0
kerala,2024,2,Others,86604,94293887.0
kerala,2024,3,Merchant payments,133203180,69317965409.0
kerala,2024,3,Peer-to-peer payments,64012538,174589592514.0
kerala,2024,3,Recharge & bill payments,17076750,13872380762.0
kerala,2024,3,Financial Services,307546,408385812.0
kerala,2024,3,Others,95444,113706812.0
kerala,2024,4,Merchant payments,145653590,72346901392.0
kerala,2024,4,Peer-to-peer payments,69815574,186965241113.0
kerala,2024,4,Recharge & bill payments,16537561,13747095313.0
kerala,2024,4,Financial Services,1014940,467808987.0
kerala,2024,4,Others,90776,112923761.0
ladakh,2018,1,Recharge & bill payments,3550,927250.7143707818
ladakh,2018,1,Peer-to-peer payments,1752,10767803.999610368
ladakh,2018,1,Merchant payments,320,369327.62555241917
ladakh,2018,1,Financial Services,132,274283.17576680594
ladakh,2018,1,Others,335,194192.25581440225
ladakh,2018,2,Recharge & bill payments,8075,2417434.2729015187
ladakh,2018,2,Peer-to-peer payments,5667,42638443.11997231
ladakh,2018,2,Merchant payments,724,1761366.2964342085
ladakh,2018,2,Financial Services,151,127324.6279709443
ladakh,2018,2,Others,393,390334.220462498
ladakh,2018,3,Recharge & bill payments,13136,4676712.344045115
ladakh,2018,3,Peer-to-peer payments,10133,77085890.57395566
ladakh,2018,3,Merchant payments,1168,2016579.2506718007
ladakh,2018,3,Financial Services,84,69317.12287872119
ladakh,2018,3,Others,343,242477.8532947429
ladakh,2018,4,Recharge & bill payments,16650,5701932.895454288
ladakh,2018,4,Peer-to-peer payments,15939,123611779.58930421
ladakh,2018,4,Merchant payments,1881,5082666.820758243
ladakh,2018,4,Financial Services,142,94604.73391846984
ladakh,2018,4,Others,599,1031858.4532022325
ladakh,2019,1,Peer-to-peer payments,22076,139715922.1887053
ladakh,2019,1,Recharge & bill payments,20014,7186109.182288248
ladakh,2019,1,Merchant payments,3238,4967122.4999400275
ladakh,2019,1,Financial Services,114,111851.02856430915
ladakh,2019,1,Others,703,878916.0496292994
ladakh,2019,2,Peer-to-peer payments,34202,240305709.92824298
ladakh,2019,2,Recharge & bill payments,25357,10116773.366134495
ladakh,2019,2,Merchant payments,8220,7726519.367758205
ladakh,2019,2,Financial Services,86,113767.09768193656
ladakh,2019,2,Others,907,992737.2376073576
ladakh,2019,3,Peer-to-peer payments,43198,303596367.67958534
ladakh,2019,3,Recharge & bill payments,41491,18054746.121448334
ladakh,2019,3,Merchant payments,6963,8096082.971229901
ladakh,2019,3,Financial Services,48,148633.29469977494
ladakh,2019,3,Others,696,1233697.1268589406
ladakh,2019,4,Peer-to-peer payments,42095,298044908.5075786
ladakh,2019,4,Recharge & bill payments,35467,16510212.100753112
ladakh,2019,4,Merchant payments,6522,8717893.899929387
ladakh,2019,4,Financial Services,46,162760.63254625077
ladakh,2019,4,Others,576,1253584.887304229
ladakh,2020,1,Peer-to-peer payments,51560,339551900.3873952
ladakh,2020,1,Recharge & bill payments,49801,23010664.72023286
ladakh,2020,1,Merchant payments,14264,13338124.271892821
ladakh,2020,1,Financial Services,204,583108.9455483773
ladakh,2020,1,Others,590,1155879.120674257
ladakh,2020,2,Recharge & bill payments,70601,32087339.266190995
ladakh,2020,2,Peer-to-peer payments,68450,470749365.09816045
ladakh,2020,2,Merchant payments,15132,19679330.186414924
ladakh,2020,2,Financial Services,337,786069.1630768818
ladakh,2020,2,Others,490,490894.93818109273
ladakh,2020,3,Peer-to-peer payments,108345,751333715.2896031
ladakh,2020,3,Recharge & bill payments,81623,40380074.55014179
ladakh,2020,3,Merchant payments,36861,40538778.75651745
ladakh,2020,3,Financial Services,621,2334917.7832646337
ladakh,2020,3,Others,772,900013.678666259
ladakh,2020,4,Peer-to-peer payments,151582,985814864.3429123
ladakh,2020,4,Recharge & bill payments,94133,44185250.8636451
ladakh,2020,4,Merchant payments,83868,77511378.30739444
ladakh,2020,4,Financial Services,729,1965054.5898611392
ladakh,2020,4,Others,1822,2486922.4041473325
ladakh,2021,1,Peer-to-peer payments,141894,869999786.1513934
ladakh,2021,1,Recharge & bill payments,72719,35459532.4121063
ladakh,2021,1,Merchant payments,58875,74977913.47237433
ladakh,2021,1,Financial Services,629,1455016.148284281
ladakh,2021,1,Others,1298,1527565.0627209258
ladakh,2021,2,Peer-to-peer payments,209818,1259044412.4358737
ladakh,2021,2,Recharge & bill payments,95458,44754721.82815341
ladakh,2021,2,Merchant payments,92078,119608470.0411553
ladakh,2021,2,Financial Services,755,1756762.1471181023
ladakh,2021,2,Others,1607,2094729.0180191218
ladakh,2021,3,Peer-to-peer payments,330919,1917311078.1287262
ladakh,2021,3,Merchant payments,135108,233260756.5088715
ladakh,2021,3,Recharge & bill payments,121856,58750081.8151172
ladakh,2021,3,Financial Services,900,1911625.5446910746
ladakh,2021,3,Others,2204,2751201.9371823343
ladakh,2021,4,Peer-to-peer payments,337120,1804428550.1884875
ladakh,2021,4,Merchant payments,169110,284786365.9296017
ladakh,2021,4,Recharge & bill payments,120607,58403893.47253243
ladakh,2021,4,Financial Services,912,3068708.947120995
ladakh,2021,4,Others,2438,2847620.2425241945
ladakh,2022,1,Peer-to-peer payments,343041,1685241980.664183
ladakh,2022,1,Merchant payments,167100,279354508.988595
ladakh,2022,1,Recharge & bill payments,116486,56203999.28920926
ladakh,2022,1,Financial Services,1247,2023327.6779848374
ladakh,2022,1,Others,2141,2217102.222236882
ladakh,2022,2,Peer-to-peer payments,608870,2941624382.277109
ladakh,2022,2,Merchant payments,346146,508439376.68091977
ladakh,2022,2,Recharge & bill payments,158996,88531677.99442025
ladakh,2022,2,Financial Services,1585,2487560.1853386
ladakh,2022,2,Others,2476,2235180.8584825676
ladakh,2022,3,Peer-to-peer payments,659896,2955729492.4985514
ladakh,2022,3,Merchant payments,367022,551472983.879604
ladakh,2022,3,Recharge & bill payments,160269,94288872.34747365
ladakh,2022,3,Financial Services,1555,1815866.8961950848
ladakh,2022,3,Others,2116,1892134.7520804727
ladakh,2022,4,Peer-to-peer payments,559259,2350047971.603546
ladakh,2022,4,Merchant payments,382456,462189599.28430265
ladakh,2022,4,Recharge & bill payments,138793,79767790.98577228
ladakh,2022,4,Financial Services,1248,1198715.2123450316
ladakh,2022,4,Others,1616,1273495.592982805
ladakh,2023,1,Peer-to-peer payments,796687,3112641857.0
ladakh,2023,1,Merchant payments,561734,601420766.0
ladakh,2023,1,Recharge & bill payments,204592,129440564.0
ladakh,2023,1,Financial Services,1610,3389191.0
ladakh,2023,1,Others,2623,2128920.0
ladakh,2023,2,Peer-to-peer payments,1479909,5891146705.0
ladakh,2023,2,Merchant payments,1121362,1074373616.0
ladakh,2023,2,Recharge & bill payments,337017,218229701.0
ladakh,2023,2,Financial Services,1885,4432032.0
ladakh,2023,2,Others,3642,2921832.0
ladakh,2023,3,Peer-to-peer payments,1781959,6563524375.0
ladakh,2023,3,Merchant payments,1429581,1424016428.0
ladakh,2023,3,Recharge & bill payments,402319,245485697.0
ladakh,2023,3,Financial Services,3579,14887998.0
ladakh,2023,3,Others,3928,2657745.0
ladakh,2023,4,Peer-to-peer payments,1435341,5438596932.0
ladakh,2023,4,Merchant payments,1375598,1254754525.0
ladakh,2023,4,Recharge & bill payments,332620,236148603.0
ladakh,2023,4,Financial Services,3065,11423623.0
ladakh,2023,4,Others,3594,2063262.0
ladakh,2024,1,Merchant payments,1428526,1281667292.0
ladakh,2024,1,Peer-to-peer payments,1254570,4577031986.0
ladakh,2024,1,Recharge & bill payments,298740,214700854.0
ladakh,2024,1,Financial Services,3182,10455927.0
ladakh,2024,1,Others,2083,1534602.0
ladakh,2024,2,Merchant payments,2761232,2170015196.0
ladakh,2024,2,Peer-to-peer payments,2149877,7634966556.0
ladakh,2024,2,Recharge & bill payments,406967,297269115.0
ladakh,2024,2,Financial Services,6138,20236628.0
ladakh,2024,2,Others,3145,3235853.0
ladakh,2024,3,Merchant payments,3611810,2756672878.0
ladakh,2024,3,Peer-to-peer payments,2736391,9505200187.0
ladakh,2024,3,Recharge & bill payments,552948,365822129.0
ladakh,2024,3,Financial Services,9965,22212555.0
ladakh,2024,3,Others,2771,2963963.0
ladakh,2024,4,Merchant payments,3102085,2456167697.0
ladakh,2024,4,Peer-to-peer payments,2154011,8079768687.0
ladakh,2024,4,Recharge & bill payments,439533,298305142.0
ladakh,2024,4,Financial Services,14100,18009192.0
ladakh,2024,4,Others,1555,2166936.0
lakshadweep,2018,1,Peer-to-peer payments,423,1860278.2784597143
lakshadweep,2018,1,Recharge & bill payments,342,61432.04938505074
lakshadweep,2018,1,Merchant payments,5,590.7505138175776
lakshadweep,2018,1,Others,8,6310.102519157715
lakshadweep,2018,2,Peer-to-peer payments,1315,5757123.079919379
lakshadweep,2018,2,Recharge & bill payments,750,353202.7988510042
lakshadweep,2018,2,Merchant payments,42,64568.47789279556
lakshadweep,2018,2,Financial Services,6,9134.413223158994
lakshadweep,2018,2,Others,19,3780.7695141997474
lakshadweep,2018,3,Peer-to-peer payments,841,3926048.74488305
lakshadweep,2018,3,Recharge & bill payments,760,300978.32420203416
lakshadweep,2018,3,Merchant payments,87,94046.43333034206
lakshadweep,2018,3,Others,15,17958.809570422687
lakshadweep,2018,4,Recharge & bill payments,792,351201.0879000404
lakshadweep,2018,4,Peer-to-peer payments,689,3841230.430870924
lakshadweep,2018,4,Merchant payments,144,262079.85573632165
lakshadweep,2018,4,Financial Services,6,389.8932323919954
lakshadweep,2018,4,Others,11,8312.430483153179
lakshadweep,2019,1,Peer-to-peer payments,1183,8221402.368536929
lakshadweep,2019,1,Recharge & bill payments,1173,353870.52398354514
lakshadweep,2019,1,Merchant payments,113,183062.1455975621
lakshadweep,2019,1,Others,12,27795.441220958
lakshadweep,2019,2,Recharge & bill payments,1448,436735.1684614296
lakshadweep,2019,2,Peer-to-peer payments,1318,8602732.117788196
lakshadweep,2019,2,Merchant payments,137,190716.5411561734
lakshadweep,2019,2,Others,23,12340.30958308919
lakshadweep,2019,3,Recharge & bill payments,1528,503049.2411913635
lakshadweep,2019,3,Peer-to-peer payments,1455,8923273.862948446
lakshadweep,2019,3,Merchant payments,111,215159.68119447335
lakshadweep,2019,3,Others,10,10278.678434187355
lakshadweep,2019,4,Recharge & bill payments,1801,618155.9004644766
lakshadweep,2019,4,Peer-to-peer payments,1753,10383413.246670496
lakshadweep,2019,4,Merchant payments,188,211413.62244321496
lakshadweep,2019,4,Financial Services,2,34.39721181625656
lakshadweep,2019,4,Others,21,56896.23813384895
lakshadweep,2020,1,Recharge & bill payments,2684,789255.2646123999
lakshadweep,2020,1,Peer-to-peer payments,2068,12463327.261836832
lakshadweep,2020,1,Merchant payments,387,216594.03077193064
lakshadweep,2020,1,Others,12,33192.017283045374
lakshadweep,2020,2,Recharge & bill payments,4497,1061694.138574572
lakshadweep,2020,2,Peer-to-peer payments,2176,14718605.188911092
lakshadweep,2020,2,Merchant payments,472,971609.4583537823
lakshadweep,2020,2,Financial Services,60,158593.59701229632
lakshadweep,2020,2,Others,15,32419.703092655054
lakshadweep,2020,3,Recharge & bill payments,4696,1186947.553816269
lakshadweep,2020,3,Peer-to-peer payments,2946,19189391.618742835
lakshadweep,2020,3,Merchant payments,903,842981.169451366
lakshadweep,2020,3,Financial Services,27,45457.50970027798
lakshadweep,2020,3,Others,17,42055.45694608544
lakshadweep,2020,4,Recharge & bill payments,5187,1499298.1127799235
lakshadweep,2020,4,Peer-to-peer payments,4741,27284123.245665
lakshadweep,2020,4,Merchant payments,1668,1227101.6378793938
lakshadweep,2020,4,Financial Services,22,13968.7539965527
lakshadweep,2020,4,Others,32,86826.16675951776
lakshadweep,2021,1,Peer-to-peer payments,3942,24823715.017422147
lakshadweep,2021,1,Recharge & bill payments,3541,1070209.4218526704
lakshadweep,2021,1,Merchant payments,1537,1040213.7953898906
lakshadweep,2021,1,Financial Services,19,15929.095105497145
lakshadweep,2021,1,Others,46,92715.5843109472
lakshadweep,2021,2,Recharge & bill payments,5499,1745295.828077295
lakshadweep,2021,2,Peer-to-peer payments,4069,23996417.49366483
lakshadweep,2021,2,Merchant payments,1743,1525331.9146529401
lakshadweep,2021,2,Financial Services,29,15052.018496008179
lakshadweep,2021,2,Others,44,101366.40306045809
lakshadweep,2021,3,Peer-to-peer payments,5687,34142107.520169854
lakshadweep,2021,3,Recharge & bill payments,5153,1700287.4734963956
lakshadweep,2021,3,Merchant payments,2450,2750367.063028222
lakshadweep,2021,3,Financial Services,48,137227.35390598275
lakshadweep,2021,3,Others,32,73174.28816768769
lakshadweep,2021,4,Peer-to-peer payments,7154,44696668.86120765
lakshadweep,2021,4,Recharge & bill payments,5355,2093901.2918026838
lakshadweep,2021,4,Merchant payments,2872,4071239.087436496
lakshadweep,2021,4,Financial Services,27,19994.541946360278
lakshadweep,2021,4,Others,62,116381.74598782149
lakshadweep,2022,1,Peer-to-peer payments,7913,48590864.56835763
lakshadweep,2022,1,Recharge & bill payments,5334,2322580.1695599537
lakshadweep,2022,1,Merchant payments,3048,3838358.3586293925
lakshadweep,2022,1,Financial Services,39,38274.22628876488
lakshadweep,2022,1,Others,63,149355.3310943247
lakshadweep,2022,2,Peer-to-peer payments,8491,48451728.04746901
lakshadweep,2022,2,Recharge & bill payments,5366,2386144.714677198
lakshadweep,2022,2,Merchant payments,3602,4895657.060086848
lakshadweep,2022,2,Financial Services,59,87127.8249489804
lakshadweep,2022,2,Others,51,108944.34272364664
lakshadweep,2022,3,Peer-to-peer payments,7533,40029003.82575238
lakshadweep,2022,3,Recharge & bill payments,4441,1936538.3067545425
lakshadweep,2022,3,Merchant payments,3142,5469200.646094429
lakshadweep,2022,3,Financial Services,64,63629.88416689246
lakshadweep,2022,3,Others,61,81636.9547320153
lakshadweep,2022,4,Peer-to-peer payments,8686,47450386.0033243
lakshadweep,2022,4,Recharge & bill payments,4557,2024739.1542023947
lakshadweep,2022,4,Merchant payments,3819,5250991.002376802
lakshadweep,2022,4,Financial Services,35,26453.0247779254
lakshadweep,2022,4,Others,50,61304.43025482374
lakshadweep,2023,1,Peer-to-peer payments,14918,73202195.0
lakshadweep,2023,1,Recharge & bill payments,8287,3929048.0
lakshadweep,2023,1,Merchant payments,6123,7988014.0
lakshadweep,2023,1,Financial Services,153,160430.0
lakshadweep,2023,1,Others,39,42274.0
lakshadweep,2023,2,Peer-to-peer payments,16924,80630344.0
lakshadweep,2023,2,Merchant payments,9524,12585603.0
lakshadweep,2023,2,Recharge & bill payments,8287,4632264.0
lakshadweep,2023,2,Financial Services,105,52460.0
lakshadweep,2023,2,Others,78,86767.0
lakshadweep,2023,3,Peer-to-peer payments,20220,77301147.0
lakshadweep,2023,3,Merchant payments,14902,12027729.0
lakshadweep,2023,3,Recharge & bill payments,8577,5093309.0
lakshadweep,2023,3,Financial Services,16,12540.0
lakshadweep,2023,3,Others,42,92336.0
lakshadweep,2023,4,Merchant payments,27931,20455699.0
lakshadweep,2023,4,Peer-to-peer payments,25886,93623472.0
lakshadweep,2023,4,Recharge & bill payments,9527,5537222.0
lakshadweep,2023,4,Financial Services,79,102991.0
lakshadweep,2023,4,Others,56,111999.0
lakshadweep,2024,1,Merchant payments,42704,26729830.0
lakshadweep,2024,1,Peer-to-peer payments,28805,96802351.0
lakshadweep,2024,1,Recharge & bill payments,9584,6450723.0
lakshadweep,2024,1,Financial Services,36,19372.0
lakshadweep,2024,1,Others,47,50105.0
lakshadweep,2024,2,Merchant payments,68346,33965752.0
lakshadweep,2024,2,Peer-to-peer payments,30929,105941312.0
lakshadweep,2024,2,Recharge & bill payments,9704,6200429.0
lakshadweep,2024,2,Financial Services,59,46549.0
lakshadweep,2024,2,Others,47,58799.0
lakshadweep,2024,3,Merchant payments,100441,45937079.0
lakshadweep,2024,3,Peer-to-peer payments,44556,138863144.0
lakshadweep,2024,3,Recharge & bill payments,12305,7418004.0
lakshadweep,2024,3,Financial Services,130,159127.0
lakshadweep,2024,3,Others,46,30733.0
lakshadweep,2024,4,Merchant payments,129497,57962618.0
lakshadweep,2024,4,Peer-to-peer payments,54568,181385170.0
lakshadweep,2024,4,Recharge & bill payments,13089,7577602.0
lakshadweep,2024,4,Financial Services,603,819138.0
lakshadweep,2024,4,Others,20,12153.0
madhya-pradesh,2018,1,Recharge & bill payments,4404190,667057311.4560372
madhya-pradesh,2018,1,Peer-to-peer payments,2848290,7590790588.551903
madhya-pradesh,2018,1,Financial Services,230519,43374288.98373023
madhya-pradesh,2018,1,Merchant payments,196394,170119673.71275404
madhya-pradesh,2018,1,Others,346002,210261540.7414958
madhya-pradesh,2018,2,Recharge & bill payments,5324535,1132090445.8903365
madhya-pradesh,2018,2,Peer-to-peer payments,4269392,14155603482.492638
madhya-pradesh,2018,2,Merchant payments,397135,339308203.1707404
madhya-pradesh,2018,2,Financial Services,305553,53860331.805742756
madhya-pradesh,2018,2,Others,264797,243218603.31985626
madhya-pradesh,2018,3,Peer-to-peer payments,9988509,22057686208.544342
madhya-pradesh,2018,3,Recharge & bill payments,5733261,1367773856.6756551
madhya-pradesh,2018,3,Merchant payments,784995,465390819.59013355
madhya-pradesh,2018,3,Financial Services,359440,46120458.63885434
madhya-pradesh,2018,3,Others,260780,212770861.22341695
madhya-pradesh,2018,4,Peer-to-peer payments,11456555,30897348664.90544
madhya-pradesh,2018,4,Recharge & bill payments,7273502,1669345516.941368
madhya-pradesh,2018,4,Merchant payments,2056426,1036249753.9278035
madhya-pradesh,2018,4,Financial Services,313540,43367243.154430926
madhya-pradesh,2018,4,Others,297532,259296894.03827757
madhya-pradesh,2019,1,Peer-to-peer payments,23708825,44114206183.09186
madhya-pradesh,2019,1,Recharge & bill payments,9966905,2423593841.716142
madhya-pradesh,2019,1,Merchant payments,3018928,1263699222.3501081
madhya-pradesh,2019,1,Financial Services,290838,28901169.292499043
madhya-pradesh,2019,1,Others,315553,239879105.5972368
madhya-pradesh,2019,2,Peer-to-peer payments,20868744,61758841793.87666
madhya-pradesh,2019,2,Recharge & bill payments,12044969,3571897178.303101
madhya-pradesh,2019,2,Merchant payments,7331352,2671155681.449155
madhya-pradesh,2019,2,Financial Services,149197,18869661.513485767
madhya-pradesh,2019,2,Others,451751,313802065.4154737
madhya-pradesh,2019,3,Peer-to-peer payments,22631038,67648107703.0357
madhya-pradesh,2019,3,Merchant payments,17163551,5147459307.101742
madhya-pradesh,2019,3,Recharge & bill payments,13156616,4576521609.460834
madhya-pradesh,2019,3,Financial Services,192821,25654168.60092132
madhya-pradesh,2019,3,Others,466385,278578703.0441117
madhya-pradesh,2019,4,Peer-to-peer payments,32083162,92064471161.9892
madhya-pradesh,2019,4,Merchant payments,19447707,7304157801.612935
madhya-pradesh,2019,4,Recharge & bill payments,16081734,5104821720.999016
madhya-pradesh,2019,4,Financial Services,127116,24020060.932133198
madhya-pradesh,2019,4,Others,392270,190456045.32494444
madhya-pradesh,2020,1,Peer-to-peer payments,34540722,110325991607.38477
madhya-pradesh,2020,1,Merchant payments,24618074,9898242848.25793
madhya-pradesh,2020,1,Recharge & bill payments,19788516,6311610609.846225
madhya-pradesh,2020,1,Financial Services,68055,30645714.401902914
madhya-pradesh,2020,1,Others,351379,170790656.30339786
madhya-pradesh,2020,2,Peer-to-peer payments,34860958,128184693854.7977
madhya-pradesh,2020,2,Recharge & bill payments,27497528,8904067957.01212
madhya-pradesh,2020,2,Merchant payments,13685723,10666223053.634727
madhya-pradesh,2020,2,Financial Services,80988,62073621.44351514
madhya-pradesh,2020,2,Others,215376,104956802.17437972
madhya-pradesh,2020,3,Peer-to-peer payments,50871564,174978985034.2865
madhya-pradesh,2020,3,Merchant payments,31879804,20621273981.65966
madhya-pradesh,2020,3,Recharge & bill payments,25380467,9834190567.205517
madhya-pradesh,2020,3,Financial Services,131725,122971108.07060198
madhya-pradesh,2020,3,Others,316321,144259293.31583393
madhya-pradesh,2020,4,Peer-to-peer payments,67972167,235584201864.22342
madhya-pradesh,2020,4,Merchant payments,57707471,37315576877.14569
madhya-pradesh,2020,4,Recharge & bill payments,27335834,10977774483.325565
madhya-pradesh,2020,4,Financial Services,149532,132590450.07074244
madhya-pradesh,2020,4,Others,487537,264996097.6059612
madhya-pradesh,2021,1,Merchant payments,84812245,50098244499.50662
madhya-pradesh,2021,1,Peer-to-peer payments,84070625,279938170703.8171
madhya-pradesh,2021,1,Recharge & bill payments,32500681,13060914041.039404
madhya-pradesh,2021,1,Financial Services,169378,161838389.7954778
madhya-pradesh,2021,1,Others,445569,274786748.1299523
madhya-pradesh,2021,2,Peer-to-peer payments,99367521,348935762191.10486
madhya-pradesh,2021,2,Merchant payments,77113464,58839392449.9937
madhya-pradesh,2021,2,Recharge & bill payments,46118636,17230546398.848663
madhya-pradesh,2021,2,Financial Services,188726,177313389.66602695
madhya-pradesh,2021,2,Others,526333,317753606.01156956
madhya-pradesh,2021,3,Merchant payments,138433772,85885669792.43228
madhya-pradesh,2021,3,Peer-to-peer payments,127654821,398912712886.4574
madhya-pradesh,2021,3,Recharge & bill payments,44437315,19025346050.627724
madhya-pradesh,2021,3,Financial Services,174454,180366422.58245987
madhya-pradesh,2021,3,Others,742972,408508699.4365407
madhya-pradesh,2021,4,Merchant payments,197193842,126461098235.02324
madhya-pradesh,2021,4,Peer-to-peer payments,159649020,507118521843.3588
madhya-pradesh,2021,4,Recharge & bill payments,46220966,22492766779.156635
madhya-pradesh,2021,4,Financial Services,247925,246488171.37792647
madhya-pradesh,2021,4,Others,996331,568617375.5894115
madhya-pradesh,2022,1,Merchant payments,237691924,143310226696.7226
madhya-pradesh,2022,1,Peer-to-peer payments,185008444,578201697703.7521
madhya-pradesh,2022,1,Recharge & bill payments,48870314,25437774564.26215
madhya-pradesh,2022,1,Financial Services,222923,219927120.15944034
madhya-pradesh,2022,1,Others,909453,495513514.75128734
madhya-pradesh,2022,2,Merchant payments,287616385,174183397721.35938
madhya-pradesh,2022,2,Peer-to-peer payments,202093283,663180522499.3412
madhya-pradesh,2022,2,Recharge & bill payments,54318983,29125694281.81933
madhya-pradesh,2022,2,Financial Services,157672,153944499.74490312
madhya-pradesh,2022,2,Others,713506,381178326.32090586
madhya-pradesh,2022,3,Merchant payments,391105651,212445928287.3991
madhya-pradesh,2022,3,Peer-to-peer payments,267013695,780650402034.3962
madhya-pradesh,2022,3,Recharge & bill payments,72148870,39132574047.51802
madhya-pradesh,2022,3,Financial Services,240678,236981163.63162854
madhya-pradesh,2022,3,Others,750665,442608716.71893203
madhya-pradesh,2022,4,Merchant payments,492999084,272801597092.4764
madhya-pradesh,2022,4,Peer-to-peer payments,325467851,984255199293.6544
madhya-pradesh,2022,4,Recharge & bill payments,79289399,45143248068.81734
madhya-pradesh,2022,4,Financial Services,286931,278304972.64702964
madhya-pradesh,2022,4,Others,785003,521508120.7286146
madhya-pradesh,2023,1,Merchant payments,404378350,208281637594.0
madhya-pradesh,2023,1,Peer-to-peer payments,263524301,809388762719.0
madhya-pradesh,2023,1,Recharge & bill payments,65818962,43725957842.0
madhya-pradesh,2023,1,Financial Services,226835,236606773.0
madhya-pradesh,2023,1,Others,618522,393634973.0
madhya-pradesh,2023,2,Merchant payments,479498828,236960764220.0
madhya-pradesh,2023,2,Peer-to-peer payments,294125925,916102516476.0
madhya-pradesh,2023,2,Recharge & bill payments,73584106,48712706741.0
madhya-pradesh,2023,2,Financial Services,248905,289207465.0
madhya-pradesh,2023,2,Others,579296,375754606.0
madhya-pradesh,2023,3,Merchant payments,567760229,255858070965.0
madhya-pradesh,2023,3,Peer-to-peer payments,333209928,929775417818.0
madhya-pradesh,2023,3,Recharge & bill payments,76997837,51434802126.0
madhya-pradesh,2023,3,Financial Services,318662,408838885.0
madhya-pradesh,2023,3,Others,525937,344868455.0
madhya-pradesh,2023,4,Merchant payments,648920525,304240605817.0
madhya-pradesh,2023,4,Peer-to-peer payments,373769167,1063381622538.0
madhya-pradesh,2023,4,Recharge & bill payments,78674422,58049633385.0
madhya-pradesh,2023,4,Financial Services,394962,494411136.0
madhya-pradesh,2023,4,Others,535537,336607811.0
madhya-pradesh,2024,1,Merchant payments,760567063,350364865596.0
madhya-pradesh,2024,1,Peer-to-peer payments,434322438,1209747808360.0
madhya-pradesh,2024,1,Recharge & bill payments,90377724,64385288241.0
madhya-pradesh,2024,1,Financial Services,392922,591281376.0
madhya-pradesh,2024,1,Others,496467,330986291.0
madhya-pradesh,2024,2,Merchant payments,876486253,396252287691.0
madhya-pradesh,2024,2,Peer-to-peer payments,462570675,1314542897421.0
madhya-pradesh,2024,2,Recharge & bill payments,95424865,67725929808.0
madhya-pradesh,2024,2,Financial Services,480050,758501127.0
madhya-pradesh,2024,2,Others,510214,400330580.0
madhya-pradesh,2024,3,Merchant payments,948087778,409029113947.0
madhya-pradesh,2024,3,Peer-to-peer payments,497526836,1279502846189.0
madhya-pradesh,2024,3,Recharge & bill payments,91085397,71189674865.0
madhya-pradesh,2024,3,Financial Services,607134,979041970.0
madhya-pradesh,2024,3,Others,431312,381789560.0
madhya-pradesh,2024,4,Merchant payments,1049208528,472351463536.0
madhya-pradesh,2024,4,Peer-to-peer payments,545405608,1455644524190.0
madhya-pradesh,2024,4,Recharge & bill payments,88543631,73837534565.0
madhya-pradesh,2024,4,Financial Services,1823754,1042853205.0
madhya-pradesh,2024,4,Others,420314,428693349.0
maharashtra,2018,1,Recharge & bill payments,9670237,2283567431.223535
maharashtra,2018,1,Peer-to-peer payments,5227770,18283896464.750908
maharashtra,2018,1,Merchant payments,616779,576964070.7366859
maharashtra,2018,1,Financial Services,235051,60997258.060299724
maharashtra,2018,1,Others,637197,506188032.9539564
maharashtra,2018,2,Recharge & bill payments,12384216,3725800358.6814823
maharashtra,2018,2,Peer-to-peer payments,7772336,30782831245.6586
maharashtra,2018,2,Merchant payments,1306326,1226121649.4989598
maharashtra,2018,2,Financial Services,262875,85545909.43528841
maharashtra,2018,2,Others,559987,536758077.84638786
maharashtra,2018,3,Recharge & bill payments,14371791,4547486090.186737
maharashtra,2018,3,Peer-to-peer payments,13470065,45466534003.980484
maharashtra,2018,3,Merchant payments,2797204,1702220875.4343855
maharashtra,2018,3,Financial Services,234598,52348968.006728604
maharashtra,2018,3,Others,664880,492227795.6386977
maharashtra,2018,4,Peer-to-peer payments,20824667,68974011019.10294
maharashtra,2018,4,Recharge & bill payments,18071025,5860865070.470685
maharashtra,2018,4,Merchant payments,6047705,3985195742.2480145
maharashtra,2018,4,Financial Services,325121,77345546.53012432
maharashtra,2018,4,Others,821705,621519669.4818641
maharashtra,2019,1,Peer-to-peer payments,37360716,97373087988.08871
maharashtra,2019,1,Recharge & bill payments,24540041,8256500586.651282
maharashtra,2019,1,Merchant payments,12069119,5172594695.5318
maharashtra,2019,1,Financial Services,287569,49487746.20873056
maharashtra,2019,1,Others,821624,569019903.8604956
maharashtra,2019,2,Peer-to-peer payments,42546317,130558153687.9542
maharashtra,2019,2,Recharge & bill payments,29395661,12197234771.434273
maharashtra,2019,2,Merchant payments,27854042,9728561726.767143
maharashtra,2019,2,Financial Services,182840,45291636.10507481
maharashtra,2019,2,Others,1170993,765228265.7976472
maharashtra,2019,3,Peer-to-peer payments,57991699,165731686168.5575
maharashtra,2019,3,Merchant payments,54683738,17545729507.395977
maharashtra,2019,3,Recharge & bill payments,34309301,15471698543.739597
maharashtra,2019,3,Financial Services,231467,54108447.39407451
maharashtra,2019,3,Others,1519376,814284077.8637518
maharashtra,2019,4,Merchant payments,80127804,27209874138.487556
maharashtra,2019,4,Peer-to-peer payments,78795871,227268054757.21698
maharashtra,2019,4,Recharge & bill payments,40705998,17794666215.044445
maharashtra,2019,4,Financial Services,129755,49622863.824426055
maharashtra,2019,4,Others,1501192,672210824.9770112
maharashtra,2020,1,Merchant payments,100337738,35200130304.82776
maharashtra,2020,1,Peer-to-peer payments,87067410,262541205695.8384
maharashtra,2020,1,Recharge & bill payments,50199498,21603565070.425602
maharashtra,2020,1,Financial Services,123476,91363684.1276232
maharashtra,2020,1,Others,1215959,558931962.876125
maharashtra,2020,2,Peer-to-peer payments,74295930,239933338682.6934
maharashtra,2020,2,Recharge & bill payments,60856480,23112343247.416145
maharashtra,2020,2,Merchant payments,48965388,32859184582.219048
maharashtra,2020,2,Financial Services,206461,211733275.7829895
maharashtra,2020,2,Others,466502,242917371.3033281
maharashtra,2020,3,Peer-to-peer payments,108436214,351555554813.2122
maharashtra,2020,3,Merchant payments,100808237,60171102123.94888
maharashtra,2020,3,Recharge & bill payments,58082283,27915727882.59293
maharashtra,2020,3,Financial Services,325453,333669599.61883616
maharashtra,2020,3,Others,658737,331024593.0721529
maharashtra,2020,4,Merchant payments,189845640,103804638603.74611
maharashtra,2020,4,Peer-to-peer payments,151741840,485747881733.823
maharashtra,2020,4,Recharge & bill payments,64556682,31556917821.77767
maharashtra,2020,4,Financial Services,398409,418399992.5395771
maharashtra,2020,4,Others,1078433,627692680.4078207
maharashtra,2021,1,Merchant payments,253043309,129493046208.15726
maharashtra,2021,1,Peer-to-peer payments,187021609,599213284361.7993
maharashtra,2021,1,Recharge & bill payments,76389103,40057211827.15962
maharashtra,2021,1,Financial Services,439551,492900202.68315214
maharashtra,2021,1,Others,966668,630909553.4508264
maharashtra,2021,2,Merchant payments,247194293,150864465217.02304
maharashtra,2021,2,Peer-to-peer payments,228551961,719859665693.5271
maharashtra,2021,2,Recharge & bill payments,96271138,43154405548.44597
maharashtra,2021,2,Financial Services,504252,536780917.0359157
maharashtra,2021,2,Others,1094842,699738247.6695637
maharashtra,2021,3,Merchant payments,390051884,216701984638.98932
maharashtra,2021,3,Peer-to-peer payments,296951706,890860873379.5576
maharashtra,2021,3,Recharge & bill payments,103943973,50242023586.056046
maharashtra,2021,3,Financial Services,448646,579098938.658318
maharashtra,2021,3,Others,1477851,873324624.1826177
maharashtra,2021,4,Merchant payments,540351277,305512280091.4157
maharashtra,2021,4,Peer-to-peer payments,361865450,1109862480618.2227
maharashtra,2021,4,Recharge & bill payments,105990417,58087950922.43887
maharashtra,2021,4,Financial Services,606265,707102765.3058928
maharashtra,2021,4,Others,1918093,1188658731.1175365
maharashtra,2022,1,Merchant payments,646277671,340240479374.36835
maharashtra,2022,1,Peer-to-peer payments,411989717,1274889182430.209
maharashtra,2022,1,Recharge & bill payments,108896881,64507860103.55089
maharashtra,2022,1,Financial Services,583243,677612619.2786882
maharashtra,2022,1,Others,1758926,1084139453.7274752
maharashtra,2022,2,Merchant payments,810961772,428469294407.1603
maharashtra,2022,2,Peer-to-peer payments,470258043,1501201968773.8115
maharashtra,2022,2,Recharge & bill payments,124280427,75110969246.16316
maharashtra,2022,2,Financial Services,490152,559321829.4503716
maharashtra,2022,2,Others,1542719,930827919.303539
maharashtra,2022,3,Merchant payments,876618082,432250721734.13074
maharashtra,2022,3,Peer-to-peer payments,483481713,1434565548650.9136
maharashtra,2022,3,Recharge & bill payments,124545840,79360150487.36568
maharashtra,2022,3,Financial Services,521362,571583115.6687979
maharashtra,2022,3,Others,1222420,831183386.4681726
maharashtra,2022,4,Merchant payments,1025666187,502660888415.46185
maharashtra,2022,4,Peer-to-peer payments,535142126,1622619308526.9614
maharashtra,2022,4,Recharge & bill payments,126118544,83576414221.03232
maharashtra,2022,4,Financial Services,620124,699276779.1906543
maharashtra,2022,4,Others,1228291,914951674.4842072
maharashtra,2023,1,Merchant payments,1134579287,502987953087.0
maharashtra,2023,1,Peer-to-peer payments,572326605,1752752577223.0
maharashtra,2023,1,Recharge & bill payments,139414546,104828264973.0
maharashtra,2023,1,Financial Services,667987,763120514.0
maharashtra,2023,1,Others,1280074,953990262.0
maharashtra,2023,2,Merchant payments,1289778683,567713506184.0
maharashtra,2023,2,Peer-to-peer payments,620475611,1923752701888.0
maharashtra,2023,2,Recharge & bill payments,151613474,112846643294.0
maharashtra,2023,2,Financial Services,697164,821061690.0
maharashtra,2023,2,Others,1152916,870693412.0
maharashtra,2023,3,Merchant payments,1442968360,623156210487.0
maharashtra,2023,3,Peer-to-peer payments,689021709,2006148405860.0
maharashtra,2023,3,Recharge & bill payments,156785138,120947991569.0
maharashtra,2023,3,Financial Services,824436,1088491523.0
maharashtra,2023,3,Others,1078944,831084802.0
maharashtra,2023,4,Merchant payments,1646497204,707862700173.0
maharashtra,2023,4,Peer-to-peer payments,767517612,2254104157529.0
maharashtra,2023,4,Recharge & bill payments,155965094,133821812867.0
maharashtra,2023,4,Financial Services,1025481,1362709031.0
maharashtra,2023,4,Others,1157334,863555358.0
maharashtra,2024,1,Merchant payments,1821471481,754044465385.0
maharashtra,2024,1,Peer-to-peer payments,843766518,2472993827118.0
maharashtra,2024,1,Recharge & bill payments,168431872,143453128973.0
maharashtra,2024,1,Financial Services,1024838,1577112130.0
maharashtra,2024,1,Others,1075772,830361250.0
maharashtra,2024,2,Merchant payments,2008664821,832044260771.0
maharashtra,2024,2,Peer-to-peer payments,879509986,2596196230098.0
maharashtra,2024,2,Recharge & bill payments,173148051,142150478979.0
maharashtra,2024,2,Financial Services,1111574,1823280899.0
maharashtra,2024,2,Others,1060370,975082840.0
maharashtra,2024,3,Merchant payments,2136665237,875057356694.0
maharashtra,2024,3,Peer-to-peer payments,971212505,2659562391989.0
maharashtra,2024,3,Recharge & bill payments,177213655,149372864990.0
maharashtra,2024,3,Financial Services,1413867,2254480451.0
maharashtra,2024,3,Others,898731,1021568015.0
maharashtra,2024,4,Merchant payments,2393917535,1009302079777.0
maharashtra,2024,4,Peer-to-peer payments,1061923073,2988739020373.0
maharashtra,2024,4,Recharge & bill payments,173698536,149455601195.0
maharashtra,2024,4,Financial Services,3784218,2349724009.0
maharashtra,2024,4,Others,908477,1182025533.0
manipur,2018,1,Recharge & bill payments,50212,6463184.554711691
manipur,2018,1,Peer-to-peer payments,26382,115495173.55796441
manipur,2018,1,Financial Services,2660,412579.53985461866
manipur,2018,1,Merchant payments,1614,3616475.6407912206
manipur,2018,1,Others,3201,2058760.6368871084
manipur,2018,2,Recharge & bill payments,77991,11541247.784420915
manipur,2018,2,Peer-to-peer payments,60365,232157389.7914803
manipur,2018,2,Financial Services,5992,1241901.2660397931
manipur,2018,2,Merchant payments,4041,5366759.827729835
manipur,2018,2,Others,3332,2902422.6498233806
manipur,2018,3,Peer-to-peer payments,95204,357768750.1845896
manipur,2018,3,Recharge & bill payments,81323,13912990.484925149
manipur,2018,3,Merchant payments,7396,9180953.977358334
manipur,2018,3,Financial Services,2577,333081.6368315
manipur,2018,3,Others,2758,2135468.510417797
manipur,2018,4,Recharge & bill payments,113507,18898063.282383174
manipur,2018,4,Peer-to-peer payments,104872,562009595.9601889
manipur,2018,4,Merchant payments,13333,20685433.28430717
manipur,2018,4,Financial Services,1452,307325.2437723951
manipur,2018,4,Others,2946,3783141.5353601985
manipur,2019,1,Peer-to-peer payments,127067,619919870.7455351
manipur,2019,1,Recharge & bill payments,120000,22106830.369149238
manipur,2019,1,Merchant payments,15190,14580183.380707521
manipur,2019,1,Financial Services,800,174777.17283837448
manipur,2019,1,Others,2352,3116398.755848917
manipur,2019,2,Peer-to-peer payments,120153,679785849.1398683
manipur,2019,2,Recharge & bill payments,116500,23573234.273060285
manipur,2019,2,Merchant payments,18044,15996651.145700552
manipur,2019,2,Financial Services,387,91955.01538259834
manipur,2019,2,Others,2341,3342252.5754885403
manipur,2019,3,Recharge & bill payments,180057,36634657.049143404
manipur,2019,3,Peer-to-peer payments,144965,803335616.6325192
manipur,2019,3,Merchant payments,17683,20490224.443041254
manipur,2019,3,Financial Services,358,367865.7884662621
manipur,2019,3,Others,1945,2723638.649764262
manipur,2019,4,Recharge & bill payments,212136,44202546.57396081
manipur,2019,4,Peer-to-peer payments,211927,1123258478.445069
manipur,2019,4,Merchant payments,23094,30486780.446382143
manipur,2019,4,Financial Services,548,240641.7657683481
manipur,2019,4,Others,1639,2709234.857456133
manipur,2020,1,Peer-to-peer payments,451733,2458093401.740467
manipur,2020,1,Recharge & bill payments,285234,62688260.379548095
manipur,2020,1,Merchant payments,78067,74202067.0664826
manipur,2020,1,Financial Services,622,354184.4660589617
manipur,2020,1,Others,3145,3252467.2243867153
manipur,2020,2,Peer-to-peer payments,533206,2980242535.075443
manipur,2020,2,Recharge & bill payments,450830,107589094.29890464
manipur,2020,2,Merchant payments,92110,106540409.29886684
manipur,2020,2,Financial Services,1676,1457570.8004862315
manipur,2020,2,Others,5246,3106603.331810386
manipur,2020,3,Peer-to-peer payments,774786,4301284799.331292
manipur,2020,3,Recharge & bill payments,464659,113190539.14969069
manipur,2020,3,Merchant payments,170653,195132026.6311202
manipur,2020,3,Financial Services,1878,1593035.944066228
manipur,2020,3,Others,8192,4775719.8143366445
manipur,2020,4,Peer-to-peer payments,892853,5172499337.530437
manipur,2020,4,Recharge & bill payments,436450,114202616.34869762
manipur,2020,4,Merchant payments,289050,307902115.38207734
manipur,2020,4,Financial Services,1806,2448402.9142817147
manipur,2020,4,Others,7693,5172086.283260544
manipur,2021,1,Peer-to-peer payments,1117829,6402367883.667423
manipur,2021,1,Recharge & bill payments,796590,223955812.58644393
manipur,2021,1,Merchant payments,377280,433297594.1352152
manipur,2021,1,Financial Services,3398,4385333.1754908115
manipur,2021,1,Others,8438,6280890.914669826
manipur,2021,2,Peer-to-peer payments,1372821,7041837917.785187
manipur,2021,2,Recharge & bill payments,1187952,305103750.5728581
manipur,2021,2,Merchant payments,510734,531484849.4914169
manipur,2021,2,Financial Services,4165,4256098.232237183
manipur,2021,2,Others,10603,7145346.314942012
manipur,2021,3,Peer-to-peer payments,1819423,9134806594.52819
manipur,2021,3,Recharge & bill payments,1368584,367664440.53237265
manipur,2021,3,Merchant payments,735707,889317377.086526
manipur,2021,3,Financial Services,3460,5625517.975461649
manipur,2021,3,Others,14222,9447098.78230339
manipur,2021,4,Peer-to-peer payments,2199970,10998828287.529043
manipur,2021,4,Recharge & bill payments,1451488,412791673.8037664
manipur,2021,4,Merchant payments,1013985,1229517397.4561875
manipur,2021,4,Financial Services,4671,5941100.580610943
manipur,2021,4,Others,17325,11393578.842227157
manipur,2022,1,Peer-to-peer payments,2517626,12169368063.4095
manipur,2022,1,Recharge & bill payments,1528476,469035958.34841275
manipur,2022,1,Merchant payments,1247205,1489604137.2090888
manipur,2022,1,Financial Services,4878,6057615.527015026
manipur,2022,1,Others,15494,10435303.87979853
manipur,2022,2,Peer-to-peer payments,2843426,12704512238.809605
manipur,2022,2,Merchant payments,1709547,1757831052.0706987
manipur,2022,2,Recharge & bill payments,1533778,448637966.718931
manipur,2022,2,Financial Services,4069,4753628.558008127
manipur,2022,2,Others,14812,7175748.992065379
manipur,2022,3,Peer-to-peer payments,3127266,12927705072.13747
manipur,2022,3,Merchant payments,1829741,2010460357.0881667
manipur,2022,3,Recharge & bill payments,1379911,432182393.84038734
manipur,2022,3,Financial Services,4524,4671353.405444902
manipur,2022,3,Others,11300,6411090.828254536
manipur,2022,4,Peer-to-peer payments,3259645,13133729481.472115
manipur,2022,4,Merchant payments,1828984,2074698993.4220653
manipur,2022,4,Recharge & bill payments,1325391,406031254.0798015
manipur,2022,4,Financial Services,4691,5754919.963910458
manipur,2022,4,Others,9959,5742049.403589871
manipur,2023,1,Peer-to-peer payments,1703742,7281781083.0
manipur,2023,1,Merchant payments,933135,1083073192.0
manipur,2023,1,Recharge & bill payments,613398,214427498.0
manipur,2023,1,Financial Services,3529,3178295.0
manipur,2023,1,Others,4579,3104024.0
manipur,2023,2,Peer-to-peer payments,812842,3763543566.0
manipur,2023,2,Merchant payments,499534,569980400.0
manipur,2023,2,Recharge & bill payments,290239,127777535.0
manipur,2023,2,Financial Services,1849,1430976.0
manipur,2023,2,Others,1807,1144176.0
manipur,2023,3,Peer-to-peer payments,450548,3054677807.0
manipur,2023,3,Merchant payments,222132,418107590.0
manipur,2023,3,Recharge & bill payments,189582,131240898.0
manipur,2023,3,Financial Services,2290,3551704.0
manipur,2023,3,Others,926,708602.0
manipur,2023,4,Peer-to-peer payments,1098359,5690075337.0
manipur,2023,4,Merchant payments,638811,893960176.0
manipur,2023,4,Recharge & bill payments,368865,209606825.0
manipur,2023,4,Financial Services,4438,5093670.0
manipur,2023,4,Others,2727,1589290.0
manipur,2024,1,Peer-to-peer payments,1925478,7502533003.0
manipur,2024,1,Merchant payments,1303360,1446015880.0
manipur,2024,1,Recharge & bill payments,607751,282103846.0
manipur,2024,1,Financial Services,4717,9906854.0
manipur,2024,1,Others,4258,2413740.0
manipur,2024,2,Peer-to-peer payments,2518131,8860962120.0
manipur,2024,2,Merchant payments,1895872,1727175316.0
manipur,2024,2,Recharge & bill payments,640058,297356354.0
manipur,2024,2,Financial Services,5784,9375969.0
manipur,2024,2,Others,3479,3131034.0
manipur,2024,3,Peer-to-peer payments,2964825,9398509217.0
manipur,2024,3,Merchant payments,2085364,1932267978.0
manipur,2024,3,Recharge & bill payments,637582,324563249.0
manipur,2024,3,Financial Services,9458,12782236.0
manipur,2024,3,Others,2867,3394151.0
manipur,2024,4,Peer-to-peer payments,3016585,9734628510.0
manipur,2024,4,Merchant payments,2146946,1983154393.0
manipur,2024,4,Recharge & bill payments,562071,321860417.0
manipur,2024,4,Financial Services,22114,18353627.0
manipur,2024,4,Others,2707,3711609.0
meghalaya,2018,1,Recharge & bill payments,31857,6028476.149090356
meghalaya,2018,1,Peer-to-peer payments,13274,55943496.515886314
meghalaya,2018,1,Merchant payments,1605,2395888.4397623385
meghalaya,2018,1,Financial Services,532,144318.2545571151
meghalaya,2018,1,Others,2303,1738080.43060439
meghalaya,2018,2,Recharge & bill payments,42625,9657896.164724296
meghalaya,2018,2,Peer-to-peer payments,19894,101140464.66239843
meghalaya,2018,2,Merchant payments,2929,3663446.436220131
meghalaya,2018,2,Financial Services,592,580648.3434132106
meghalaya,2018,2,Others,1817,1962212.2350756058
meghalaya,2018,3,Recharge & bill payments,60625,14231601.453371253
meghalaya,2018,3,Peer-to-peer payments,40832,187460582.05754715
meghalaya,2018,3,Merchant payments,5802,5458930.689379572
meghalaya,2018,3,Financial Services,748,552674.5783359876
meghalaya,2018,3,Others,2283,2149872.755760235
meghalaya,2018,4,Recharge & bill payments,82962,18100891.637344178
meghalaya,2018,4,Peer-to-peer payments,58952,301941442.7059927
meghalaya,2018,4,Merchant payments,15768,14434314.193342488
meghalaya,2018,4,Financial Services,763,190875.18848979956
meghalaya,2018,4,Others,2687,2918155.2795046642
meghalaya,2019,1,Recharge & bill payments,98817,23006751.795504905
meghalaya,2019,1,Peer-to-peer payments,90694,358932132.1046898
meghalaya,2019,1,Merchant payments,16073,14297275.230527855
meghalaya,2019,1,Financial Services,659,62335.064750311045
meghalaya,2019,1,Others,2498,2738667.957962149
meghalaya,2019,2,Recharge & bill payments,108812,27248605.429233357
meghalaya,2019,2,Peer-to-peer payments,97407,446537199.17356837
meghalaya,2019,2,Merchant payments,22588,15600927.006629137
meghalaya,2019,2,Financial Services,460,106800.75308155928
meghalaya,2019,2,Others,3019,3437756.744766518
meghalaya,2019,3,Recharge & bill payments,155949,38916251.42165714
meghalaya,2019,3,Peer-to-peer payments,116168,546221812.6889315
meghalaya,2019,3,Merchant payments,31201,23461321.889810227
meghalaya,2019,3,Financial Services,421,584192.9488108774
meghalaya,2019,3,Others,2811,3035023.204323471
meghalaya,2019,4,Recharge & bill payments,175084,43611775.02621875
meghalaya,2019,4,Peer-to-peer payments,163734,670870023.4297696
meghalaya,2019,4,Merchant payments,24430,25344714.50557894
meghalaya,2019,4,Financial Services,382,124511.63613216748
meghalaya,2019,4,Others,2351,2485447.192519395
meghalaya,2020,1,Recharge & bill payments,226214,59666071.21530793
meghalaya,2020,1,Peer-to-peer payments,216022,1013733312.3935763
meghalaya,2020,1,Merchant payments,57245,44125206.34755945
meghalaya,2020,1,Financial Services,473,402779.89033132966
meghalaya,2020,1,Others,2329,2207471.061039081
meghalaya,2020,2,Recharge & bill payments,382662,100570200.25271696
meghalaya,2020,2,Peer-to-peer payments,202270,998750895.9111593
meghalaya,2020,2,Merchant payments,46014,48980521.41595118
meghalaya,2020,2,Financial Services,1186,2944583.114737345
meghalaya,2020,2,Others,3263,2488953.643832149
meghalaya,2020,3,Recharge & bill payments,342484,97662913.13408674
meghalaya,2020,3,Peer-to-peer payments,194448,1065012681.7126106
meghalaya,2020,3,Merchant payments,55595,67511647.1349487
meghalaya,2020,3,Financial Services,1587,4049966.8133478058
meghalaya,2020,3,Others,3465,2821792.5880408054
meghalaya,2020,4,Recharge & bill payments,350006,102794647.7641504
meghalaya,2020,4,Peer-to-peer payments,286252,1579858348.0670543
meghalaya,2020,4,Merchant payments,111471,115136797.58942303
meghalaya,2020,4,Financial Services,1809,2774557.112070617
meghalaya,2020,4,Others,4470,3678221.666272167
meghalaya,2021,1,Peer-to-peer payments,326993,1794745857.3188953
meghalaya,2021,1,Recharge & bill payments,306634,106098525.65614726
meghalaya,2021,1,Merchant payments,108805,147747773.01896822
meghalaya,2021,1,Financial Services,1777,3981898.0457751974
meghalaya,2021,1,Others,3437,2941223.950049905
meghalaya,2021,2,Recharge & bill payments,389959,129031455.7077258
meghalaya,2021,2,Peer-to-peer payments,366411,1885041503.7970467
meghalaya,2021,2,Merchant payments,147406,173894963.00439677
meghalaya,2021,2,Financial Services,1766,2306496.854595862
meghalaya,2021,2,Others,4052,3342835.5268340455
meghalaya,2021,3,Peer-to-peer payments,473274,2348008593.21644
meghalaya,2021,3,Recharge & bill payments,418429,144363692.75220004
meghalaya,2021,3,Merchant payments,199427,270311210.8907223
meghalaya,2021,3,Financial Services,1556,2379067.1150075165
meghalaya,2021,3,Others,5045,3937887.553600684
meghalaya,2021,4,Peer-to-peer payments,669693,3233210261.728197
meghalaya,2021,4,Recharge & bill payments,447310,165277548.45940137
meghalaya,2021,4,Merchant payments,314445,442464385.0377933
meghalaya,2021,4,Financial Services,1989,2464327.9242311358
meghalaya,2021,4,Others,6756,5348877.036531466
meghalaya,2022,1,Peer-to-peer payments,801009,3899172008.7001157
meghalaya,2022,1,Recharge & bill payments,459530,192026788.60457045
meghalaya,2022,1,Merchant payments,405859,563004043.9315958
meghalaya,2022,1,Financial Services,2134,3019251.8598936894
meghalaya,2022,1,Others,6218,5116238.235718384
meghalaya,2022,2,Peer-to-peer payments,977816,4359000096.157877
meghalaya,2022,2,Merchant payments,591364,714995836.5962032
meghalaya,2022,2,Recharge & bill payments,467745,200896879.69103926
meghalaya,2022,2,Financial Services,1880,2406087.095158501
meghalaya,2022,2,Others,5844,4192522.344518611
meghalaya,2022,3,Peer-to-peer payments,2050942,7796315453.507147
meghalaya,2022,3,Merchant payments,1486098,1468318733.1353962
meghalaya,2022,3,Recharge & bill payments,810017,330230375.9276109
meghalaya,2022,3,Financial Services,3504,3106775.3857113793
meghalaya,2022,3,Others,8604,5329459.165683068
meghalaya,2022,4,Peer-to-peer payments,1901671,7328913724.3339405
meghalaya,2022,4,Merchant payments,1334431,1381013596.832624
meghalaya,2022,4,Recharge & bill payments,685678,278377945.43169147
meghalaya,2022,4,Financial Services,3544,3564357.119764914
meghalaya,2022,4,Others,7124,4671532.630633753
meghalaya,2023,1,Peer-to-peer payments,2111009,8309060918.0
meghalaya,2023,1,Merchant payments,1232691,1407372935.0
meghalaya,2023,1,Recharge & bill payments,810151,358800191.0
meghalaya,2023,1,Financial Services,3991,4692287.0
meghalaya,2023,1,Others,6863,4914284.0
meghalaya,2023,2,Peer-to-peer payments,2509275,8997569260.0
meghalaya,2023,2,Merchant payments,1701913,1698962028.0
meghalaya,2023,2,Recharge & bill payments,855108,378639410.0
meghalaya,2023,2,Financial Services,4075,4633858.0
meghalaya,2023,2,Others,6841,4701930.0
meghalaya,2023,3,Peer-to-peer payments,2926582,9081363888.0
meghalaya,2023,3,Merchant payments,2199365,1940467487.0
meghalaya,2023,3,Recharge & bill payments,893594,376288929.0
meghalaya,2023,3,Financial Services,4709,4394372.0
meghalaya,2023,3,Others,5592,4118404.0
meghalaya,2023,4,Peer-to-peer payments,3588204,11051189244.0
meghalaya,2023,4,Merchant payments,2747430,2399606416.0
meghalaya,2023,4,Recharge & bill payments,919773,412031812.0
meghalaya,2023,4,Financial Services,6221,6157396.0
meghalaya,2023,4,Others,6756,4073824.0
meghalaya,2024,1,Peer-to-peer payments,4141676,12376963890.0
meghalaya,2024,1,Merchant payments,3366756,2796689522.0
meghalaya,2024,1,Recharge & bill payments,1011922,444032559.0
meghalaya,2024,1,Financial Services,5705,8055532.0
meghalaya,2024,1,Others,5203,3563155.0
meghalaya,2024,2,Merchant payments,5265188,3372146485.0
meghalaya,2024,2,Peer-to-peer payments,4738246,12947440379.0
meghalaya,2024,2,Recharge & bill payments,1072381,456611422.0
meghalaya,2024,2,Financial Services,8054,15137347.0
meghalaya,2024,2,Others,5792,3278461.0
meghalaya,2024,3,Merchant payments,5874164,3573771290.0
meghalaya,2024,3,Peer-to-peer payments,5135057,12225400151.0
meghalaya,2024,3,Recharge & bill payments,1087757,477853823.0
meghalaya,2024,3,Financial Services,7750,12735329.0
meghalaya,2024,3,Others,5396,3196103.0
meghalaya,2024,4,Merchant payments,6927970,4244760218.0
meghalaya,2024,4,Peer-to-peer payments,6120409,14921918261.0
meghalaya,2024,4,Recharge & bill payments,1089357,489888652.0
meghalaya,2024,4,Financial Services,23838,13969159.0
meghalaya,2024,4,Others,4806,4391143.0
mizoram,2018,1,Recharge & bill payments,10155,2199565.258913744
mizoram,2018,1,Peer-to-peer payments,6845,41186717.278001666
mizoram,2018,1,Merchant payments,616,1066002.1670622267
mizoram,2018,1,Financial Services,260,65022.49896840689
mizoram,2018,1,Others,685,709912.772844791
mizoram,2018,2,Recharge & bill payments,13550,3107406.501616686
mizoram,2018,2,Peer-to-peer payments,11427,77040044.25291511
mizoram,2018,2,Merchant payments,1310,2368711.975892641
mizoram,2018,2,Financial Services,167,60939.77304627103
mizoram,2018,2,Others,597,931303.0542636234
mizoram,2018,3,Peer-to-peer payments,18564,108783543.9098094
mizoram,2018,3,Recharge & bill payments,17610,4050433.5962071815
mizoram,2018,3,Merchant payments,2310,2952533.8004545765
mizoram,2018,3,Financial Services,240,43891.23943201654
mizoram,2018,3,Others,592,770335.5794872268
mizoram,2018,4,Peer-to-peer payments,26212,177049162.13058332
mizoram,2018,4,Recharge & bill payments,24533,5523702.976434887
mizoram,2018,4,Merchant payments,3699,6911586.608122997
mizoram,2018,4,Financial Services,145,35654.18337878893
mizoram,2018,4,Others,653,906746.6310095722
mizoram,2019,1,Peer-to-peer payments,35126,204183867.4116538
mizoram,2019,1,Recharge & bill payments,30327,6760113.704148788
mizoram,2019,1,Merchant payments,3984,6470456.031897823
mizoram,2019,1,Financial Services,133,33512.39606736117
mizoram,2019,1,Others,736,712945.8536347556
mizoram,2019,2,Peer-to-peer payments,37364,233471780.00357005
mizoram,2019,2,Recharge & bill payments,31903,7823562.397702506
mizoram,2019,2,Merchant payments,5646,5889316.861228463
mizoram,2019,2,Financial Services,80,14455.380988399309
mizoram,2019,2,Others,678,817593.4915248882
mizoram,2019,3,Recharge & bill payments,49073,12966806.696277115
mizoram,2019,3,Peer-to-peer payments,42645,257538220.22775066
mizoram,2019,3,Merchant payments,5560,7397529.021326996
mizoram,2019,3,Financial Services,94,72985.31151294889
mizoram,2019,3,Others,722,818358.6944744462
mizoram,2019,4,Recharge & bill payments,60511,16857122.3073061
mizoram,2019,4,Peer-to-peer payments,57109,341664291.4936854
mizoram,2019,4,Merchant payments,6939,9451111.139352825
mizoram,2019,4,Financial Services,100,20966.3333050078
mizoram,2019,4,Others,580,695859.360839114
mizoram,2020,1,Recharge & bill payments,85067,24356294.58523286
mizoram,2020,1,Peer-to-peer payments,57916,356260523.23262954
mizoram,2020,1,Merchant payments,9961,10404414.592504771
mizoram,2020,1,Financial Services,119,283854.3188381147
mizoram,2020,1,Others,546,772492.6204317764
mizoram,2020,2,Recharge & bill payments,127592,37504550.77732091
mizoram,2020,2,Peer-to-peer payments,60021,404110075.0863959
mizoram,2020,2,Merchant payments,10056,14627463.664270937
mizoram,2020,2,Financial Services,244,434960.2799078573
mizoram,2020,2,Others,549,516383.63442262856
mizoram,2020,3,Recharge & bill payments,132664,40941077.032856956
mizoram,2020,3,Peer-to-peer payments,99644,634560147.3506901
mizoram,2020,3,Merchant payments,20934,30693648.236451425
mizoram,2020,3,Financial Services,535,824864.513127287
mizoram,2020,3,Others,926,924438.3714747172
mizoram,2020,4,Peer-to-peer payments,141038,887252744.067668
mizoram,2020,4,Recharge & bill payments,140297,45386403.17281592
mizoram,2020,4,Merchant payments,39676,52094800.565094605
mizoram,2020,4,Financial Services,607,855201.5881157237
mizoram,2020,4,Others,989,932966.3002634952
mizoram,2021,1,Peer-to-peer payments,156386,982955112.1892779
mizoram,2021,1,Recharge & bill payments,128055,45558278.22323953
mizoram,2021,1,Merchant payments,43511,70289687.94622748
mizoram,2021,1,Financial Services,648,1330632.9787811027
mizoram,2021,1,Others,975,971875.6084117102
mizoram,2021,2,Peer-to-peer payments,173064,995581952.903405
mizoram,2021,2,Recharge & bill payments,161763,56059844.239659324
mizoram,2021,2,Merchant payments,57877,69528721.40156102
mizoram,2021,2,Financial Services,611,710657.5065644829
mizoram,2021,2,Others,1025,993297.250902934
mizoram,2021,3,Peer-to-peer payments,224873,1290523196.259221
mizoram,2021,3,Recharge & bill payments,177281,67493206.62394348
mizoram,2021,3,Merchant payments,74553,113697005.89820999
mizoram,2021,3,Financial Services,522,806905.9729422838
mizoram,2021,3,Others,1300,1228335.4576346257
mizoram,2021,4,Peer-to-peer payments,272209,1545255603.4119103
mizoram,2021,4,Recharge & bill payments,179405,67548806.84754582
mizoram,2021,4,Merchant payments,99265,154183940.72826496
mizoram,2021,4,Financial Services,695,2202285.707728365
mizoram,2021,4,Others,1755,1475104.827591939
mizoram,2022,1,Peer-to-peer payments,302740,1691281089.989316
mizoram,2022,1,Recharge & bill payments,190137,76541062.33691595
mizoram,2022,1,Merchant payments,109669,174157725.41469872
mizoram,2022,1,Financial Services,731,1657575.282816791
mizoram,2022,1,Others,1640,1521510.587498479
mizoram,2022,2,Peer-to-peer payments,332102,1739114390.3016624
mizoram,2022,2,Recharge & bill payments,172281,70775723.34635986
mizoram,2022,2,Merchant payments,137279,191484723.76839563
mizoram,2022,2,Financial Services,656,801633.2114598342
mizoram,2022,2,Others,1659,1010096.4810587188
mizoram,2022,3,Peer-to-peer payments,349715,1665955694.9848173
mizoram,2022,3,Recharge & bill payments,156874,68463689.80469275
mizoram,2022,3,Merchant payments,150320,209934220.28326848
mizoram,2022,3,Financial Services,802,880187.5512756812
mizoram,2022,3,Others,1327,1031819.4438998674
mizoram,2022,4,Peer-to-peer payments,378295,1750113148.3068104
mizoram,2022,4,Merchant payments,164389,222455759.17733783
mizoram,2022,4,Recharge & bill payments,148573,63477925.042983845
mizoram,2022,4,Financial Services,932,949850.198945797
mizoram,2022,4,Others,1585,914402.5369417528
mizoram,2023,1,Peer-to-peer payments,593994,2560331179.0
mizoram,2023,1,Recharge & bill payments,234313,98553348.0
mizoram,2023,1,Merchant payments,221560,293428579.0
mizoram,2023,1,Financial Services,1044,2065983.0
mizoram,2023,1,Others,1684,1243650.0
mizoram,2023,2,Peer-to-peer payments,673375,2715818146.0
mizoram,2023,2,Merchant payments,291229,369968035.0
mizoram,2023,2,Recharge & bill payments,241862,102587776.0
mizoram,2023,2,Financial Services,1144,2164348.0
mizoram,2023,2,Others,1320,1268271.0
mizoram,2023,3,Peer-to-peer payments,725656,2616686121.0
mizoram,2023,3,Merchant payments,343955,383487446.0
mizoram,2023,3,Recharge & bill payments,237526,100886209.0
mizoram,2023,3,Financial Services,1523,3916230.0
mizoram,2023,3,Others,1753,1154229.0
mizoram,2023,4,Peer-to-peer payments,809449,2937356157.0
mizoram,2023,4,Merchant payments,454911,486085794.0
mizoram,2023,4,Recharge & bill payments,233101,110530170.0
mizoram,2023,4,Financial Services,1693,6001935.0
mizoram,2023,4,Others,1574,866227.0
mizoram,2024,1,Peer-to-peer payments,852682,2946283349.0
mizoram,2024,1,Merchant payments,537550,568411807.0
mizoram,2024,1,Recharge & bill payments,233738,109792002.0
mizoram,2024,1,Financial Services,1756,4788439.0
mizoram,2024,1,Others,1290,821133.0
mizoram,2024,2,Peer-to-peer payments,952986,3009367498.0
mizoram,2024,2,Merchant payments,781094,672085704.0
mizoram,2024,2,Recharge & bill payments,236909,111528807.0
mizoram,2024,2,Financial Services,4940,4813762.0
mizoram,2024,2,Others,1150,681869.0
mizoram,2024,3,Peer-to-peer payments,1092211,3031557787.0
mizoram,2024,3,Merchant payments,992777,769225473.0
mizoram,2024,3,Recharge & bill payments,245546,116119620.0
mizoram,2024,3,Financial Services,28263,6165535.0
mizoram,2024,3,Others,1409,819816.0
mizoram,2024,4,Peer-to-peer payments,1220369,3439847971.0
mizoram,2024,4,Merchant payments,1199890,893916533.0
mizoram,2024,4,Recharge & bill payments,236274,120540465.0
mizoram,2024,4,Financial Services,44785,6012676.0
mizoram,2024,4,Others,1125,845277.0
nagaland,2018,1,Recharge & bill payments,28198,5361675.549623315
nagaland,2018,1,Peer-to-peer payments,11631,69830122.02063876
nagaland,2018,1,Merchant payments,822,1170667.4151649117
nagaland,2018,1,Financial Services,399,299016.7345620737
nagaland,2018,1,Others,1795,1344409.3661360394
nagaland,2018,2,Recharge & bill payments,41959,9139467.703980098
nagaland,2018,2,Peer-to-peer payments,20099,140193107.69683594
nagaland,2018,2,Merchant payments,1529,2293935.490835924
nagaland,2018,2,Financial Services,379,153458.5231626137
nagaland,2018,2,Others,1633,1545608.465487119
nagaland,2018,3,Recharge & bill payments,54885,12664922.724117381
nagaland,2018,3,Peer-to-peer payments,33930,223964723.15160483
nagaland,2018,3,Merchant payments,3518,3631042.2777308393
nagaland,2018,3,Financial Services,460,125171.61850935029
nagaland,2018,3,Others,1578,1406883.1646908007
nagaland,2018,4,Recharge & bill payments,72881,16615511.42043031
nagaland,2018,4,Peer-to-peer payments,53723,358926253.43094724
nagaland,2018,4,Merchant payments,10350,10500634.794542974
nagaland,2018,4,Financial Services,587,216127.40846239947
nagaland,2018,4,Others,1792,1754940.4912408509
nagaland,2019,1,Recharge & bill payments,87596,20020458.076388802
nagaland,2019,1,Peer-to-peer payments,71642,411855878.2498224
nagaland,2019,1,Merchant payments,7306,8187940.322092213
nagaland,2019,1,Financial Services,430,101072.89773317604
nagaland,2019,1,Others,1605,1776362.8662935253
nagaland,2019,2,Recharge & bill payments,92492,21350211.07781426
nagaland,2019,2,Peer-to-peer payments,81065,487705354.46570444
nagaland,2019,2,Merchant payments,12949,8990954.079767609
nagaland,2019,2,Financial Services,286,129758.00259777348
nagaland,2019,2,Others,1961,1890404.5326202572
nagaland,2019,3,Recharge & bill payments,145812,33293527.93210053
nagaland,2019,3,Peer-to-peer payments,100736,601803135.4703114
nagaland,2019,3,Merchant payments,13031,13381591.199777838
nagaland,2019,3,Financial Services,210,229319.84921986386
nagaland,2019,3,Others,2089,2248897.2620018576
nagaland,2019,4,Recharge & bill payments,172761,39720745.597670965
nagaland,2019,4,Peer-to-peer payments,128674,777298578.6127516
nagaland,2019,4,Merchant payments,13578,15460907.228900284
nagaland,2019,4,Financial Services,499,283291.7740842187
nagaland,2019,4,Others,1658,1773615.1353679793
nagaland,2020,1,Recharge & bill payments,221741,53662023.32016543
nagaland,2020,1,Peer-to-peer payments,135966,821508819.5893908
nagaland,2020,1,Merchant payments,18249,17663339.36989499
nagaland,2020,1,Financial Services,528,215066.78349539996
nagaland,2020,1,Others,1567,1730779.6714233835
nagaland,2020,2,Recharge & bill payments,328269,85264116.11779374
nagaland,2020,2,Peer-to-peer payments,166866,1025000209.9574311
nagaland,2020,2,Merchant payments,20004,25214703.910237495
nagaland,2020,2,Financial Services,860,989239.9671938312
nagaland,2020,2,Others,1567,1206234.3951445608
nagaland,2020,3,Recharge & bill payments,347494,91214897.18744522
nagaland,2020,3,Peer-to-peer payments,330638,1851638119.539822
nagaland,2020,3,Merchant payments,51912,62568884.13216571
nagaland,2020,3,Financial Services,2544,2136903.0242114514
nagaland,2020,3,Others,3731,2090339.2711506593
nagaland,2020,4,Peer-to-peer payments,417393,2563827858.0487146
nagaland,2020,4,Recharge & bill payments,335297,91929581.87730268
nagaland,2020,4,Merchant payments,90496,113115660.17405558
nagaland,2020,4,Financial Services,1068,1017278.309874404
nagaland,2020,4,Others,3571,3194492.1527384534
nagaland,2021,1,Peer-to-peer payments,477346,2841021698.4844904
nagaland,2021,1,Recharge & bill payments,376473,110095189.5931618
nagaland,2021,1,Merchant payments,116846,151202427.14605337
nagaland,2021,1,Financial Services,1511,1929643.694251965
nagaland,2021,1,Others,3721,3201525.695241506
nagaland,2021,2,Peer-to-peer payments,526966,2847731457.571479
nagaland,2021,2,Recharge & bill payments,453979,126962524.74536937
nagaland,2021,2,Merchant payments,144413,176831583.13676447
nagaland,2021,2,Financial Services,1624,1785915.6371230448
nagaland,2021,2,Others,3809,2982482.691132756
nagaland,2021,3,Peer-to-peer payments,667633,3536780176.7792263
nagaland,2021,3,Recharge & bill payments,474693,141172028.23897478
nagaland,2021,3,Merchant payments,208387,304493279.8158357
nagaland,2021,3,Financial Services,1437,1634878.888862805
nagaland,2021,3,Others,4642,3336484.2825483214
nagaland,2021,4,Peer-to-peer payments,819452,4335295237.9809065
nagaland,2021,4,Recharge & bill payments,492411,154359432.07659015
nagaland,2021,4,Merchant payments,311673,442578210.0882374
nagaland,2021,4,Financial Services,1790,2263055.5218537706
nagaland,2021,4,Others,6157,4587848.468888722
nagaland,2022,1,Peer-to-peer payments,963378,4798355631.574022
nagaland,2022,1,Recharge & bill payments,529038,175942440.62210858
nagaland,2022,1,Merchant payments,425336,563650239.9471383
nagaland,2022,1,Financial Services,2022,2503998.824974763
nagaland,2022,1,Others,6178,4499397.927512417
nagaland,2022,2,Peer-to-peer payments,1032542,4933041257.229492
nagaland,2022,2,Merchant payments,513456,640665988.1540827
nagaland,2022,2,Recharge & bill payments,479322,162238616.41478142
nagaland,2022,2,Financial Services,1547,1519503.219426635
nagaland,2022,2,Others,4462,2819984.0024981033
nagaland,2022,3,Peer-to-peer payments,990896,4568905305.863961
nagaland,2022,3,Merchant payments,467257,642368278.6360128
nagaland,2022,3,Recharge & bill payments,430854,148324294.67210707
nagaland,2022,3,Financial Services,1479,2345498.6025009975
nagaland,2022,3,Others,3627,2457117.2762476145
nagaland,2022,4,Peer-to-peer payments,1314122,5888068476.789
nagaland,2022,4,Merchant payments,647805,906834415.4525998
nagaland,2022,4,Recharge & bill payments,508230,170028535.796474
nagaland,2022,4,Financial Services,2104,1909585.0695077945
nagaland,2022,4,Others,3944,3125371.2064643847
nagaland,2023,1,Peer-to-peer payments,1499574,6682278926.0
nagaland,2023,1,Recharge & bill payments,594157,217058376.0
nagaland,2023,1,Merchant payments,586135,908765354.0
nagaland,2023,1,Financial Services,2116,3157626.0
nagaland,2023,1,Others,3588,3137572.0
nagaland,2023,2,Peer-to-peer payments,1617109,6785635810.0
nagaland,2023,2,Merchant payments,727260,1034147550.0
nagaland,2023,2,Recharge & bill payments,572760,197242689.0
nagaland,2023,2,Financial Services,2070,1698008.0
nagaland,2023,2,Others,2802,2675253.0
nagaland,2023,3,Peer-to-peer payments,1885439,7170452325.0
nagaland,2023,3,Merchant payments,941540,1233761672.0
nagaland,2023,3,Recharge & bill payments,589934,204490934.0
nagaland,2023,3,Financial Services,3255,5608850.0
nagaland,2023,3,Others,2163,1985892.0
nagaland,2023,4,Peer-to-peer payments,2108656,7951828073.0
nagaland,2023,4,Merchant payments,1114580,1506769625.0
nagaland,2023,4,Recharge & bill payments,569355,210015855.0
nagaland,2023,4,Financial Services,2722,4005037.0
nagaland,2023,4,Others,1866,1956832.0
nagaland,2024,1,Peer-to-peer payments,2252013,8080209969.0
nagaland,2024,1,Merchant payments,1406740,1731421124.0
nagaland,2024,1,Recharge & bill payments,595725,227556519.0
nagaland,2024,1,Financial Services,2602,3951600.0
nagaland,2024,1,Others,1844,1776096.0
nagaland,2024,2,Peer-to-peer payments,2655039,8746750126.0
nagaland,2024,2,Merchant payments,2310391,2028921372.0
nagaland,2024,2,Recharge & bill payments,626712,228501471.0
nagaland,2024,2,Financial Services,4449,6400726.0
nagaland,2024,2,Others,2109,2339401.0
nagaland,2024,3,Peer-to-peer payments,3226550,9580356158.0
nagaland,2024,3,Merchant payments,3070195,2427367862.0
nagaland,2024,3,Recharge & bill payments,675444,263008367.0
nagaland,2024,3,Financial Services,7303,8841059.0
nagaland,2024,3,Others,2143,1741722.0
nagaland,2024,4,Peer-to-peer payments,3650092,10820675194.0
nagaland,2024,4,Merchant payments,3599232,2864643406.0
nagaland,2024,4,Recharge & bill payments,653702,265920419.0
nagaland,2024,4,Financial Services,16507,6341057.0
nagaland,2024,4,Others,2019,1518600.0
odisha,2018,1,Recharge & bill payments,2874109,331254466.1508661
odisha,2018,1,Peer-to-peer payments,2305610,4033548999.1932316
odisha,2018,1,Financial Services,323352,58099674.94576137
odisha,2018,1,Merchant payments,129659,112301341.66618621
odisha,2018,1,Others,177091,92427728.93143727
odisha,2018,2,Peer-to-peer payments,3989202,7621288195.565702
odisha,2018,2,Recharge & bill payments,3307545,482823290.3527084
odisha,2018,2,Financial Services,472304,67829259.91787937
odisha,2018,2,Merchant payments,257628,213530873.3537121
odisha,2018,2,Others,131465,102838720.42969128
odisha,2018,3,Peer-to-peer payments,24472139,22029087498.562176
odisha,2018,3,Recharge & bill payments,3886392,605721781.5285043
odisha,2018,3,Financial Services,836547,97292154.49117658
odisha,2018,3,Merchant payments,729995,275532813.41930753
odisha,2018,3,Others,127082,86881527.58366849
odisha,2018,4,Peer-to-peer payments,12285028,21804268077.596016
odisha,2018,4,Recharge & bill payments,5142124,773017649.5916129
odisha,2018,4,Merchant payments,3061813,682181415.8729985
odisha,2018,4,Financial Services,495495,55534399.30905172
odisha,2018,4,Others,158338,114868029.19162312
odisha,2019,1,Peer-to-peer payments,24117274,33342321630.613514
odisha,2019,1,Recharge & bill payments,6713747,1120730273.3482153
odisha,2019,1,Merchant payments,2690762,821493664.580642
odisha,2019,1,Financial Services,375910,34542738.889085874
odisha,2019,1,Others,134249,108039623.26819064
odisha,2019,2,Peer-to-peer payments,16455353,41423292021.956635
odisha,2019,2,Recharge & bill payments,7845252,1506620072.6624596
odisha,2019,2,Merchant payments,4827067,1664621261.2600245
odisha,2019,2,Financial Services,202705,20424212.30787918
odisha,2019,2,Others,181647,139897303.4868461
odisha,2019,3,Peer-to-peer payments,18490877,51447586885.48035
odisha,2019,3,Merchant payments,13984738,3895753253.334454
odisha,2019,3,Recharge & bill payments,8565917,1806123698.4609375
odisha,2019,3,Financial Services,195034,31079934.758642014
odisha,2019,3,Others,185706,124033587.18883926
odisha,2019,4,Peer-to-peer payments,43284477,72966050937.29504
odisha,2019,4,Recharge & bill payments,10629461,2290841668.304525
odisha,2019,4,Merchant payments,10601703,4395710870.154251
odisha,2019,4,Financial Services,323887,38782542.04589868
odisha,2019,4,Others,156105,77987614.2508337
odisha,2020,1,Peer-to-peer payments,27110930,82863844732.4941
odisha,2020,1,Merchant payments,13269709,5738217250.062569
odisha,2020,1,Recharge & bill payments,13083524,3253609732.8992968
odisha,2020,1,Financial Services,84037,27641460.905009564
odisha,2020,1,Others,134107,73485022.97217913
odisha,2020,2,Peer-to-peer payments,24520938,80990080777.89252
odisha,2020,2,Recharge & bill payments,17040333,4551061364.34481
odisha,2020,2,Merchant payments,8313965,6092753944.948116
odisha,2020,2,Financial Services,66787,50322080.338512495
odisha,2020,2,Others,86553,48818444.57258892
odisha,2020,3,Peer-to-peer payments,34182172,107064668710.39911
odisha,2020,3,Recharge & bill payments,17126851,5015719823.514479
odisha,2020,3,Merchant payments,14519265,10242496366.436386
odisha,2020,3,Financial Services,90736,84971747.75755268
odisha,2020,3,Others,114805,56087156.18513397
odisha,2020,4,Peer-to-peer payments,47588728,153208735347.1269
odisha,2020,4,Merchant payments,27124765,19347472702.804092
odisha,2020,4,Recharge & bill payments,17318073,5532179002.002789
odisha,2020,4,Financial Services,106189,104419909.66526456
odisha,2020,4,Others,187195,109856053.01820508
odisha,2021,1,Peer-to-peer payments,54417515,181450436291.91052
odisha,2021,1,Merchant payments,38180718,25201936762.205833
odisha,2021,1,Recharge & bill payments,18633830,6552605937.545543
odisha,2021,1,Financial Services,87263,95064023.94844367
odisha,2021,1,Others,141032,97693172.7305285
odisha,2021,2,Peer-to-peer payments,66929109,208405882369.0544
odisha,2021,2,Merchant payments,39402607,29208847674.89984
odisha,2021,2,Recharge & bill payments,25183699,8024323050.14009
odisha,2021,2,Financial Services,102474,102761986.97553992
odisha,2021,2,Others,206448,122302396.20450994
odisha,2021,3,Peer-to-peer payments,85728576,251150860524.22568
odisha,2021,3,Merchant payments,64268830,43316348173.18004
odisha,2021,3,Recharge & bill payments,26943670,9025674783.404198
odisha,2021,3,Financial Services,97213,112383446.87807697
odisha,2021,3,Others,324385,175452005.353413
odisha,2021,4,Peer-to-peer payments,107560893,310704112799.8908
odisha,2021,4,Merchant payments,99512650,63383870318.30179
odisha,2021,4,Recharge & bill payments,26302130,10728834440.697895
odisha,2021,4,Financial Services,133004,147526652.49426866
odisha,2021,4,Others,416689,286705478.5345538
odisha,2022,1,Peer-to-peer payments,118999900,364447461107.48627
odisha,2022,1,Merchant payments,118108271,74302051597.7621
odisha,2022,1,Recharge & bill payments,26083549,12133153536.781809
odisha,2022,1,Financial Services,102802,118946014.37332995
odisha,2022,1,Others,338977,225699523.4203592
odisha,2022,2,Merchant payments,148544714,90369380298.62819
odisha,2022,2,Peer-to-peer payments,134717859,405793657448.2689
odisha,2022,2,Recharge & bill payments,29843263,13602640170.909237
odisha,2022,2,Financial Services,88649,95050158.46585183
odisha,2022,2,Others,257113,174284263.75509703
odisha,2022,3,Merchant payments,188143417,102889591517.77438
odisha,2022,3,Peer-to-peer payments,161912635,444439407187.0311
odisha,2022,3,Recharge & bill payments,36270166,16916650473.363901
odisha,2022,3,Financial Services,113961,114005498.98461477
odisha,2022,3,Others,247147,185902663.39600113
odisha,2022,4,Merchant payments,222167575,121470843740.33278
odisha,2022,4,Peer-to-peer payments,186438654,512124643103.06616
odisha,2022,4,Recharge & bill payments,36735289,18266150373.351486
odisha,2022,4,Financial Services,132033,149681749.30767313
odisha,2022,4,Others,241192,205745557.94232672
odisha,2023,1,Merchant payments,243616581,133278562001.0
odisha,2023,1,Peer-to-peer payments,198553747,595933691341.0
odisha,2023,1,Recharge & bill payments,40372356,24411906758.0
odisha,2023,1,Financial Services,127296,134484035.0
odisha,2023,1,Others,226108,210333528.0
odisha,2023,2,Merchant payments,282885225,147421475866.0
odisha,2023,2,Peer-to-peer payments,217285461,625263844732.0
odisha,2023,2,Recharge & bill payments,44095331,26269101096.0
odisha,2023,2,Financial Services,145204,188423267.0
odisha,2023,2,Others,186608,189209143.0
odisha,2023,3,Merchant payments,337194096,160182679944.0
odisha,2023,3,Peer-to-peer payments,239288791,651619933183.0
odisha,2023,3,Recharge & bill payments,45575270,28052828938.0
odisha,2023,3,Financial Services,174288,272020312.0
odisha,2023,3,Others,165158,170875747.0
odisha,2023,4,Merchant payments,401974050,192706056039.0
odisha,2023,4,Peer-to-peer payments,282995042,753723955251.0
odisha,2023,4,Recharge & bill payments,46794630,31909484745.0
odisha,2023,4,Financial Services,219343,295192794.0
odisha,2023,4,Others,154411,157176808.0
odisha,2024,1,Merchant payments,480958823,229723048656.0
odisha,2024,1,Peer-to-peer payments,327868990,890454993995.0
odisha,2024,1,Recharge & bill payments,54984697,35740864005.0
odisha,2024,1,Financial Services,206264,317440749.0
odisha,2024,1,Others,159678,152375131.0
odisha,2024,2,Merchant payments,543560945,246063468363.0
odisha,2024,2,Peer-to-peer payments,342157122,881670858128.0
odisha,2024,2,Recharge & bill payments,57872828,36472333691.0
odisha,2024,2,Financial Services,259583,475998990.0
odisha,2024,2,Others,177257,156624829.0
odisha,2024,3,Merchant payments,594398252,254047831665.0
odisha,2024,3,Peer-to-peer payments,372445745,884610057048.0
odisha,2024,3,Recharge & bill payments,56600977,37869373438.0
odisha,2024,3,Financial Services,306057,542793477.0
odisha,2024,3,Others,189318,163889006.0
odisha,2024,4,Merchant payments,666763461,286924145371.0
odisha,2024,4,Peer-to-peer payments,418408615,978893406606.0
odisha,2024,4,Recharge & bill payments,56768341,38925218377.0
odisha,2024,4,Financial Services,971394,536760198.0
odisha,2024,4,Others,185757,178062687.0
puducherry,2018,1,Recharge & bill payments,53125,9704752.648983236
puducherry,2018,1,Peer-to-peer payments,40303,147834476.16250613
puducherry,2018,1,Merchant payments,4163,4427034.0315394765
puducherry,2018,1,Financial Services,2086,565799.4553442572
puducherry,2018,1,Others,4535,3293909.0714630377
puducherry,2018,2,Recharge & bill payments,59867,14607336.895731753
puducherry,2018,2,Peer-to-peer payments,57751,261299695.1891191
puducherry,2018,2,Merchant payments,6904,6103101.528770715
puducherry,2018,2,Financial Services,2105,822585.95719087
puducherry,2018,2,Others,3634,2968399.9616244407
puducherry,2018,3,Peer-to-peer payments,101817,378368361.36171496
puducherry,2018,3,Recharge & bill payments,67909,19654338.114449568
puducherry,2018,3,Merchant payments,14384,16102024.2759922
puducherry,2018,3,Financial Services,1766,395306.6421075966
puducherry,2018,3,Others,4395,3138045.0999426576
puducherry,2018,4,Peer-to-peer payments,173170,569825171.3369759
puducherry,2018,4,Recharge & bill payments,95788,25159891.51570208
puducherry,2018,4,Merchant payments,29470,25999609.7587573
puducherry,2018,4,Financial Services,3490,689170.0726864681
puducherry,2018,4,Others,6046,4017822.739373042
puducherry,2019,1,Peer-to-peer payments,313822,835983054.254643
puducherry,2019,1,Recharge & bill payments,124092,32635247.523153085
puducherry,2019,1,Merchant payments,54518,33763704.68083725
puducherry,2019,1,Financial Services,3165,337570.322842385
puducherry,2019,1,Others,5495,3753447.525046112
puducherry,2019,2,Peer-to-peer payments,331248,1109343371.746654
puducherry,2019,2,Recharge & bill payments,147585,46876569.36325147
puducherry,2019,2,Merchant payments,92941,49963601.61554676
puducherry,2019,2,Financial Services,1524,469351.5481967761
puducherry,2019,2,Others,6779,4794015.854158426
puducherry,2019,3,Peer-to-peer payments,394866,1316118199.672093
puducherry,2019,3,Recharge & bill payments,158483,57003044.29549825
puducherry,2019,3,Merchant payments,156137,82601335.47825414
puducherry,2019,3,Financial Services,1090,528680.8975952889
puducherry,2019,3,Others,6250,4457097.111970215
puducherry,2019,4,Peer-to-peer payments,559670,1725523873.442102
puducherry,2019,4,Merchant payments,249621,128039884.38667427
puducherry,2019,4,Recharge & bill payments,195707,74383571.67593375
puducherry,2019,4,Financial Services,1481,391196.1284481905
puducherry,2019,4,Others,6176,3689792.245744483
puducherry,2020,1,Peer-to-peer payments,600290,1919499665.8834748
puducherry,2020,1,Merchant payments,349788,184925417.68654612
puducherry,2020,1,Recharge & bill payments,251115,96515615.43520354
puducherry,2020,1,Financial Services,1527,858236.5498234634
puducherry,2020,1,Others,5201,3478541.524535387
puducherry,2020,2,Peer-to-peer payments,468789,1680190117.5830743
puducherry,2020,2,Recharge & bill payments,310746,115223074.03158064
puducherry,2020,2,Merchant payments,249951,160931601.28167117
puducherry,2020,2,Financial Services,1555,2339469.003658029
puducherry,2020,2,Others,2342,1346718.5876069884
puducherry,2020,3,Peer-to-peer payments,855511,3116583524.6597652
puducherry,2020,3,Merchant payments,560420,335583369.656126
puducherry,2020,3,Recharge & bill payments,306852,138925436.52727452
puducherry,2020,3,Financial Services,3039,4788490.3633705
puducherry,2020,3,Others,5080,2199408.2280669413
puducherry,2020,4,Peer-to-peer payments,1211359,4090057482.9812045
puducherry,2020,4,Merchant payments,1108292,647985607.5763036
puducherry,2020,4,Recharge & bill payments,383707,184037245.74375987
puducherry,2020,4,Financial Services,3783,3888988.236763457
puducherry,2020,4,Others,8862,4556893.133174548
puducherry,2021,1,Peer-to-peer payments,1406958,4798646712.501943
puducherry,2021,1,Merchant payments,1385444,857787315.6292762
puducherry,2021,1,Recharge & bill payments,504499,231829246.92353857
puducherry,2021,1,Financial Services,5073,5953397.434996936
puducherry,2021,1,Others,7458,5092899.253895952
puducherry,2021,2,Peer-to-peer payments,1581221,5266478797.142263
puducherry,2021,2,Merchant payments,1437110,932602617.3169692
puducherry,2021,2,Recharge & bill payments,719252,289799593.1571478
puducherry,2021,2,Financial Services,4851,4980243.907969391
puducherry,2021,2,Others,8953,4973445.019544071
puducherry,2021,3,Merchant payments,2273996,1443176801.0606492
puducherry,2021,3,Peer-to-peer payments,2089199,6918396493.778431
puducherry,2021,3,Recharge & bill payments,741388,356068931.7441095
puducherry,2021,3,Financial Services,4733,5523949.081350253
puducherry,2021,3,Others,12410,6808255.349929206
puducherry,2021,4,Merchant payments,3052713,1864951565.928207
puducherry,2021,4,Peer-to-peer payments,2530821,8113722339.447034
puducherry,2021,4,Recharge & bill payments,762641,428453211.3120815
puducherry,2021,4,Financial Services,5995,7655925.10855468
puducherry,2021,4,Others,16640,8868759.43463589
puducherry,2022,1,Merchant payments,3723135,2199614586.4039083
puducherry,2022,1,Peer-to-peer payments,2901199,9407577501.769796
puducherry,2022,1,Recharge & bill payments,715338,460522863.7855054
puducherry,2022,1,Financial Services,6203,8184455.912082582
puducherry,2022,1,Others,13301,7575497.515363299
puducherry,2022,2,Merchant payments,4613049,2693234774.5574756
puducherry,2022,2,Peer-to-peer payments,3242208,10537267921.61604
puducherry,2022,2,Recharge & bill payments,773154,535604974.57621765
puducherry,2022,2,Financial Services,4914,6556452.522381971
puducherry,2022,2,Others,10362,6081132.496780836
puducherry,2022,3,Merchant payments,3992974,2322908508.7835197
puducherry,2022,3,Peer-to-peer payments,2474932,8058325855.623236
puducherry,2022,3,Recharge & bill payments,564285,463054690.5826355
puducherry,2022,3,Financial Services,4621,5514275.578545391
puducherry,2022,3,Others,5915,4514380.573011656
puducherry,2022,4,Merchant payments,4464977,2534351530.8368397
puducherry,2022,4,Peer-to-peer payments,2547018,8141612224.034059
puducherry,2022,4,Recharge & bill payments,531963,453692483.7752487
puducherry,2022,4,Financial Services,6073,7875178.045195433
puducherry,2022,4,Others,6096,4673460.483150147
puducherry,2023,1,Merchant payments,6210806,3316530650.0
puducherry,2023,1,Peer-to-peer payments,3253673,10233359658.0
puducherry,2023,1,Recharge & bill payments,665403,659444437.0
puducherry,2023,1,Financial Services,6899,7467930.0
puducherry,2023,1,Others,7514,5585831.0
puducherry,2023,2,Merchant payments,6947299,3741027689.0
puducherry,2023,2,Peer-to-peer payments,3454536,10911578720.0
puducherry,2023,2,Recharge & bill payments,716315,721293051.0
puducherry,2023,2,Financial Services,5894,7597615.0
puducherry,2023,2,Others,6282,5236182.0
puducherry,2023,3,Merchant payments,7931739,4179109351.0
puducherry,2023,3,Peer-to-peer payments,3700961,11504274941.0
puducherry,2023,3,Recharge & bill payments,733610,749217503.0
puducherry,2023,3,Financial Services,7290,7192768.0
puducherry,2023,3,Others,6041,4697276.0
puducherry,2023,4,Merchant payments,8375075,4370563512.0
puducherry,2023,4,Peer-to-peer payments,3860142,11819316619.0
puducherry,2023,4,Recharge & bill payments,737154,820859102.0
puducherry,2023,4,Financial Services,7952,9479756.0
puducherry,2023,4,Others,5840,4291561.0
puducherry,2024,1,Merchant payments,8721907,4329956028.0
puducherry,2024,1,Peer-to-peer payments,3970891,12177414629.0
puducherry,2024,1,Recharge & bill payments,740529,864726690.0
puducherry,2024,1,Financial Services,8561,10368835.0
puducherry,2024,1,Others,5062,4015795.0
puducherry,2024,2,Merchant payments,9644255,4716626511.0
puducherry,2024,2,Peer-to-peer payments,4156839,12651154981.0
puducherry,2024,2,Recharge & bill payments,749291,855888787.0
puducherry,2024,2,Financial Services,8978,12912682.0
puducherry,2024,2,Others,5532,5426775.0
puducherry,2024,3,Merchant payments,10635002,5125352228.0
puducherry,2024,3,Peer-to-peer payments,4591074,13471904720.0
puducherry,2024,3,Recharge & bill payments,768057,915335917.0
puducherry,2024,3,Financial Services,9013,16592842.0
puducherry,2024,3,Others,5565,5818689.0
puducherry,2024,4,Merchant payments,11056472,5370645087.0
puducherry,2024,4,Peer-to-peer payments,4714040,13672653365.0
puducherry,2024,4,Recharge & bill payments,750373,899779153.0
puducherry,2024,4,Financial Services,33413,17161928.0
puducherry,2024,4,Others,5379,5153014.0
punjab,2018,1,Recharge & bill payments,946338,196018621.35851485
punjab,2018,1,Peer-to-peer payments,690684,2412434633.5413933
punjab,2018,1,Merchant payments,87477,83873893.96204324
punjab,2018,1,Financial Services,60688,11162488.423236402
punjab,2018,1,Others,85246,77268587.56920797
punjab,2018,2,Recharge & bill payments,1262450,395417027.849745
punjab,2018,2,Peer-to-peer payments,1017159,4036457553.7177477
punjab,2018,2,Merchant payments,147667,159406610.2632674
punjab,2018,2,Financial Services,82256,17719391.411258094
punjab,2018,2,Others,71631,75671628.7650177
punjab,2018,3,Peer-to-peer payments,1684209,6173898400.559117
punjab,2018,3,Recharge & bill payments,1381730,622737633.7524918
punjab,2018,3,Merchant payments,274458,194883994.57571086
punjab,2018,3,Financial Services,54285,9429174.53468925
punjab,2018,3,Others,67426,64737840.39918464
punjab,2018,4,Peer-to-peer payments,2269375,9404088424.489891
punjab,2018,4,Recharge & bill payments,1817964,825449591.241031
punjab,2018,4,Merchant payments,648096,455091549.5918779
punjab,2018,4,Financial Services,62453,11832962.875482317
punjab,2018,4,Others,89249,85520045.45150709
punjab,2019,1,Peer-to-peer payments,4026294,12027441595.712797
punjab,2019,1,Recharge & bill payments,2304690,986004867.8072444
punjab,2019,1,Merchant payments,711152,478382600.617519
punjab,2019,1,Financial Services,45621,6871295.954710579
punjab,2019,1,Others,84380,75789641.76089522
punjab,2019,2,Peer-to-peer payments,4140474,16258891447.321405
punjab,2019,2,Recharge & bill payments,2815047,1440058991.4565237
punjab,2019,2,Merchant payments,1407963,815090878.0150015
punjab,2019,2,Financial Services,37435,6876144.454559349
punjab,2019,2,Others,108911,93875933.52482703
punjab,2019,3,Peer-to-peer payments,4726946,19146726286.636036
punjab,2019,3,Recharge & bill payments,3455594,2481094964.9170833
punjab,2019,3,Merchant payments,2374014,1183743251.2734203
punjab,2019,3,Financial Services,32359,7912219.734296376
punjab,2019,3,Others,117899,86338883.28250344
punjab,2019,4,Peer-to-peer payments,6386367,25564144629.75061
punjab,2019,4,Recharge & bill payments,4068332,2622222199.1884565
punjab,2019,4,Merchant payments,3122413,1741259163.3677325
punjab,2019,4,Financial Services,22956,6382345.429778575
punjab,2019,4,Others,98557,55793908.45587015
punjab,2020,1,Peer-to-peer payments,6339183,26350005915.230072
punjab,2020,1,Recharge & bill payments,4935115,2767419472.6505165
punjab,2020,1,Merchant payments,3838480,2196329615.3949203
punjab,2020,1,Financial Services,17924,10987850.955996178
punjab,2020,1,Others,87082,49442411.668161854
punjab,2020,2,Recharge & bill payments,6064807,3089758241.1281967
punjab,2020,2,Peer-to-peer payments,5639212,25074384847.498463
punjab,2020,2,Merchant payments,2290868,2058898904.3613408
punjab,2020,2,Financial Services,23314,23704957.876037344
punjab,2020,2,Others,63093,37907301.34960769
punjab,2020,3,Peer-to-peer payments,7354451,32477438924.476498
punjab,2020,3,Recharge & bill payments,5478668,4066750820.6407743
punjab,2020,3,Merchant payments,4261548,3490665357.291087
punjab,2020,3,Financial Services,32390,42060249.32847581
punjab,2020,3,Others,82516,46176796.076553434
punjab,2020,4,Peer-to-peer payments,9609405,43286909256.83391
punjab,2020,4,Merchant payments,7144295,6142380827.109474
punjab,2020,4,Recharge & bill payments,6072201,4201551869.9511185
punjab,2020,4,Financial Services,38820,51677182.316327386
punjab,2020,4,Others,133204,92887343.34418696
punjab,2021,1,Peer-to-peer payments,10951083,46908632143.31532
punjab,2021,1,Merchant payments,9333364,7651004598.907397
punjab,2021,1,Recharge & bill payments,6332928,3980874403.2760215
punjab,2021,1,Financial Services,43094,52009482.41407214
punjab,2021,1,Others,110366,98366463.19387978
punjab,2021,2,Peer-to-peer payments,13180933,55282486111.30394
punjab,2021,2,Merchant payments,11225598,9710508482.436422
punjab,2021,2,Recharge & bill payments,7591039,4370756868.518326
punjab,2021,2,Financial Services,46218,53309051.06501615
punjab,2021,2,Others,127460,113998049.29147904
punjab,2021,3,Peer-to-peer payments,17024782,66149902036.358826
punjab,2021,3,Merchant payments,16837685,14103740968.543571
punjab,2021,3,Recharge & bill payments,8465739,5540272095.274853
punjab,2021,3,Financial Services,43789,63576666.590925634
punjab,2021,3,Others,161494,135069073.84402025
punjab,2021,4,Merchant payments,22669743,20753662875.546524
punjab,2021,4,Peer-to-peer payments,20663881,83611403637.31992
punjab,2021,4,Recharge & bill payments,8765579,6107473171.935022
punjab,2021,4,Financial Services,58581,86356456.60324252
punjab,2021,4,Others,201576,151230100.5948589
punjab,2022,1,Merchant payments,25979197,23217511696.823074
punjab,2022,1,Peer-to-peer payments,22354946,88645204328.52362
punjab,2022,1,Recharge & bill payments,9188439,6317909908.645241
punjab,2022,1,Financial Services,57561,83933665.00820544
punjab,2022,1,Others,178159,125418506.96271203
punjab,2022,2,Merchant payments,35941880,28585688543.687046
punjab,2022,2,Peer-to-peer payments,25952349,100938068541.26062
punjab,2022,2,Recharge & bill payments,10161030,7652499714.013335
punjab,2022,2,Financial Services,50483,57234782.46271807
punjab,2022,2,Others,167081,111934787.80332904
punjab,2022,3,Merchant payments,43089589,32370885165.312702
punjab,2022,3,Peer-to-peer payments,29862592,107653378074.87231
punjab,2022,3,Recharge & bill payments,11017816,9119649328.792372
punjab,2022,3,Financial Services,57979,68249938.53956848
punjab,2022,3,Others,149921,107280498.83777893
punjab,2022,4,Merchant payments,48358802,38162493193.40967
punjab,2022,4,Peer-to-peer payments,32377106,120512767954.99376
punjab,2022,4,Recharge & bill payments,10895208,9248445985.684328
punjab,2022,4,Financial Services,62809,72160390.22791913
punjab,2022,4,Others,141255,111559653.62333827
punjab,2023,1,Merchant payments,50683710,37462999833.0
punjab,2023,1,Peer-to-peer payments,33701280,126365345151.0
punjab,2023,1,Recharge & bill payments,12305439,11478972029.0
punjab,2023,1,Financial Services,70521,79209681.0
punjab,2023,1,Others,149871,122150166.0
punjab,2023,2,Merchant payments,64565961,41553118124.0
punjab,2023,2,Peer-to-peer payments,39301140,140243650141.0
punjab,2023,2,Recharge & bill payments,13207924,12183745216.0
punjab,2023,2,Financial Services,76961,95312222.0
punjab,2023,2,Others,138303,105749751.0
punjab,2023,3,Merchant payments,74881815,46565196649.0
punjab,2023,3,Peer-to-peer payments,43379354,145286422875.0
punjab,2023,3,Recharge & bill payments,13684178,13149660821.0
punjab,2023,3,Financial Services,92473,129392229.0
punjab,2023,3,Others,123361,94910163.0
punjab,2023,4,Merchant payments,81248644,54620603519.0
punjab,2023,4,Peer-to-peer payments,47365190,161825075689.0
punjab,2023,4,Recharge & bill payments,13392115,14445536415.0
punjab,2023,4,Financial Services,102014,156978606.0
punjab,2023,4,Others,121032,91267936.0
punjab,2024,1,Merchant payments,82004146,54424588041.0
punjab,2024,1,Peer-to-peer payments,46824100,154223751669.0
punjab,2024,1,Recharge & bill payments,13489430,14372835813.0
punjab,2024,1,Financial Services,99631,178070057.0
punjab,2024,1,Others,119872,104174742.0
punjab,2024,2,Merchant payments,104440898,62100642546.0
punjab,2024,2,Peer-to-peer payments,53315081,167465027818.0
punjab,2024,2,Recharge & bill payments,13930343,14507273633.0
punjab,2024,2,Financial Services,118746,207422928.0
punjab,2024,2,Others,141069,154670059.0
punjab,2024,3,Merchant payments,114061023,66317076283.0
punjab,2024,3,Peer-to-peer payments,58974111,173913771523.0
punjab,2024,3,Recharge & bill payments,14254453,15458601083.0
punjab,2024,3,Financial Services,146791,259188448.0
punjab,2024,3,Others,118342,167519192.0
punjab,2024,4,Merchant payments,120801535,76355607365.0
punjab,2024,4,Peer-to-peer payments,64087805,197067021486.0
punjab,2024,4,Recharge & bill payments,14140889,15295409347.0
punjab,2024,4,Financial Services,367578,224863465.0
punjab,2024,4,Others,111413,182750369.0
rajasthan,2018,1,Recharge & bill payments,4305940,868358581.1737025
rajasthan,2018,1,Peer-to-peer payments,2540658,7547652852.662634
rajasthan,2018,1,Financial Services,202537,37125466.49571308
rajasthan,2018,1,Merchant payments,184127,201212697.26059398
rajasthan,2018,1,Others,358428,271943533.1341365
rajasthan,2018,2,Recharge & bill payments,5288093,1511007056.105427
rajasthan,2018,2,Peer-to-peer payments,3770555,13341587602.422176
rajasthan,2018,2,Merchant payments,345752,342809667.5935513
rajasthan,2018,2,Financial Services,279471,52145152.93902289
rajasthan,2018,2,Others,289826,311536696.6979239
rajasthan,2018,3,Peer-to-peer payments,7120792,21010614922.14291
rajasthan,2018,3,Recharge & bill payments,5894660,2252031409.939968
rajasthan,2018,3,Merchant payments,711240,445504998.0014268
rajasthan,2018,3,Financial Services,230083,30185982.18078412
rajasthan,2018,3,Others,300323,302431358.9473551
rajasthan,2018,4,Peer-to-peer payments,10752729,33578327037.682457
rajasthan,2018,4,Recharge & bill payments,7557003,2743591538.8320713
rajasthan,2018,4,Merchant payments,1985927,1172254323.9731452
rajasthan,2018,4,Financial Services,311632,40412563.014562674
rajasthan,2018,4,Others,352432,374501619.8364362
rajasthan,2019,1,Peer-to-peer payments,27621606,55246071722.22856
rajasthan,2019,1,Recharge & bill payments,11650961,3821181816.6204696
rajasthan,2019,1,Merchant payments,3921438,1664209334.5681162
rajasthan,2019,1,Financial Services,359993,36340412.57538466
rajasthan,2019,1,Others,402042,373355289.5614773
rajasthan,2019,2,Peer-to-peer payments,25257679,79466464089.34059
rajasthan,2019,2,Recharge & bill payments,14968290,5709279550.854211
rajasthan,2019,2,Merchant payments,9026751,3435472167.201069
rajasthan,2019,2,Financial Services,182685,34134486.762421735
rajasthan,2019,2,Others,573881,461962878.5071422
rajasthan,2019,3,Peer-to-peer payments,29885618,97443950786.5758
rajasthan,2019,3,Merchant payments,19646612,6705923742.563935
rajasthan,2019,3,Recharge & bill payments,16970783,7872719571.602099
rajasthan,2019,3,Financial Services,217029,37899900.33366185
rajasthan,2019,3,Others,583575,407796030.8547787
rajasthan,2019,4,Peer-to-peer payments,43354317,140449134717.291
rajasthan,2019,4,Recharge & bill payments,20604852,9028860435.054995
rajasthan,2019,4,Merchant payments,20544791,9721826538.354998
rajasthan,2019,4,Financial Services,101805,25014672.38444693
rajasthan,2019,4,Others,468477,227573686.58499068
rajasthan,2020,1,Peer-to-peer payments,48269912,165468574323.88968
rajasthan,2020,1,Merchant payments,27880848,13643061482.35596
rajasthan,2020,1,Recharge & bill payments,25631131,10961167179.81334
rajasthan,2020,1,Financial Services,72604,34466606.25327997
rajasthan,2020,1,Others,404317,200968968.6958118
rajasthan,2020,2,Peer-to-peer payments,49160792,166176386876.30048
rajasthan,2020,2,Recharge & bill payments,31681776,13014051935.53691
rajasthan,2020,2,Merchant payments,20756594,14354151782.39264
rajasthan,2020,2,Financial Services,92875,76662259.20544848
rajasthan,2020,2,Others,262619,142020149.829893
rajasthan,2020,3,Peer-to-peer payments,73247856,249006720239.33432
rajasthan,2020,3,Merchant payments,45149210,27714680562.343937
rajasthan,2020,3,Recharge & bill payments,30148875,16650017440.553333
rajasthan,2020,3,Financial Services,146383,113675141.51464571
rajasthan,2020,3,Others,396352,193212778.7117864
rajasthan,2020,4,Peer-to-peer payments,88730951,321280847680.95026
rajasthan,2020,4,Merchant payments,67367264,46142484518.08269
rajasthan,2020,4,Recharge & bill payments,33455755,18123908525.97014
rajasthan,2020,4,Financial Services,169294,136058685.85299307
rajasthan,2020,4,Others,560171,351480425.6482615
rajasthan,2021,1,Peer-to-peer payments,116733195,408190388154.2274
rajasthan,2021,1,Merchant payments,96394132,61936457709.223076
rajasthan,2021,1,Recharge & bill payments,38919519,20855464604.344055
rajasthan,2021,1,Financial Services,192936,162581466.93308985
rajasthan,2021,1,Others,491137,347689722.9177618
rajasthan,2021,2,Peer-to-peer payments,139277445,467784146764.7472
rajasthan,2021,2,Merchant payments,97860493,69922875807.46701
rajasthan,2021,2,Recharge & bill payments,49501703,23387103755.819714
rajasthan,2021,2,Financial Services,216441,186606893.61035594
rajasthan,2021,2,Others,620957,422031947.60023904
rajasthan,2021,3,Peer-to-peer payments,181742972,575912799217.8965
rajasthan,2021,3,Merchant payments,167819345,105548321875.05884
rajasthan,2021,3,Recharge & bill payments,49709657,28335516739.41771
rajasthan,2021,3,Financial Services,197211,190362135.86135098
rajasthan,2021,3,Others,815568,524328574.25040925
rajasthan,2021,4,Merchant payments,221774624,151967969235.0213
rajasthan,2021,4,Peer-to-peer payments,212937264,718215327365.9165
rajasthan,2021,4,Recharge & bill payments,51610607,32831163302.92643
rajasthan,2021,4,Financial Services,265091,263180819.6932125
rajasthan,2021,4,Others,1034011,656777820.7586894
rajasthan,2022,1,Merchant payments,267467038,171182113048.26318
rajasthan,2022,1,Peer-to-peer payments,241739380,814525435614.1678
rajasthan,2022,1,Recharge & bill payments,54555117,35542881861.07577
rajasthan,2022,1,Financial Services,244029,243340851.71204624
rajasthan,2022,1,Others,956656,556409604.9103613
rajasthan,2022,2,Merchant payments,336900860,208238945148.44
rajasthan,2022,2,Peer-to-peer payments,263380560,905641041298.7231
rajasthan,2022,2,Recharge & bill payments,59879660,38325678033.564705
rajasthan,2022,2,Financial Services,170705,175399371.37748802
rajasthan,2022,2,Others,838365,452454748.2866859
rajasthan,2022,3,Merchant payments,398104319,230609701751.02283
rajasthan,2022,3,Peer-to-peer payments,299383118,961209376585.5621
rajasthan,2022,3,Recharge & bill payments,69118763,46000391408.24405
rajasthan,2022,3,Financial Services,215235,220271929.84233993
rajasthan,2022,3,Others,719925,449514643.6055006
rajasthan,2022,4,Merchant payments,457778005,275194969877.524
rajasthan,2022,4,Peer-to-peer payments,334316758,1130380720682.5203
rajasthan,2022,4,Recharge & bill payments,72510470,50609988781.94313
rajasthan,2022,4,Financial Services,244442,270658680.97924906
rajasthan,2022,4,Others,725173,500361375.69058275
rajasthan,2023,1,Merchant payments,484552414,276693132279.0
rajasthan,2023,1,Peer-to-peer payments,353301155,1216864232698.0
rajasthan,2023,1,Recharge & bill payments,82232131,60583110261.0
rajasthan,2023,1,Financial Services,259195,274450998.0
rajasthan,2023,1,Others,751791,498449614.0
rajasthan,2023,2,Merchant payments,592487449,310487787699.0
rajasthan,2023,2,Peer-to-peer payments,389865502,1321457235324.0
rajasthan,2023,2,Recharge & bill payments,90082184,65720609268.0
rajasthan,2023,2,Financial Services,289948,328805088.0
rajasthan,2023,2,Others,734255,461148921.0
rajasthan,2023,3,Merchant payments,704324393,341799936129.0
rajasthan,2023,3,Peer-to-peer payments,438800339,1385976868598.0
rajasthan,2023,3,Recharge & bill payments,93085762,71540658202.0
rajasthan,2023,3,Financial Services,359675,484002475.0
rajasthan,2023,3,Others,661998,423978212.0
rajasthan,2023,4,Merchant payments,766981185,396873110176.0
rajasthan,2023,4,Peer-to-peer payments,484250991,1587157118494.0
rajasthan,2023,4,Recharge & bill payments,97092812,81348244193.0
rajasthan,2023,4,Financial Services,443168,570385125.0
rajasthan,2023,4,Others,703998,430749813.0
rajasthan,2024,1,Merchant payments,919893321,461976302970.0
rajasthan,2024,1,Peer-to-peer payments,566762679,1797249393778.0
rajasthan,2024,1,Recharge & bill payments,111655206,90033046149.0
rajasthan,2024,1,Financial Services,475140,770584971.0
rajasthan,2024,1,Others,687661,470845922.0
rajasthan,2024,2,Merchant payments,1096672010,523282312007.0
rajasthan,2024,2,Peer-to-peer payments,603947443,1879643438141.0
rajasthan,2024,2,Recharge & bill payments,116905611,92675346901.0
rajasthan,2024,2,Financial Services,580197,900517039.0
rajasthan,2024,2,Others,749845,592923836.0
rajasthan,2024,3,Merchant payments,1180358044,539372910912.0
rajasthan,2024,3,Peer-to-peer payments,638917092,1829890897007.0
rajasthan,2024,3,Recharge & bill payments,114791455,101313424056.0
rajasthan,2024,3,Financial Services,740449,1135779724.0
rajasthan,2024,3,Others,597995,544704206.0
rajasthan,2024,4,Merchant payments,1255692535,612426670218.0
rajasthan,2024,4,Peer-to-peer payments,672419613,2073546444802.0
rajasthan,2024,4,Recharge & bill payments,112704437,105312390698.0
rajasthan,2024,4,Financial Services,2077251,1154736814.0
rajasthan,2024,4,Others,575711,609128876.0
sikkim,2018,1,Recharge & bill payments,26965,4823943.542263939
sikkim,2018,1,Peer-to-peer payments,13559,56334584.632872
sikkim,2018,1,Merchant payments,1349,1677583.1440411464
sikkim,2018,1,Financial Services,608,86906.81958101383
sikkim,2018,1,Others,1597,1727920.8016103164
sikkim,2018,2,Recharge & bill payments,45435,9465769.856051585
sikkim,2018,2,Peer-to-peer payments,24237,127051984.3879841
sikkim,2018,2,Merchant payments,2556,4713227.148135973
sikkim,2018,2,Financial Services,562,218130.12995975127
sikkim,2018,2,Others,1788,2243974.0076642134
sikkim,2018,3,Recharge & bill payments,58421,12221506.18938216
sikkim,2018,3,Peer-to-peer payments,43195,215547415.4557628
sikkim,2018,3,Merchant payments,4521,5322296.747954514
sikkim,2018,3,Financial Services,562,261766.8021705601
sikkim,2018,3,Others,1801,1727241.758047811
sikkim,2018,4,Recharge & bill payments,79232,16713780.628117373
sikkim,2018,4,Peer-to-peer payments,65451,351253329.74205655
sikkim,2018,4,Merchant payments,7452,12637809.239460425
sikkim,2018,4,Financial Services,717,596472.7145790398
sikkim,2018,4,Others,1681,1939965.7540404093
sikkim,2019,1,Peer-to-peer payments,121984,422987999.89472675
sikkim,2019,1,Recharge & bill payments,96878,20711589.874598008
sikkim,2019,1,Merchant payments,18346,11837344.846847566
sikkim,2019,1,Financial Services,1225,191594.23340424805
sikkim,2019,1,Others,1854,2265105.53451732
sikkim,2019,2,Peer-to-peer payments,172125,674044301.8399961
sikkim,2019,2,Recharge & bill payments,142582,32535297.489453897
sikkim,2019,2,Merchant payments,66722,28248001.02647286
sikkim,2019,2,Financial Services,2294,310197.54774877685
sikkim,2019,2,Others,4521,3756445.53226958
sikkim,2019,3,Peer-to-peer payments,203052,794235862.6317357
sikkim,2019,3,Merchant payments,188753,52337322.5262961
sikkim,2019,3,Recharge & bill payments,156125,33922224.892257094
sikkim,2019,3,Financial Services,288,548142.8999844441
sikkim,2019,3,Others,4218,3672895.4901549704
sikkim,2019,4,Peer-to-peer payments,508471,1086457147.940953
sikkim,2019,4,Recharge & bill payments,181287,42705664.08625737
sikkim,2019,4,Merchant payments,73992,43954548.804204434
sikkim,2019,4,Financial Services,373,494076.3450829056
sikkim,2019,4,Others,2947,2898164.4797200123
sikkim,2020,1,Peer-to-peer payments,230413,954765350.1856782
sikkim,2020,1,Recharge & bill payments,215586,53588505.838823974
sikkim,2020,1,Merchant payments,79881,43201695.38937264
sikkim,2020,1,Financial Services,345,175569.53933206247
sikkim,2020,1,Others,1893,1745150.991195219
sikkim,2020,2,Recharge & bill payments,297620,78397187.10935993
sikkim,2020,2,Peer-to-peer payments,186495,939900165.9422412
sikkim,2020,2,Merchant payments,31442,34385184.65717751
sikkim,2020,2,Financial Services,883,999656.0722047673
sikkim,2020,2,Others,1291,936594.480283038
sikkim,2020,3,Recharge & bill payments,298885,83894642.6709112
sikkim,2020,3,Peer-to-peer payments,245087,1255521152.966514
sikkim,2020,3,Merchant payments,49299,58337178.67223759
sikkim,2020,3,Financial Services,1252,1795366.733436462
sikkim,2020,3,Others,1912,1378387.6172995246
sikkim,2020,4,Peer-to-peer payments,334069,1711730126.584541
sikkim,2020,4,Recharge & bill payments,301382,90168624.05415541
sikkim,2020,4,Merchant payments,95503,112478003.86391157
sikkim,2020,4,Financial Services,1427,2361187.592392395
sikkim,2020,4,Others,2654,2537863.027923054
sikkim,2021,1,Peer-to-peer payments,403703,1965492629.578867
sikkim,2021,1,Recharge & bill payments,279679,93174110.112334
sikkim,2021,1,Merchant payments,112925,154183320.1372872
sikkim,2021,1,Financial Services,1844,3027799.2784099854
sikkim,2021,1,Others,2038,1789867.7338266163
sikkim,2021,2,Peer-to-peer payments,473141,2125758496.616091
sikkim,2021,2,Recharge & bill payments,345495,103846501.52404109
sikkim,2021,2,Merchant payments,153671,190473176.21848944
sikkim,2021,2,Financial Services,1865,2851874.287465013
sikkim,2021,2,Others,2542,1969531.0292125773
sikkim,2021,3,Peer-to-peer payments,595826,2582075089.383399
sikkim,2021,3,Recharge & bill payments,346173,111613776.75942023
sikkim,2021,3,Merchant payments,213808,290732930.46291006
sikkim,2021,3,Financial Services,1689,2624558.3857180667
sikkim,2021,3,Others,3098,2290508.8169457563
sikkim,2021,4,Peer-to-peer payments,831597,3548508409.656125
sikkim,2021,4,Recharge & bill payments,376078,136473754.40071422
sikkim,2021,4,Merchant payments,369343,504586163.5569785
sikkim,2021,4,Financial Services,2269,3162023.7210206646
sikkim,2021,4,Others,5058,4052910.300969372
sikkim,2022,1,Peer-to-peer payments,916940,3650961081.00263
sikkim,2022,1,Merchant payments,449273,570784579.6670712
sikkim,2022,1,Recharge & bill payments,371579,139135962.10369253
sikkim,2022,1,Financial Services,2124,3062332.163804472
sikkim,2022,1,Others,4386,3487320.9262269526
sikkim,2022,2,Peer-to-peer payments,1198014,4596501308.195931
sikkim,2022,2,Merchant payments,706658,847497607.0893551
sikkim,2022,2,Recharge & bill payments,411189,162174479.6973383
sikkim,2022,2,Financial Services,1758,1861284.7969863976
sikkim,2022,2,Others,4462,3070990.527526753
sikkim,2022,3,Peer-to-peer payments,1222037,4173703593.656705
sikkim,2022,3,Merchant payments,772650,830361400.9603965
sikkim,2022,3,Recharge & bill payments,397207,153567926.32171312
sikkim,2022,3,Financial Services,1538,2851319.5479129553
sikkim,2022,3,Others,3326,2396303.4047308513
sikkim,2022,4,Peer-to-peer payments,1548662,5175155338.821596
sikkim,2022,4,Merchant payments,1033541,1096220774.255463
sikkim,2022,4,Recharge & bill payments,470639,181281682.32208142
sikkim,2022,4,Financial Services,2049,2701971.788609252
sikkim,2022,4,Others,3448,3025622.2320622765
sikkim,2023,1,Peer-to-peer payments,1779090,5451626602.0
sikkim,2023,1,Merchant payments,1067585,1091745064.0
sikkim,2023,1,Recharge & bill payments,543957,213517668.0
sikkim,2023,1,Financial Services,2603,2801184.0
sikkim,2023,1,Others,2893,2877504.0
sikkim,2023,2,Peer-to-peer payments,2196285,6799375282.0
sikkim,2023,2,Merchant payments,1616549,1523202088.0
sikkim,2023,2,Recharge & bill payments,594826,251468530.0
sikkim,2023,2,Financial Services,2790,3457083.0
sikkim,2023,2,Others,2517,2847453.0
sikkim,2023,3,Peer-to-peer payments,2187102,6245427022.0
sikkim,2023,3,Merchant payments,2011690,1619166618.0
sikkim,2023,3,Recharge & bill payments,600784,233423001.0
sikkim,2023,3,Financial Services,3289,7262131.0
sikkim,2023,3,Others,2072,1958649.0
sikkim,2023,4,Peer-to-peer payments,2165502,6467541154.0
sikkim,2023,4,Merchant payments,2124031,1877772225.0
sikkim,2023,4,Recharge & bill payments,562618,235242389.0
sikkim,2023,4,Financial Services,3357,7657246.0
sikkim,2023,4,Others,1816,2395457.0
sikkim,2024,1,Merchant payments,2707037,2172007531.0
sikkim,2024,1,Peer-to-peer payments,2501457,6989057055.0
sikkim,2024,1,Recharge & bill payments,605942,278107861.0
sikkim,2024,1,Financial Services,3962,14632590.0
sikkim,2024,1,Others,1748,1916486.0
sikkim,2024,2,Merchant payments,3610564,2756669498.0
sikkim,2024,2,Peer-to-peer payments,2927640,8213879109.0
sikkim,2024,2,Recharge & bill payments,642240,310411870.0
sikkim,2024,2,Financial Services,5988,12875123.0
sikkim,2024,2,Others,1890,2682555.0
sikkim,2024,3,Merchant payments,3967262,2720586221.0
sikkim,2024,3,Peer-to-peer payments,3060298,7537324304.0
sikkim,2024,3,Recharge & bill payments,677635,293314207.0
sikkim,2024,3,Financial Services,6715,15986708.0
sikkim,2024,3,Others,1871,2617632.0
sikkim,2024,4,Merchant payments,4746814,3358031205.0
sikkim,2024,4,Peer-to-peer payments,3464526,8951460155.0
sikkim,2024,4,Recharge & bill payments,682763,312543062.0
sikkim,2024,4,Financial Services,20851,15322191.0
sikkim,2024,4,Others,1916,3744785.0
tamil-nadu,2018,1,Recharge & bill payments,3308548,646028338.3951533
tamil-nadu,2018,1,Peer-to-peer payments,2670613,10031518934.085688
tamil-nadu,2018,1,Merchant payments,326510,272002057.1736871
tamil-nadu,2018,1,Financial Services,115363,31876073.74792233
tamil-nadu,2018,1,Others,305588,280132294.11422664
tamil-nadu,2018,2,Recharge & bill payments,4464677,1189892955.8051775
tamil-nadu,2018,2,Peer-to-peer payments,4433762,18067624388.09562
tamil-nadu,2018,2,Merchant payments,627918,517130320.4660308
tamil-nadu,2018,2,Financial Services,167035,65402385.25640666
tamil-nadu,2018,2,Others,298736,285794226.64323723
tamil-nadu,2018,3,Peer-to-peer payments,8810836,26792462660.044968
tamil-nadu,2018,3,Recharge & bill payments,5148411,1521551955.205038
tamil-nadu,2018,3,Merchant payments,1290978,733189649.5729834
tamil-nadu,2018,3,Financial Services,191732,37049222.36590697
tamil-nadu,2018,3,Others,332121,245838753.995272
tamil-nadu,2018,4,Peer-to-peer payments,11538547,39180083690.57276
tamil-nadu,2018,4,Recharge & bill payments,7093764,2020329567.8245385
tamil-nadu,2018,4,Merchant payments,3145621,1742903221.432857
tamil-nadu,2018,4,Financial Services,228398,46571758.68242933
tamil-nadu,2018,4,Others,451114,312185737.38152075
tamil-nadu,2019,1,Peer-to-peer payments,18645926,51296299081.44436
tamil-nadu,2019,1,Recharge & bill payments,8863289,2695317014.8660007
tamil-nadu,2019,1,Merchant payments,4195222,1924461188.9900146
tamil-nadu,2019,1,Financial Services,193261,31217137.545322973
tamil-nadu,2019,1,Others,377347,256742393.28426796
tamil-nadu,2019,2,Peer-to-peer payments,16952961,57924128549.06981
tamil-nadu,2019,2,Recharge & bill payments,8414514,3280033639.8500404
tamil-nadu,2019,2,Merchant payments,6296995,2690331792.5060787
tamil-nadu,2019,2,Financial Services,70142,18334602.389631532
tamil-nadu,2019,2,Others,437125,294847441.9421142
tamil-nadu,2019,3,Peer-to-peer payments,21277636,70615331408.53966
tamil-nadu,2019,3,Merchant payments,10344027,4079315732.661683
tamil-nadu,2019,3,Recharge & bill payments,9246678,3964144354.4161515
tamil-nadu,2019,3,Financial Services,88261,27213741.831077334
tamil-nadu,2019,3,Others,453581,273599406.1898495
tamil-nadu,2019,4,Peer-to-peer payments,28814008,91858026341.27563
tamil-nadu,2019,4,Merchant payments,16153034,6420193204.780616
tamil-nadu,2019,4,Recharge & bill payments,11157765,4681454397.562926
tamil-nadu,2019,4,Financial Services,60624,24332240.65556671
tamil-nadu,2019,4,Others,410980,206859328.2685905
tamil-nadu,2020,1,Peer-to-peer payments,30880360,101907683045.28436
tamil-nadu,2020,1,Merchant payments,21541556,8950736938.223478
tamil-nadu,2020,1,Recharge & bill payments,14134259,5493239429.7322235
tamil-nadu,2020,1,Financial Services,61427,41422107.813630365
tamil-nadu,2020,1,Others,335871,176604658.386683
tamil-nadu,2020,2,Peer-to-peer payments,21700844,82347647064.12332
tamil-nadu,2020,2,Recharge & bill payments,18474731,6414781159.484189
tamil-nadu,2020,2,Merchant payments,11477546,6909361871.628206
tamil-nadu,2020,2,Financial Services,78584,89189349.84916353
tamil-nadu,2020,2,Others,138405,65529451.74366937
tamil-nadu,2020,3,Peer-to-peer payments,31754077,123561080533.04672
tamil-nadu,2020,3,Merchant payments,20664887,12554589575.504852
tamil-nadu,2020,3,Recharge & bill payments,17521756,7476952307.406668
tamil-nadu,2020,3,Financial Services,129671,158512062.54590106
tamil-nadu,2020,3,Others,207434,90281020.15995154
tamil-nadu,2020,4,Peer-to-peer payments,47800741,172196381789.491
tamil-nadu,2020,4,Merchant payments,41297305,24417758781.65223
tamil-nadu,2020,4,Recharge & bill payments,21563946,9462546013.163391
tamil-nadu,2020,4,Financial Services,153044,186775413.14290395
tamil-nadu,2020,4,Others,364665,209735503.54521424
tamil-nadu,2021,1,Peer-to-peer payments,57446279,206405230307.9611
tamil-nadu,2021,1,Merchant payments,53811885,30722779534.582508
tamil-nadu,2021,1,Recharge & bill payments,24826273,11115915388.739548
tamil-nadu,2021,1,Financial Services,170620,215319360.4840321
tamil-nadu,2021,1,Others,301617,208899281.88347316
tamil-nadu,2021,2,Peer-to-peer payments,60812902,216379027686.30246
tamil-nadu,2021,2,Merchant payments,52048347,33504798112.88382
tamil-nadu,2021,2,Recharge & bill payments,32753032,13155346942.255478
tamil-nadu,2021,2,Financial Services,192614,225113402.6634022
tamil-nadu,2021,2,Others,351547,223054882.44675264
tamil-nadu,2021,3,Merchant payments,85074941,52932187058.575195
tamil-nadu,2021,3,Peer-to-peer payments,83833356,296121079294.8346
tamil-nadu,2021,3,Recharge & bill payments,34751691,15613287081.611631
tamil-nadu,2021,3,Financial Services,182097,246146707.2790811
tamil-nadu,2021,3,Others,515319,294622911.6328684
tamil-nadu,2021,4,Merchant payments,117578360,70539086832.13815
tamil-nadu,2021,4,Peer-to-peer payments,104493071,353529424598.23047
tamil-nadu,2021,4,Recharge & bill payments,36163870,18979178477.53405
tamil-nadu,2021,4,Financial Services,228761,275850497.094934
tamil-nadu,2021,4,Others,691914,400412189.80491126
tamil-nadu,2022,1,Merchant payments,139788772,81798208975.87326
tamil-nadu,2022,1,Peer-to-peer payments,119383791,409631710258.4541
tamil-nadu,2022,1,Recharge & bill payments,34579431,20705079141.096962
tamil-nadu,2022,1,Financial Services,241201,298216135.377552
tamil-nadu,2022,1,Others,579955,355987089.8306444
tamil-nadu,2022,2,Merchant payments,179245529,100813133534.0309
tamil-nadu,2022,2,Peer-to-peer payments,136341691,464333108374.5711
tamil-nadu,2022,2,Recharge & bill payments,38257271,24477663683.793488
tamil-nadu,2022,2,Financial Services,202498,233054908.96978933
tamil-nadu,2022,2,Others,459948,277767177.03123105
tamil-nadu,2022,3,Merchant payments,202149276,109801011246.16069
tamil-nadu,2022,3,Peer-to-peer payments,148805657,493880482824.984
tamil-nadu,2022,3,Recharge & bill payments,41919063,27694221703.16715
tamil-nadu,2022,3,Financial Services,217741,238069828.1652185
tamil-nadu,2022,3,Others,404438,265434770.79138052
tamil-nadu,2022,4,Merchant payments,229308285,118847998736.56468
tamil-nadu,2022,4,Peer-to-peer payments,162920305,526511418812.7734
tamil-nadu,2022,4,Recharge & bill payments,43391904,29719449171.386997
tamil-nadu,2022,4,Financial Services,295740,334812023.56560165
tamil-nadu,2022,4,Others,400402,275988847.1474179
tamil-nadu,2023,1,Merchant payments,248540772,124250251559.0
tamil-nadu,2023,1,Peer-to-peer payments,169269032,554678365256.0
tamil-nadu,2023,1,Recharge & bill payments,42745926,36069237413.0
tamil-nadu,2023,1,Financial Services,281287,303893116.0
tamil-nadu,2023,1,Others,375370,281926174.0
tamil-nadu,2023,2,Merchant payments,270279446,132952561597.0
tamil-nadu,2023,2,Peer-to-peer payments,181169979,603065358975.0
tamil-nadu,2023,2,Recharge & bill payments,46387359,39784453434.0
tamil-nadu,2023,2,Financial Services,273888,317118374.0
tamil-nadu,2023,2,Others,318966,243058635.0
tamil-nadu,2023,3,Merchant payments,309648502,147481033140.0
tamil-nadu,2023,3,Peer-to-peer payments,198678217,641624213537.0
tamil-nadu,2023,3,Recharge & bill payments,47138716,43398412878.0
tamil-nadu,2023,3,Financial Services,320645,373041817.0
tamil-nadu,2023,3,Others,298928,228563326.0
tamil-nadu,2023,4,Merchant payments,336838248,162776066943.0
tamil-nadu,2023,4,Peer-to-peer payments,208592985,662522423764.0
tamil-nadu,2023,4,Recharge & bill payments,47390155,46923336165.0
tamil-nadu,2023,4,Financial Services,381269,421861473.0
tamil-nadu,2023,4,Others,278724,226976660.0
tamil-nadu,2024,1,Merchant payments,372666269,174040000374.0
tamil-nadu,2024,1,Peer-to-peer payments,219277542,689079882786.0
tamil-nadu,2024,1,Recharge & bill payments,47746915,50024181672.0
tamil-nadu,2024,1,Financial Services,374620,495981410.0
tamil-nadu,2024,1,Others,261851,221064820.0
tamil-nadu,2024,2,Merchant payments,421976763,197165267684.0
tamil-nadu,2024,2,Peer-to-peer payments,232946490,735720936629.0
tamil-nadu,2024,2,Recharge & bill payments,49473659,51378465692.0
tamil-nadu,2024,2,Financial Services,423814,610399506.0
tamil-nadu,2024,2,Others,262960,276080355.0
tamil-nadu,2024,3,Merchant payments,465377405,211903749095.0
tamil-nadu,2024,3,Peer-to-peer payments,261706244,784327647260.0
tamil-nadu,2024,3,Recharge & bill payments,50701926,53589777402.0
tamil-nadu,2024,3,Financial Services,499913,641815710.0
tamil-nadu,2024,3,Others,251213,316605354.0
tamil-nadu,2024,4,Merchant payments,495976852,225671459942.0
tamil-nadu,2024,4,Peer-to-peer payments,272513152,807642909750.0
tamil-nadu,2024,4,Recharge & bill payments,50037730,53242042381.0
tamil-nadu,2024,4,Financial Services,1645600,715680931.0
tamil-nadu,2024,4,Others,250554,360782602.0
telangana,2018,1,Recharge & bill payments,4209319,831912767.5937189
telangana,2018,1,Peer-to-peer payments,3307245,11748268950.760422
telangana,2018,1,Merchant payments,351474,282899066.6137372
telangana,2018,1,Financial Services,262876,57011875.36233704
telangana,2018,1,Others,391852,388111458.2121352
telangana,2018,2,Peer-to-peer payments,4784079,20748520742.57553
telangana,2018,2,Recharge & bill payments,4686542,1274130053.834579
telangana,2018,2,Merchant payments,701082,551696487.3185428
telangana,2018,2,Financial Services,277805,85498213.25384143
telangana,2018,2,Others,315162,357356020.669816
telangana,2018,3,Peer-to-peer payments,11560952,29253505738.828743
telangana,2018,3,Recharge & bill payments,5328881,1568136060.627837
telangana,2018,3,Merchant payments,1770075,855534175.4794186
telangana,2018,3,Financial Services,307312,52554123.97376218
telangana,2018,3,Others,365483,300363110.81379545
telangana,2018,4,Peer-to-peer payments,15571288,44541667501.74112
telangana,2018,4,Recharge & bill payments,7121135,2165870863.16865
telangana,2018,4,Merchant payments,5315161,2356841304.9649296
telangana,2018,4,Financial Services,392423,64569231.23559249
telangana,2018,4,Others,521147,380139546.93821603
telangana,2019,1,Peer-to-peer payments,40488967,87361237975.49301
telangana,2019,1,Merchant payments,12341901,4144368545.535969
telangana,2019,1,Recharge & bill payments,11525394,3619117615.485172
telangana,2019,1,Financial Services,463688,54547989.275453925
telangana,2019,1,Others,470752,343989909.8750894
telangana,2019,2,Peer-to-peer payments,46741594,141095702899.16147
telangana,2019,2,Merchant payments,25682382,8442740781.469844
telangana,2019,2,Recharge & bill payments,16225017,5603477828.5489645
telangana,2019,2,Financial Services,252173,43627344.86329399
telangana,2019,2,Others,709213,490894328.3915366
telangana,2019,3,Peer-to-peer payments,59981113,180342868388.36203
telangana,2019,3,Merchant payments,44035953,14308557740.55424
telangana,2019,3,Recharge & bill payments,16437222,6793699069.387364
telangana,2019,3,Financial Services,183163,39617186.74048498
telangana,2019,3,Others,857925,445278745.3818412
telangana,2019,4,Peer-to-peer payments,82587060,249346680995.99316
telangana,2019,4,Merchant payments,59347809,21510626607.08445
telangana,2019,4,Recharge & bill payments,20797056,9561315124.602655
telangana,2019,4,Financial Services,137291,33453857.404595934
telangana,2019,4,Others,703042,294688962.659046
telangana,2020,1,Peer-to-peer payments,95668911,327641798044.80554
telangana,2020,1,Merchant payments,76818285,31076431477.91269
telangana,2020,1,Recharge & bill payments,26324268,12324266104.564993
telangana,2020,1,Financial Services,88184,59500639.38684589
telangana,2020,1,Others,509877,241784101.54604858
telangana,2020,2,Peer-to-peer payments,76683293,279478553909.7438
telangana,2020,2,Merchant payments,44181999,26712043204.891262
telangana,2020,2,Recharge & bill payments,30885875,15106945863.857046
telangana,2020,2,Financial Services,116776,134169906.74750492
telangana,2020,2,Others,187200,100126467.191328
telangana,2020,3,Peer-to-peer payments,116668399,437459188905.0534
telangana,2020,3,Merchant payments,86836471,49743225885.179474
telangana,2020,3,Recharge & bill payments,32352860,18378477087.576897
telangana,2020,3,Financial Services,195857,223377023.50525153
telangana,2020,3,Others,318539,156875854.55487928
telangana,2020,4,Peer-to-peer payments,160607487,591976601278.5154
telangana,2020,4,Merchant payments,143897953,81725950703.21272
telangana,2020,4,Recharge & bill payments,38174710,22006183348.80398
telangana,2020,4,Financial Services,230134,275357720.01805824
telangana,2020,4,Others,733503,366346176.40682477
telangana,2021,1,Merchant payments,185230619,95927278280.53006
telangana,2021,1,Peer-to-peer payments,179738195,676276353116.8419
telangana,2021,1,Recharge & bill payments,46371555,26447601338.53346
telangana,2021,1,Financial Services,262473,320153410.17969453
telangana,2021,1,Others,969268,387877900.5044867
telangana,2021,2,Peer-to-peer payments,230861833,872151973637.885
telangana,2021,2,Merchant payments,205232899,123207789311.2962
telangana,2021,2,Recharge & bill payments,58637866,31877277168.343227
telangana,2021,2,Financial Services,278546,300569264.1443888
telangana,2021,2,Others,856400,420723415.91505665
telangana,2021,3,Merchant payments,286735350,159227310549.39368
telangana,2021,3,Peer-to-peer payments,271436926,981754679241.0405
telangana,2021,3,Recharge & bill payments,62744121,36434881136.01624
telangana,2021,3,Financial Services,235519,329138539.4612142
telangana,2021,3,Others,1734852,543116826.3422191
telangana,2021,4,Merchant payments,376584215,212974766412.01556
telangana,2021,4,Peer-to-peer payments,331774591,1204991223519.016
telangana,2021,4,Recharge & bill payments,66477036,44760398983.30789
telangana,2021,4,Financial Services,298871,392141743.6705663
telangana,2021,4,Others,855060,639658842.8998816
telangana,2022,1,Merchant payments,449186799,243841863780.6793
telangana,2022,1,Peer-to-peer payments,368048408,1375289566667.7056
telangana,2022,1,Recharge & bill payments,66352138,50470450179.88254
telangana,2022,1,Financial Services,284035,394283511.9410973
telangana,2022,1,Others,2582005,642005688.7661512
telangana,2022,2,Merchant payments,565370506,307468406704.909
telangana,2022,2,Peer-to-peer payments,422056582,1580014085694.835
telangana,2022,2,Recharge & bill payments,75099130,63136761649.3931
telangana,2022,2,Financial Services,245023,324857780.5553103
telangana,2022,2,Others,611316,470432687.3850265
telangana,2022,3,Merchant payments,880414292,447150646953.73706
telangana,2022,3,Peer-to-peer payments,626830752,2170173323588.53
telangana,2022,3,Recharge & bill payments,119779835,87937210666.27194
telangana,2022,3,Financial Services,340458,442783619.09123904
telangana,2022,3,Others,800064,621900924.4423015
telangana,2022,4,Merchant payments,1002521735,491556008133.53546
telangana,2022,4,Peer-to-peer payments,694612831,2393380395296.8516
telangana,2022,4,Recharge & bill payments,121188131,92136759501.42021
telangana,2022,4,Financial Services,401838,498719426.0054372
telangana,2022,4,Others,782297,680680558.3343163
telangana,2023,1,Merchant payments,830385203,369961744486.0
telangana,2023,1,Peer-to-peer payments,522865792,1898813645344.0
telangana,2023,1,Recharge & bill payments,86187673,102787343319.0
telangana,2023,1,Financial Services,326874,458821191.0
telangana,2023,1,Others,565916,560179944.0
telangana,2023,2,Merchant payments,977182965,429169888297.0
telangana,2023,2,Peer-to-peer payments,593322476,2155918289810.0
telangana,2023,2,Recharge & bill payments,94107914,112036624317.0
telangana,2023,2,Financial Services,354045,517795343.0
telangana,2023,2,Others,463571,507337241.0
telangana,2023,3,Merchant payments,1128208049,480552979790.0
telangana,2023,3,Peer-to-peer payments,647331506,2272184853961.0
telangana,2023,3,Recharge & bill payments,98661838,116319676778.0
telangana,2023,3,Financial Services,420147,666845736.0
telangana,2023,3,Others,424384,478544808.0
telangana,2023,4,Merchant payments,1225132365,532737433404.0
telangana,2023,4,Peer-to-peer payments,695789540,2453419152855.0
telangana,2023,4,Recharge & bill payments,99012602,129036561862.0
telangana,2023,4,Financial Services,483067,734596496.0
telangana,2023,4,Others,404604,489730148.0
telangana,2024,1,Merchant payments,1341371332,554207756092.0
telangana,2024,1,Peer-to-peer payments,735409951,2516930587879.0
telangana,2024,1,Recharge & bill payments,101670893,131284438344.0
telangana,2024,1,Financial Services,494360,861174964.0
telangana,2024,1,Others,438771,485343794.0
telangana,2024,2,Merchant payments,1526789940,632844110484.0
telangana,2024,2,Peer-to-peer payments,782892642,2696304021334.0
telangana,2024,2,Recharge & bill payments,106504222,130765020697.0
telangana,2024,2,Financial Services,612770,1074628255.0
telangana,2024,2,Others,464783,554652542.0
telangana,2024,3,Merchant payments,1664638136,684200679447.0
telangana,2024,3,Peer-to-peer payments,841546198,2740602255389.0
telangana,2024,3,Recharge & bill payments,102792228,124734574180.0
telangana,2024,3,Financial Services,714030,1263598650.0
telangana,2024,3,Others,447243,515868932.0
telangana,2024,4,Merchant payments,1807552234,746607282900.0
telangana,2024,4,Peer-to-peer payments,905771898,2978379284690.0
telangana,2024,4,Recharge & bill payments,106373063,132027650387.0
telangana,2024,4,Financial Services,2272332,1391283281.0
telangana,2024,4,Others,482076,645034160.0
tripura,2018,1,Recharge & bill payments,86819,14079439.569905948
tripura,2018,1,Peer-to-peer payments,44844,112229994.97675678
tripura,2018,1,Financial Services,4842,672247.5881710155
tripura,2018,1,Merchant payments,4833,6080959.882836086
tripura,2018,1,Others,6819,4916272.512952799
tripura,2018,2,Recharge & bill payments,118171,22554398.15273035
tripura,2018,2,Peer-to-peer payments,73821,197666881.8729688
tripura,2018,2,Merchant payments,9621,10570951.151568789
tripura,2018,2,Financial Services,6925,1264101.904810368
tripura,2018,2,Others,6021,4835385.634057636
tripura,2018,3,Peer-to-peer payments,186065,398867427.32463384
tripura,2018,3,Recharge & bill payments,156308,33484811.21282282
tripura,2018,3,Merchant payments,21476,16092396.41113394
tripura,2018,3,Financial Services,8106,1080000.0112896338
tripura,2018,3,Others,5748,4338753.080712541
tripura,2018,4,Recharge & bill payments,204720,38334816.66379926
tripura,2018,4,Peer-to-peer payments,179739,549068822.3729683
tripura,2018,4,Merchant payments,50888,31066467.633390322
tripura,2018,4,Financial Services,6441,1023126.8205747404
tripura,2018,4,Others,6271,5392365.973713988
tripura,2019,1,Peer-to-peer payments,296993,679165332.8123899
tripura,2019,1,Recharge & bill payments,227997,44429378.42277926
tripura,2019,1,Merchant payments,46642,28109966.31994779
tripura,2019,1,Financial Services,4189,461473.58856435167
tripura,2019,1,Others,5105,4728790.472138839
tripura,2019,2,Peer-to-peer payments,240776,751113516.2256755
tripura,2019,2,Recharge & bill payments,218649,48989430.60730426
tripura,2019,2,Merchant payments,64829,35275706.82877502
tripura,2019,2,Financial Services,1899,339184.3344705297
tripura,2019,2,Others,6405,6103644.851151889
tripura,2019,3,Recharge & bill payments,339539,81845425.35425141
tripura,2019,3,Peer-to-peer payments,270163,884623553.9011384
tripura,2019,3,Merchant payments,68399,44802063.64430427
tripura,2019,3,Financial Services,27970,582020.9903208594
tripura,2019,3,Others,5646,5524358.927209696
tripura,2019,4,Recharge & bill payments,373779,88001651.28693296
tripura,2019,4,Peer-to-peer payments,359076,1071507585.9983547
tripura,2019,4,Merchant payments,62458,51274033.720727704
tripura,2019,4,Financial Services,2239,377097.66713108413
tripura,2019,4,Others,4272,4239791.585043055
tripura,2020,1,Recharge & bill payments,449584,114355218.03514045
tripura,2020,1,Peer-to-peer payments,366218,1400694933.570157
tripura,2020,1,Merchant payments,102861,68590603.6377098
tripura,2020,1,Financial Services,1722,1066651.521721911
tripura,2020,1,Others,4117,4071399.6237732675
tripura,2020,2,Recharge & bill payments,600206,163220166.76643574
tripura,2020,2,Peer-to-peer payments,346863,1501452755.6890237
tripura,2020,2,Merchant payments,97816,99795973.60794038
tripura,2020,2,Financial Services,2904,2247782.5219734698
tripura,2020,2,Others,4731,2459205.000588993
tripura,2020,3,Recharge & bill payments,627363,185201997.2796099
tripura,2020,3,Peer-to-peer payments,477769,1959371082.9173033
tripura,2020,3,Merchant payments,202106,190218136.2808841
tripura,2020,3,Financial Services,3828,3141391.5755430083
tripura,2020,3,Others,6819,3886908.1625436572
tripura,2020,4,Peer-to-peer payments,650386,2683789889.83192
tripura,2020,4,Recharge & bill payments,631611,192385823.43220186
tripura,2020,4,Merchant payments,357567,296872485.4156503
tripura,2020,4,Financial Services,4084,3666639.308697606
tripura,2020,4,Others,8242,5416158.232838955
tripura,2021,1,Peer-to-peer payments,643366,2821226150.5919185
tripura,2021,1,Recharge & bill payments,508718,173211140.89346513
tripura,2021,1,Merchant payments,350366,333743281.32103896
tripura,2021,1,Financial Services,3146,2879929.222833151
tripura,2021,1,Others,5827,4281067.764165951
tripura,2021,2,Peer-to-peer payments,703728,2865655130.4313264
tripura,2021,2,Recharge & bill payments,589839,189808502.9050523
tripura,2021,2,Merchant payments,440060,404915546.5177107
tripura,2021,2,Financial Services,3656,3503925.3381061675
tripura,2021,2,Others,7146,4271255.844077852
tripura,2021,3,Peer-to-peer payments,864329,3491901741.1594186
tripura,2021,3,Recharge & bill payments,620991,215226019.57596284
tripura,2021,3,Merchant payments,584079,648504775.623629
tripura,2021,3,Financial Services,2886,3473153.087671739
tripura,2021,3,Others,8915,5028078.734792852
tripura,2021,4,Peer-to-peer payments,1060915,4368786747.103016
tripura,2021,4,Merchant payments,793636,874005407.7140213
tripura,2021,4,Recharge & bill payments,650251,241225282.07451886
tripura,2021,4,Financial Services,3635,5073898.6076811645
tripura,2021,4,Others,12256,7838128.800210228
tripura,2022,1,Peer-to-peer payments,1221863,4934712034.365204
tripura,2022,1,Merchant payments,992891,1037265262.6570499
tripura,2022,1,Recharge & bill payments,641170,262348230.9954375
tripura,2022,1,Financial Services,4351,5782533.2422681665
tripura,2022,1,Others,10915,7221703.089884497
tripura,2022,2,Peer-to-peer payments,1443647,5354182193.788111
tripura,2022,2,Merchant payments,1322009,1235804019.563663
tripura,2022,2,Recharge & bill payments,638643,278018856.17835283
tripura,2022,2,Financial Services,3812,4533635.768901512
tripura,2022,2,Others,10553,5732336.736273008
tripura,2022,3,Peer-to-peer payments,1836678,6718925839.047781
tripura,2022,3,Merchant payments,1660497,1589078400.2615328
tripura,2022,3,Recharge & bill payments,745382,329401812.4140819
tripura,2022,3,Financial Services,4343,5330626.119674753
tripura,2022,3,Others,9679,5616127.06807068
tripura,2022,4,Peer-to-peer payments,2252390,8142233538.414012
tripura,2022,4,Merchant payments,2054988,1925282618.8109846
tripura,2022,4,Recharge & bill payments,874800,373875271.19878656
tripura,2022,4,Financial Services,5787,5028488.55453164
tripura,2022,4,Others,10225,6551901.175783692
tripura,2023,1,Merchant payments,2991978,2538146159.0
tripura,2023,1,Peer-to-peer payments,2961284,10170883076.0
tripura,2023,1,Recharge & bill payments,1146228,565902758.0
tripura,2023,1,Financial Services,7716,6190362.0
tripura,2023,1,Others,11481,7160536.0
tripura,2023,2,Merchant payments,3654027,2936486824.0
tripura,2023,2,Peer-to-peer payments,3144448,10396364428.0
tripura,2023,2,Recharge & bill payments,1112236,570797284.0
tripura,2023,2,Financial Services,8100,8721399.0
tripura,2023,2,Others,10732,6760147.0
tripura,2023,3,Merchant payments,4388876,3335231974.0
tripura,2023,3,Peer-to-peer payments,3553878,11300910781.0
tripura,2023,3,Recharge & bill payments,1144676,597050057.0
tripura,2023,3,Financial Services,11060,9972113.0
tripura,2023,3,Others,10272,6058405.0
tripura,2023,4,Merchant payments,5112814,3958280687.0
tripura,2023,4,Peer-to-peer payments,3854572,12207187199.0
tripura,2023,4,Recharge & bill payments,1152820,638954177.0
tripura,2023,4,Financial Services,10341,9913640.0
tripura,2023,4,Others,10363,5561091.0
tripura,2024,1,Merchant payments,5721862,4318458993.0
tripura,2024,1,Peer-to-peer payments,4085450,12732805697.0
tripura,2024,1,Recharge & bill payments,1215498,683732258.0
tripura,2024,1,Financial Services,10290,12617991.0
tripura,2024,1,Others,9539,4574435.0
tripura,2024,2,Merchant payments,7120453,4810482925.0
tripura,2024,2,Peer-to-peer payments,4365398,12591709691.0
tripura,2024,2,Recharge & bill payments,1278785,711343884.0
tripura,2024,2,Financial Services,12106,15777203.0
tripura,2024,2,Others,10805,8117365.0
tripura,2024,3,Merchant payments,8023651,5277307936.0
tripura,2024,3,Peer-to-peer payments,5084144,13847946966.0
tripura,2024,3,Recharge & bill payments,1270740,799009595.0
tripura,2024,3,Financial Services,13232,18644893.0
tripura,2024,3,Others,8814,5936799.0
tripura,2024,4,Merchant payments,8992361,6011659344.0
tripura,2024,4,Peer-to-peer payments,5662500,15543764487.0
tripura,2024,4,Recharge & bill payments,1232968,823760709.0
tripura,2024,4,Financial Services,49550,21746350.0
tripura,2024,4,Others,7780,8974378.0
uttar-pradesh,2018,1,Recharge & bill payments,7003704,1201827543.8816488
uttar-pradesh,2018,1,Peer-to-peer payments,4123625,11786969148.760597
uttar-pradesh,2018,1,Merchant payments,442436,428301434.2754866
uttar-pradesh,2018,1,Financial Services,397328,75150444.99108115
uttar-pradesh,2018,1,Others,570712,447722351.3138524
uttar-pradesh,2018,2,Recharge & bill payments,9232131,2044535461.482608
uttar-pradesh,2018,2,Peer-to-peer payments,6484369,22197440015.945545
uttar-pradesh,2018,2,Merchant payments,909545,799920463.267408
uttar-pradesh,2018,2,Financial Services,563213,105536911.84026654
uttar-pradesh,2018,2,Others,521685,572768843.1641636
uttar-pradesh,2018,3,Peer-to-peer payments,13828768,32944051606.98276
uttar-pradesh,2018,3,Recharge & bill payments,9140873,2485029062.8899517
uttar-pradesh,2018,3,Merchant payments,2397448,1012726185.1169598
uttar-pradesh,2018,3,Financial Services,603303,76605144.65776658
uttar-pradesh,2018,3,Others,544964,493702369.5936288
uttar-pradesh,2018,4,Peer-to-peer payments,15804910,48836291123.914734
uttar-pradesh,2018,4,Recharge & bill payments,11976808,3040717446.728788
uttar-pradesh,2018,4,Merchant payments,6953857,2480267671.259793
uttar-pradesh,2018,4,Financial Services,517619,76250539.85851902
uttar-pradesh,2018,4,Others,847573,663216794.1554663
uttar-pradesh,2019,1,Peer-to-peer payments,32062452,68506766330.45149
uttar-pradesh,2019,1,Recharge & bill payments,15400713,4231102032.9564486
uttar-pradesh,2019,1,Merchant payments,8558766,3105904146.2085333
uttar-pradesh,2019,1,Financial Services,389733,43341558.48535549
uttar-pradesh,2019,1,Others,912840,637066065.9078369
uttar-pradesh,2019,2,Peer-to-peer payments,27105049,87581482658.94861
uttar-pradesh,2019,2,Recharge & bill payments,17551537,5627886175.9093685
uttar-pradesh,2019,2,Merchant payments,12733089,4894223107.452321
uttar-pradesh,2019,2,Financial Services,264091,38169259.945291094
uttar-pradesh,2019,2,Others,1229734,775758168.4201038
uttar-pradesh,2019,3,Peer-to-peer payments,26990786,95134023863.97964
uttar-pradesh,2019,3,Recharge & bill payments,20359672,8000160942.595396
uttar-pradesh,2019,3,Merchant payments,19625935,7399443975.24218
uttar-pradesh,2019,3,Financial Services,258548,51363215.14597865
uttar-pradesh,2019,3,Others,1389018,683145478.0865316
uttar-pradesh,2019,4,Peer-to-peer payments,40540310,126564888408.1326
uttar-pradesh,2019,4,Recharge & bill payments,24299776,9082140369.774977
uttar-pradesh,2019,4,Merchant payments,20582052,9412924984.9687
uttar-pradesh,2019,4,Financial Services,242936,45686806.83093811
uttar-pradesh,2019,4,Others,1239931,433285937.588854
uttar-pradesh,2020,1,Peer-to-peer payments,39581157,147734706846.56177
uttar-pradesh,2020,1,Recharge & bill payments,29777603,11168417430.652225
uttar-pradesh,2020,1,Merchant payments,26741638,13072371616.871723
uttar-pradesh,2020,1,Financial Services,139990,64365117.409359045
uttar-pradesh,2020,1,Others,998744,376573949.20359
uttar-pradesh,2020,2,Recharge & bill payments,42229417,14668026056.368128
uttar-pradesh,2020,2,Peer-to-peer payments,39434202,150079524408.8693
uttar-pradesh,2020,2,Merchant payments,18625913,13655151082.574724
uttar-pradesh,2020,2,Financial Services,150360,131930242.90371712
uttar-pradesh,2020,2,Others,412073,209384339.5723213
uttar-pradesh,2020,3,Peer-to-peer payments,54449911,207530912756.73047
uttar-pradesh,2020,3,Recharge & bill payments,37465163,16437365640.853413
uttar-pradesh,2020,3,Merchant payments,34697942,24224433240.836243
uttar-pradesh,2020,3,Financial Services,206210,194129227.54374278
uttar-pradesh,2020,3,Others,586033,303114557.0989778
uttar-pradesh,2020,4,Peer-to-peer payments,75433782,294401153346.76337
uttar-pradesh,2020,4,Merchant payments,61922138,44438824680.670944
uttar-pradesh,2020,4,Recharge & bill payments,39570153,17793973968.761925
uttar-pradesh,2020,4,Financial Services,246868,255803306.13741985
uttar-pradesh,2020,4,Others,994576,539071475.9342327
uttar-pradesh,2021,1,Peer-to-peer payments,85539321,321609613378.6789
uttar-pradesh,2021,1,Merchant payments,78873969,55362244381.43686
uttar-pradesh,2021,1,Recharge & bill payments,38981894,18563189222.328217
uttar-pradesh,2021,1,Financial Services,250656,266104783.7449573
uttar-pradesh,2021,1,Others,853707,486435811.3771204
uttar-pradesh,2021,2,Peer-to-peer payments,102927942,388761820128.4563
uttar-pradesh,2021,2,Merchant payments,84860582,70351401159.78787
uttar-pradesh,2021,2,Recharge & bill payments,53030710,22266927128.75408
uttar-pradesh,2021,2,Financial Services,270944,266853066.82962543
uttar-pradesh,2021,2,Others,858953,525487682.5584012
uttar-pradesh,2021,3,Peer-to-peer payments,127945827,440726915882.17084
uttar-pradesh,2021,3,Merchant payments,126699830,91089049637.02377
uttar-pradesh,2021,3,Recharge & bill payments,50414232,24348150109.635994
uttar-pradesh,2021,3,Financial Services,253418,292009129.0296748
uttar-pradesh,2021,3,Others,1230077,624716522.0745409
uttar-pradesh,2021,4,Merchant payments,183966052,142889329646.05463
uttar-pradesh,2021,4,Peer-to-peer payments,167503176,600973581946.6772
uttar-pradesh,2021,4,Recharge & bill payments,52863531,28812549097.65689
uttar-pradesh,2021,4,Financial Services,353219,386356976.48969895
uttar-pradesh,2021,4,Others,1471954,829152405.3448995
uttar-pradesh,2022,1,Merchant payments,221556930,165543931419.27045
uttar-pradesh,2022,1,Peer-to-peer payments,195592648,684758883172.6667
uttar-pradesh,2022,1,Recharge & bill payments,54873261,31683813998.386055
uttar-pradesh,2022,1,Financial Services,358499,386218170.5981607
uttar-pradesh,2022,1,Others,1571908,750327356.10464
uttar-pradesh,2022,2,Merchant payments,298721048,216176289528.43256
uttar-pradesh,2022,2,Peer-to-peer payments,232444860,812579156783.274
uttar-pradesh,2022,2,Recharge & bill payments,62659780,37867966758.88997
uttar-pradesh,2022,2,Financial Services,268349,285646084.3258523
uttar-pradesh,2022,2,Others,1204739,606123265.0864555
uttar-pradesh,2022,3,Merchant payments,361972506,232005905549.1372
uttar-pradesh,2022,3,Peer-to-peer payments,267205027,844564255684.5037
uttar-pradesh,2022,3,Recharge & bill payments,72984811,43854148172.58542
uttar-pradesh,2022,3,Financial Services,367887,344330142.1388885
uttar-pradesh,2022,3,Others,1058841,601411350.4106325
uttar-pradesh,2022,4,Merchant payments,439247166,296781967366.6535
uttar-pradesh,2022,4,Peer-to-peer payments,317613698,1030345562935.8824
uttar-pradesh,2022,4,Recharge & bill payments,78025017,48159073834.94295
uttar-pradesh,2022,4,Financial Services,418329,430212917.27641135
uttar-pradesh,2022,4,Others,1064861,661985014.756895
uttar-pradesh,2023,1,Merchant payments,520911142,323614616766.0
uttar-pradesh,2023,1,Peer-to-peer payments,383752815,1246010023301.0
uttar-pradesh,2023,1,Recharge & bill payments,96225086,66101414555.0
uttar-pradesh,2023,1,Financial Services,486982,483872123.0
uttar-pradesh,2023,1,Others,1181697,726338627.0
uttar-pradesh,2023,2,Merchant payments,653469610,372223301627.0
uttar-pradesh,2023,2,Peer-to-peer payments,446787898,1389827653278.0
uttar-pradesh,2023,2,Recharge & bill payments,109571801,73352450074.0
uttar-pradesh,2023,2,Financial Services,506431,562369291.0
uttar-pradesh,2023,2,Others,1074842,656302256.0
uttar-pradesh,2023,3,Merchant payments,754249074,389288397238.0
uttar-pradesh,2023,3,Peer-to-peer payments,488395790,1394085756434.0
uttar-pradesh,2023,3,Recharge & bill payments,110408404,76981859735.0
uttar-pradesh,2023,3,Financial Services,624941,798613229.0
uttar-pradesh,2023,3,Others,944257,593735370.0
uttar-pradesh,2023,4,Merchant payments,875617035,489746639610.0
uttar-pradesh,2023,4,Peer-to-peer payments,575043255,1677661668298.0
uttar-pradesh,2023,4,Recharge & bill payments,114346855,88481840260.0
uttar-pradesh,2023,4,Financial Services,736922,950129225.0
uttar-pradesh,2023,4,Others,961315,600884259.0
uttar-pradesh,2024,1,Merchant payments,999820226,541585227379.0
uttar-pradesh,2024,1,Peer-to-peer payments,651752866,1836048765763.0
uttar-pradesh,2024,1,Recharge & bill payments,132055620,98012574974.0
uttar-pradesh,2024,1,Financial Services,705575,1192696922.0
uttar-pradesh,2024,1,Others,962661,703841601.0
uttar-pradesh,2024,2,Merchant payments,1255823323,633438040735.0
uttar-pradesh,2024,2,Peer-to-peer payments,734688684,1964379490164.0
uttar-pradesh,2024,2,Recharge & bill payments,143138259,103981718976.0
uttar-pradesh,2024,2,Financial Services,858026,1406687894.0
uttar-pradesh,2024,2,Others,1030366,1017422298.0
uttar-pradesh,2024,3,Merchant payments,1363617969,651628890228.0
uttar-pradesh,2024,3,Peer-to-peer payments,784039367,1951953897864.0
uttar-pradesh,2024,3,Recharge & bill payments,136431456,111138475190.0
uttar-pradesh,2024,3,Financial Services,1043768,1777001054.0
uttar-pradesh,2024,3,Others,823273,976940898.0
uttar-pradesh,2024,4,Merchant payments,1526062566,788377059975.0
uttar-pradesh,2024,4,Peer-to-peer payments,880161951,2305698271263.0
uttar-pradesh,2024,4,Recharge & bill payments,134632683,117186551580.0
uttar-pradesh,2024,4,Financial Services,3239088,1758794365.0
uttar-pradesh,2024,4,Others,793977,1085845276.0
uttarakhand,2018,1,Recharge & bill payments,730428,124377517.3349145
uttarakhand,2018,1,Peer-to-peer payments,399545,1296603346.334598
uttarakhand,2018,1,Merchant payments,35382,39372913.10424411
uttarakhand,2018,1,Financial Services,27761,5637758.5563494945
uttarakhand,2018,1,Others,53569,42553823.19378027
uttarakhand,2018,2,Recharge & bill payments,946332,193802092.8234874
uttarakhand,2018,2,Peer-to-peer payments,620490,2358941864.7682114
uttarakhand,2018,2,Merchant payments,60494,66946005.75890133
uttarakhand,2018,2,Financial Services,29919,7913276.778501136
uttarakhand,2018,2,Others,46887,52152138.42194019
uttarakhand,2018,3,Peer-to-peer payments,1049725,3356030294.930648
uttarakhand,2018,3,Recharge & bill payments,1004356,239244556.76646537
uttarakhand,2018,3,Merchant payments,112342,84447374.86583523
uttarakhand,2018,3,Financial Services,22792,4334709.909645849
uttarakhand,2018,3,Others,39917,42516103.38590273
uttarakhand,2018,4,Peer-to-peer payments,1556731,5072621132.343549
uttarakhand,2018,4,Recharge & bill payments,1252124,292877734.33795583
uttarakhand,2018,4,Merchant payments,289733,228453045.85460952
uttarakhand,2018,4,Financial Services,29916,6035161.098892693
uttarakhand,2018,4,Others,50257,54285064.328889735
uttarakhand,2019,1,Peer-to-peer payments,3499130,6512361464.496071
uttarakhand,2019,1,Recharge & bill payments,1590269,394631055.6931843
uttarakhand,2019,1,Merchant payments,372290,226281078.7699414
uttarakhand,2019,1,Financial Services,28784,3951610.30495379
uttarakhand,2019,1,Others,55528,46303966.00979781
uttarakhand,2019,2,Peer-to-peer payments,2383662,7752954670.580209
uttarakhand,2019,2,Recharge & bill payments,1616176,454962951.9136597
uttarakhand,2019,2,Merchant payments,721858,323876953.4104364
uttarakhand,2019,2,Financial Services,21852,2550386.4774141517
uttarakhand,2019,2,Others,69727,54187888.53677146
uttarakhand,2019,3,Peer-to-peer payments,2313544,8512622076.436331
uttarakhand,2019,3,Recharge & bill payments,2201606,683772296.9748493
uttarakhand,2019,3,Merchant payments,1121052,480794827.1193007
uttarakhand,2019,3,Financial Services,12119,4570326.192004257
uttarakhand,2019,3,Others,62155,47272543.294839665
uttarakhand,2019,4,Peer-to-peer payments,3210116,11020339546.604958
uttarakhand,2019,4,Recharge & bill payments,2547173,817728111.4576316
uttarakhand,2019,4,Merchant payments,1542944,701746516.8731368
uttarakhand,2019,4,Financial Services,11585,3555524.3767221333
uttarakhand,2019,4,Others,50298,30336605.83833359
uttarakhand,2020,1,Peer-to-peer payments,3792776,13999676596.865887
uttarakhand,2020,1,Recharge & bill payments,2990764,1028598924.445406
uttarakhand,2020,1,Merchant payments,2289657,1094245197.2356641
uttarakhand,2020,1,Financial Services,10246,8180881.808693047
uttarakhand,2020,1,Others,48341,27378658.631921414
uttarakhand,2020,2,Recharge & bill payments,3755695,1303523584.942265
uttarakhand,2020,2,Peer-to-peer payments,3656029,13572964169.690296
uttarakhand,2020,2,Merchant payments,1587042,1181497493.0283294
uttarakhand,2020,2,Financial Services,15023,17612288.05771955
uttarakhand,2020,2,Others,33981,18590166.382408556
uttarakhand,2020,3,Peer-to-peer payments,4836512,18377468807.44993
uttarakhand,2020,3,Recharge & bill payments,3751993,1509373287.697055
uttarakhand,2020,3,Merchant payments,3164623,2166776519.8536706
uttarakhand,2020,3,Financial Services,20455,26449980.584111303
uttarakhand,2020,3,Others,45352,23442372.42176825
uttarakhand,2020,4,Peer-to-peer payments,6748183,25748737002.1362
uttarakhand,2020,4,Merchant payments,6629201,4274032856.6465273
uttarakhand,2020,4,Recharge & bill payments,4140391,1697819950.5564795
uttarakhand,2020,4,Financial Services,27120,29791064.761797357
uttarakhand,2020,4,Others,68376,42358455.00938001
uttarakhand,2021,1,Merchant payments,8393767,5283142247.065777
uttarakhand,2021,1,Peer-to-peer payments,7981710,29202365442.63442
uttarakhand,2021,1,Recharge & bill payments,4146569,1727960484.030287
uttarakhand,2021,1,Financial Services,30208,38400863.99560504
uttarakhand,2021,1,Others,56148,36320362.17233381
uttarakhand,2021,2,Peer-to-peer payments,9374939,32674145244.390625
uttarakhand,2021,2,Merchant payments,9134389,6257528832.057196
uttarakhand,2021,2,Recharge & bill payments,5388285,1979824048.8157122
uttarakhand,2021,2,Financial Services,31497,35404991.874676295
uttarakhand,2021,2,Others,71322,43914757.70001851
uttarakhand,2021,3,Merchant payments,13673085,9001414756.070686
uttarakhand,2021,3,Peer-to-peer payments,11867174,39256650720.01872
uttarakhand,2021,3,Recharge & bill payments,5388011,2182554095.263321
uttarakhand,2021,3,Financial Services,27839,38013969.98341857
uttarakhand,2021,3,Others,86175,48863242.2282843
uttarakhand,2021,4,Merchant payments,19850878,13515464697.761791
uttarakhand,2021,4,Peer-to-peer payments,14819203,49969580473.07786
uttarakhand,2021,4,Recharge & bill payments,5536262,2540546090.023079
uttarakhand,2021,4,Financial Services,38764,51212042.381750934
uttarakhand,2021,4,Others,116173,71304856.17664191
uttarakhand,2022,1,Merchant payments,22595602,14585438346.473846
uttarakhand,2022,1,Peer-to-peer payments,16201632,53535521438.95823
uttarakhand,2022,1,Recharge & bill payments,5617605,2745987927.683198
uttarakhand,2022,1,Financial Services,39033,49695999.71828518
uttarakhand,2022,1,Others,106900,62138787.2410843
uttarakhand,2022,2,Merchant payments,32087670,19479185362.296963
uttarakhand,2022,2,Peer-to-peer payments,19677409,65563901300.31024
uttarakhand,2022,2,Recharge & bill payments,6263098,3174160697.8567643
uttarakhand,2022,2,Financial Services,32284,37217548.78562989
uttarakhand,2022,2,Others,106417,58906116.08464594
uttarakhand,2022,3,Merchant payments,35069444,20528059274.248493
uttarakhand,2022,3,Peer-to-peer payments,22031045,68377272372.60579
uttarakhand,2022,3,Recharge & bill payments,6765699,3633710468.801753
uttarakhand,2022,3,Financial Services,38061,44669245.26821817
uttarakhand,2022,3,Others,92270,57548577.43879978
uttarakhand,2022,4,Merchant payments,43185705,26026949674.245083
uttarakhand,2022,4,Peer-to-peer payments,27043038,85220041974.58176
uttarakhand,2022,4,Recharge & bill payments,7610775,4128624164.749209
uttarakhand,2022,4,Financial Services,44569,55762460.39159953
uttarakhand,2022,4,Others,99793,64668557.391687945
uttarakhand,2023,1,Merchant payments,46150691,24023994792.0
uttarakhand,2023,1,Peer-to-peer payments,25105743,78202343600.0
uttarakhand,2023,1,Recharge & bill payments,7974874,4828592096.0
uttarakhand,2023,1,Financial Services,49836,56455666.0
uttarakhand,2023,1,Others,104531,68521431.0
uttarakhand,2023,2,Merchant payments,61652430,30881251416.0
uttarakhand,2023,2,Peer-to-peer payments,31690416,97448517076.0
uttarakhand,2023,2,Recharge & bill payments,9247601,5608284038.0
uttarakhand,2023,2,Financial Services,58524,66971615.0
uttarakhand,2023,2,Others,109243,67848253.0
uttarakhand,2023,3,Merchant payments,64872613,30958940671.0
uttarakhand,2023,3,Peer-to-peer payments,32232624,92015204778.0
uttarakhand,2023,3,Recharge & bill payments,9017620,5630443171.0
uttarakhand,2023,3,Financial Services,63561,101529618.0
uttarakhand,2023,3,Others,98269,56279883.0
uttarakhand,2023,4,Merchant payments,73028369,36848560480.0
uttarakhand,2023,4,Peer-to-peer payments,36069901,104875896612.0
uttarakhand,2023,4,Recharge & bill payments,8790080,6186779834.0
uttarakhand,2023,4,Financial Services,77149,113625124.0
uttarakhand,2023,4,Others,105941,58585212.0
uttarakhand,2024,1,Merchant payments,75999065,37219956903.0
uttarakhand,2024,1,Peer-to-peer payments,37578194,106154267360.0
uttarakhand,2024,1,Recharge & bill payments,9496796,6717063555.0
uttarakhand,2024,1,Financial Services,68863,124505361.0
uttarakhand,2024,1,Others,91659,61042084.0
uttarakhand,2024,2,Merchant payments,101799178,47867822861.0
uttarakhand,2024,2,Peer-to-peer payments,46195948,125141334948.0
uttarakhand,2024,2,Recharge & bill payments,10382543,7361821576.0
uttarakhand,2024,2,Financial Services,86678,151603938.0
uttarakhand,2024,2,Others,100635,90332467.0
uttarakhand,2024,3,Merchant payments,101832975,46698002493.0
uttarakhand,2024,3,Peer-to-peer payments,47044704,118899137486.0
uttarakhand,2024,3,Recharge & bill payments,10221487,7541478924.0
uttarakhand,2024,3,Financial Services,102685,186436320.0
uttarakhand,2024,3,Others,76964,89812326.0
uttarakhand,2024,4,Merchant payments,110248263,53868322980.0
uttarakhand,2024,4,Peer-to-peer payments,50768426,133114128957.0
uttarakhand,2024,4,Recharge & bill payments,9770042,7616990794.0
uttarakhand,2024,4,Financial Services,277135,203261412.0
uttarakhand,2024,4,Others,72266,106086816.0
west-bengal,2018,1,Recharge & bill payments,5773831,964309485.9592385
west-bengal,2018,1,Peer-to-peer payments,4383075,8874266825.985771
west-bengal,2018,1,Financial Services,665171,119502271.66944443
west-bengal,2018,1,Merchant payments,443378,366788699.65713125
west-bengal,2018,1,Others,444770,301111268.86863834
west-bengal,2018,2,Peer-to-peer payments,8284944,15889890046.862814
west-bengal,2018,2,Recharge & bill payments,7360522,1563841173.839662
west-bengal,2018,2,Financial Services,1121570,160809685.93886387
west-bengal,2018,2,Merchant payments,937608,715914360.819237
west-bengal,2018,2,Others,377802,298728202.7433254
west-bengal,2018,3,Peer-to-peer payments,41882429,38439798815.23789
west-bengal,2018,3,Recharge & bill payments,7596315,1992473341.2750623
west-bengal,2018,3,Merchant payments,2252265,979603555.1397107
west-bengal,2018,3,Financial Services,1619524,185187032.8965006
west-bengal,2018,3,Others,354883,246871438.6293067
west-bengal,2018,4,Peer-to-peer payments,17154995,35303180047.06148
west-bengal,2018,4,Recharge & bill payments,9425082,2467741143.2258015
west-bengal,2018,4,Merchant payments,8633569,2294203496.6575317
west-bengal,2018,4,Financial Services,734796,93755616.52283625
west-bengal,2018,4,Others,565106,330738908.23670936
west-bengal,2019,1,Peer-to-peer payments,27374206,44170923881.744286
west-bengal,2019,1,Recharge & bill payments,11659948,3021107711.9021683
west-bengal,2019,1,Merchant payments,7636726,2645438308.338478
west-bengal,2019,1,Financial Services,525650,47986448.46936697
west-bengal,2019,1,Others,429858,279216273.42549
west-bengal,2019,2,Peer-to-peer payments,20285958,48394974398.37831
west-bengal,2019,2,Merchant payments,13646142,4657258459.145545
west-bengal,2019,2,Recharge & bill payments,12129638,3676123279.3800926
west-bengal,2019,2,Financial Services,421037,45646046.98846317
west-bengal,2019,2,Others,540760,331688935.22631323
west-bengal,2019,3,Merchant payments,30804036,8273187167.0788555
west-bengal,2019,3,Peer-to-peer payments,21522913,57058405341.48096
west-bengal,2019,3,Recharge & bill payments,13011501,4832486821.888576
west-bengal,2019,3,Financial Services,558653,57054414.83597401
west-bengal,2019,3,Others,547726,319398871.5461071
west-bengal,2019,4,Peer-to-peer payments,67037576,76593333397.8665
west-bengal,2019,4,Recharge & bill payments,14511711,4859794689.902503
west-bengal,2019,4,Merchant payments,14187744,6477138700.812115
west-bengal,2019,4,Financial Services,653648,77047243.72974005
west-bengal,2019,4,Others,415159,196296222.33587587
west-bengal,2020,1,Peer-to-peer payments,28457404,82770282623.80914
west-bengal,2020,1,Merchant payments,19779392,8097859088.519976
west-bengal,2020,1,Recharge & bill payments,17448908,5550815439.734788
west-bengal,2020,1,Financial Services,210068,58280893.55150119
west-bengal,2020,1,Others,354609,176067145.3227705
west-bengal,2020,2,Peer-to-peer payments,24855687,84984004330.7718
west-bengal,2020,2,Recharge & bill payments,22220012,7496845561.868595
west-bengal,2020,2,Merchant payments,10225729,7404190137.669086
west-bengal,2020,2,Financial Services,130595,89987205.23090403
west-bengal,2020,2,Others,244774,124404641.81495729
west-bengal,2020,3,Peer-to-peer payments,37556349,133120676151.84232
west-bengal,2020,3,Recharge & bill payments,22284079,8768630922.970161
west-bengal,2020,3,Merchant payments,19599024,14614394375.389553
west-bengal,2020,3,Financial Services,151996,125973420.85650632
west-bengal,2020,3,Others,363056,183680984.08253318
west-bengal,2020,4,Peer-to-peer payments,46437233,166391874596.30487
west-bengal,2020,4,Merchant payments,30077510,22241302940.832962
west-bengal,2020,4,Recharge & bill payments,23158305,10074605883.201237
west-bengal,2020,4,Financial Services,178455,164241191.7401362
west-bengal,2020,4,Others,489142,293466753.56894124
west-bengal,2021,1,Peer-to-peer payments,53869075,202240249482.85385
west-bengal,2021,1,Merchant payments,37143701,28918343691.018497
west-bengal,2021,1,Recharge & bill payments,26673733,11339665944.69124
west-bengal,2021,1,Financial Services,166727,175445811.88444334
west-bengal,2021,1,Others,400816,263502545.07389978
west-bengal,2021,2,Peer-to-peer payments,64661051,230812278789.29965
west-bengal,2021,2,Merchant payments,41696787,34787867208.31932
west-bengal,2021,2,Recharge & bill payments,34799709,13331453857.609217
west-bengal,2021,2,Financial Services,190537,186466487.6307634
west-bengal,2021,2,Others,549353,316744715.7049847
west-bengal,2021,3,Peer-to-peer payments,84353949,294799731350.5536
west-bengal,2021,3,Merchant payments,58800005,50971169851.15668
west-bengal,2021,3,Recharge & bill payments,37556310,16045754099.005053
west-bengal,2021,3,Financial Services,189087,213411736.37376124
west-bengal,2021,3,Others,813637,426999219.42323273
west-bengal,2021,4,Peer-to-peer payments,105728377,372240891205.5542
west-bengal,2021,4,Merchant payments,80248673,71231577538.7114
west-bengal,2021,4,Recharge & bill payments,37801439,17813903244.663807
west-bengal,2021,4,Financial Services,252535,270791056.674143
west-bengal,2021,4,Others,998536,660874216.4934742
west-bengal,2022,1,Peer-to-peer payments,124787028,446343740437.97784
west-bengal,2022,1,Merchant payments,97315025,85854730616.41321
west-bengal,2022,1,Recharge & bill payments,37317865,18435424277.725906
west-bengal,2022,1,Financial Services,239530,261096608.80560598
west-bengal,2022,1,Others,845644,531671268.6395414
west-bengal,2022,2,Peer-to-peer payments,145395450,520190680811.79974
west-bengal,2022,2,Merchant payments,126682135,107049019781.85823
west-bengal,2022,2,Recharge & bill payments,42712193,20697301165.41855
west-bengal,2022,2,Financial Services,191724,199770753.23061734
west-bengal,2022,2,Others,760639,438407071.93834406
west-bengal,2022,3,Peer-to-peer payments,163523844,556258142870.3699
west-bengal,2022,3,Merchant payments,145181044,123577123532.40588
west-bengal,2022,3,Recharge & bill payments,47208496,24221425246.93133
west-bengal,2022,3,Financial Services,238746,241288774.23230746
west-bengal,2022,3,Others,640258,451918188.20472723
west-bengal,2022,4,Peer-to-peer payments,184380244,620222191587.5906
west-bengal,2022,4,Merchant payments,171667404,140807748126.1634
west-bengal,2022,4,Recharge & bill payments,48921147,26026633153.201996
west-bengal,2022,4,Financial Services,268388,261122865.47893512
west-bengal,2022,4,Others,610414,457937874.8149981
west-bengal,2023,1,Peer-to-peer payments,209399898,712039303982.0
west-bengal,2023,1,Merchant payments,196695397,152528979798.0
west-bengal,2023,1,Recharge & bill payments,52273240,31580090540.0
west-bengal,2023,1,Financial Services,287719,266872934.0
west-bengal,2023,1,Others,622090,467935301.0
west-bengal,2023,2,Merchant payments,245111000,176704613449.0
west-bengal,2023,2,Peer-to-peer payments,240347041,797054798425.0
west-bengal,2023,2,Recharge & bill payments,58950434,34789238757.0
west-bengal,2023,2,Financial Services,327537,317467007.0
west-bengal,2023,2,Others,581674,448989334.0
west-bengal,2023,3,Merchant payments,296965002,200440391406.0
west-bengal,2023,3,Peer-to-peer payments,271150280,831050092805.0
west-bengal,2023,3,Recharge & bill payments,63055684,39209851435.0
west-bengal,2023,3,Financial Services,389751,424985591.0
west-bengal,2023,3,Others,532474,423285145.0
west-bengal,2023,4,Merchant payments,354067997,239073842398.0
west-bengal,2023,4,Peer-to-peer payments,317959249,964138540494.0
west-bengal,2023,4,Recharge & bill payments,64920775,45319429210.0
west-bengal,2023,4,Financial Services,480740,459007296.0
west-bengal,2023,4,Others,524477,404156680.0
west-bengal,2024,1,Merchant payments,407607197,273213691928.0
west-bengal,2024,1,Peer-to-peer payments,355646156,1100744138548.0
west-bengal,2024,1,Recharge & bill payments,72216060,47161916445.0
west-bengal,2024,1,Financial Services,451008,530738282.0
west-bengal,2024,1,Others,488166,375021630.0
west-bengal,2024,2,Merchant payments,505063040,312997770316.0
west-bengal,2024,2,Peer-to-peer payments,393935166,1182044126793.0
west-bengal,2024,2,Recharge & bill payments,80431842,51186387144.0
west-bengal,2024,2,Financial Services,545945,683056741.0
west-bengal,2024,2,Others,504714,432474570.0
west-bengal,2024,3,Merchant payments,568524147,341810430112.0
west-bengal,2024,3,Peer-to-peer payments,436521674,1208750564666.0
west-bengal,2024,3,Recharge & bill payments,78735491,55797986276.0
west-bengal,2024,3,Financial Services,690027,816380541.0
west-bengal,2024,3,Others,445106,468420642.0
west-bengal,2024,4,Merchant payments,655100809,389286175909.0
west-bengal,2024,4,Peer-to-peer payments,493217788,1361927136312.0
west-bengal,2024,4,Recharge & bill payments,76043195,57534056540.0
west-bengal,2024,4,Financial Services,2352084,847296537.0
west-bengal,2024,4,Others,421806,505364108.0
India,2018,1,Recharge & bill payments,72550406,14472713558.652578
India,2018,1,Peer-to-peer payments,46982705,147245883542.77402
India,2018,1,Merchant payments,5368669,4656678915.140091
India,2018,1,Financial Services,3762820,815853105.1000277
India,2018,1,Others,5761576,4643217301.269438
India,2018,2,Recharge & bill payments,92033715,24351225616.36898
India,2018,2,Peer-to-peer payments,74558816,264767671095.31842
India,2018,2,Merchant payments,10613941,9052859939.339659
India,2018,2,Financial Services,5186569,1176991419.239996
India,2018,2,Others,4973199,5027454207.140578
India,2018,3,Peer-to-peer payments,202021587,425967421714.0399
India,2018,3,Recharge & bill payments,102290514,31364311860.394596
India,2018,3,Merchant payments,25175938,12433150984.830223
India,2018,3,Financial Services,6218596,891447809.4200314
India,2018,3,Others,5594554,4449556277.54975
India,2018,4,Peer-to-peer payments,200235002,594995709377.7327
India,2018,4,Recharge & bill payments,131917248,39578607327.024284
India,2018,4,Merchant payments,71498510,30497289208.339787
India,2018,4,Financial Services,5216165,868584631.5900131
India,2018,4,Others,8246415,5802659774.449921
India,2019,1,Peer-to-peer payments,404841331,887893108631.5128
India,2019,1,Recharge & bill payments,180504739,55473071028.87885
India,2019,1,Merchant payments,110496541,40575915112.522
India,2019,1,Financial Services,4627353,603852042.0000324
India,2019,1,Others,8526177,5484252454.8204155
India,2019,2,Peer-to-peer payments,384711008,1196425281586.9927
India,2019,2,Recharge & bill payments,209898072,76865848586.98372
India,2019,2,Merchant payments,206467182,73415840739.88434
India,2019,2,Financial Services,2650384,545329308.0899862
India,2019,2,Others,11656557,6969423863.830339
India,2019,3,Peer-to-peer payments,461911865,1440512511470.7004
India,2019,3,Merchant payments,376320628,123209398484.44376
India,2019,3,Recharge & bill payments,240103872,101520929811.06812
India,2019,3,Financial Services,2870292,617120839.9299941
India,2019,3,Others,13804992,6705143103.510092
India,2019,4,Peer-to-peer payments,703497002,1963952535223.0903
India,2019,4,Merchant payments,456578271,174239646473.03162
India,2019,4,Recharge & bill payments,285310032,116344996244.26738
India,2019,4,Financial Services,2476840,551204225.4200497
India,2019,4,Others,12583379,4811822509.649999
India,2020,1,Peer-to-peer payments,693998661,2320557268853.593
India,2020,1,Merchant payments,566355270,231298042209.83606
India,2020,1,Recharge & bill payments,351300991,140373550367.1558
India,2020,1,Financial Services,1358171,773848137.0300016
India,2020,1,Others,10027019,4116905195.8207293
India,2020,2,Peer-to-peer payments,631031364,2243915932390.771
India,2020,2,Recharge & bill payments,448842692,171590686463.15784
India,2020,2,Merchant payments,363275861,226908226049.51398
India,2020,2,Financial Services,1682062,1751767444.1000087
India,2020,2,Others,3779461,1987466180.2098684
India,2020,3,Peer-to-peer payments,916790263,3287051873253.504
India,2020,3,Merchant payments,672019839,405291207894.2984
India,2020,3,Recharge & bill payments,436172619,204262355709.72183
India,2020,3,Financial Services,2531978,2673063432.9600067
India,2020,3,Others,5541374,2789907563.6502213
India,2020,4,Peer-to-peer payments,1249512647,4474548495095.518
India,2020,4,Merchant payments,1127490136,684873639322.252
India,2020,4,Recharge & bill payments,479784084,227875840842.1121
India,2020,4,Financial Services,2942567,3259168195.749941
India,2020,4,Others,9556404,5323095366.309718
India,2021,1,Merchant payments,1467948823,844466633896.8679
India,2021,1,Peer-to-peer payments,1447600942,5170856441552.582
India,2021,1,Recharge & bill payments,530118545,260182440730.4327
India,2021,1,Financial Services,3075296,3573884778.5300817
India,2021,1,Others,8851525,5199901891.8900385
India,2021,2,Peer-to-peer payments,1744272888,6163165772736.494
India,2021,2,Merchant payments,1499626469,1003530942287.5988
India,2021,2,Recharge & bill payments,685024821,300559461295.9022
India,2021,2,Financial Services,3397384,3651996523.4499955
India,2021,2,Others,9061732,5598131364.820071
India,2021,3,Merchant payments,2316924871,1426965558783.5557
India,2021,3,Peer-to-peer payments,2215575286,7429357587018.912
India,2021,3,Recharge & bill payments,714583744,349234592690.4992
India,2021,3,Financial Services,3112160,4043342762.3300233
India,2021,3,Others,13558464,7146868847.2897215
India,2021,4,Merchant payments,3152394530,1995855822160.6426
India,2021,4,Peer-to-peer payments,2716561423,9203910371491.78
India,2021,4,Recharge & bill payments,738096162,407266894783.10693
India,2021,4,Financial Services,4141629,5028434834.240034
India,2021,4,Others,14562602,9296993478.869577
India,2022,1,Merchant payments,3748851071,2272818129376.5205
India,2022,1,Peer-to-peer payments,3074250150,10505936803336.926
India,2022,1,Recharge & bill payments,749674246,447599848131.41187
India,2022,1,Financial Services,4035100,4921211866.489969
India,2022,1,Others,16393502,8422766458.459174
India,2022,2,Merchant payments,4765203787,2847096877386.341
India,2022,2,Peer-to-peer payments,3506141323,12123524700463.535
India,2022,2,Recharge & bill payments,845751926,523046092987.93964
India,2022,2,Financial Services,3272822,3889787479.819907
India,2022,2,Others,11241480,6711034131.16017
India,2022,3,Merchant payments,5618132071,3151614767860.314
India,2022,3,Peer-to-peer payments,3957113406,12837803371386.29
India,2022,3,Recharge & bill payments,956164949,607048699730.3645
India,2022,3,Financial Services,3959631,4514223164.469998
India,2022,3,Others,10005043,6725900102.770244
India,2022,4,Merchant payments,6565690145,3673601044800.037
India,2022,4,Peer-to-peer payments,4459859921,14578874324207.227
India,2022,4,Recharge & bill payments,991049281,649776847580.25
India,2022,4,Financial Services,4623387,5360528394.309982
India,2022,4,Others,10013085,7361492606.590162
India,2023,1,Merchant payments,7205999708,3745994748195.0
India,2023,1,Peer-to-peer payments,4792478560,15924876501456.0
India,2023,1,Recharge & bill payments,1076952638,829952832616.0
India,2023,1,Financial Services,4884759,5673343900.0
India,2023,1,Others,10259195,7571900579.0
India,2023,2,Merchant payments,8529595637,4277821161887.0
India,2023,2,Peer-to-peer payments,5374546962,17722778868673.0
India,2023,2,Recharge & bill payments,1190947064,904758857308.0
India,2023,2,Financial Services,5195942,6364033676.0
India,2023,2,Others,9341245,6919677602.0
India,2023,3,Merchant payments,9868299757,4686944326058.0
India,2023,3,Peer-to-peer payments,5929662466,18342686827713.0
India,2023,3,Recharge & bill payments,1229068434,967694654180.0
India,2023,3,Financial Services,6273522,8553479441.0
India,2023,3,Others,8491944,6397985054.0
India,2023,4,Merchant payments,11107996161,5419672580085.0
India,2023,4,Peer-to-peer payments,6643982862,20533815852133.0
India,2023,4,Recharge & bill payments,1247192050,1077506924551.0
India,2023,4,Financial Services,7517384,9998159518.0
India,2023,4,Others,8651416,6391200449.0
India,2024,1,Merchant payments,12520741960,5962442621632.0
India,2024,1,Peer-to-peer payments,7335480797,22327480157794.0
India,2024,1,Recharge & bill payments,1365204965,1150335013422.0
India,2024,1,Financial Services,7419656,11806228360.0
India,2024,1,Others,8290191,6518078355.0
India,2024,2,Merchant payments,14634736361,6800938567813.0
India,2024,2,Peer-to-peer payments,7929923251,23817818323139.0
India,2024,2,Recharge & bill payments,1443979969,1179029035046.0
India,2024,2,Financial Services,8865844,14501331707.0
India,2024,2,Others,8700101,8229697142.0
India,2024,3,Merchant payments,15826083595,7132485242978.0
India,2024,3,Peer-to-peer payments,8566984108,23963938754607.0
India,2024,3,Recharge & bill payments,1409788062,1224783540794.0
India,2024,3,Financial Services,10798565,17450358563.0
India,2024,3,Others,7361054,8309733368.0
India,2024,4,Merchant payments,17419191808,8081429560226.0
India,2024,4,Peer-to-peer payments,9368204284,26633866936498.0
India,2024,4,Recharge & bill payments,1392529171,1255972669825.0
India,2024,4,Financial Services,32113340,18162331751.0
India,2024,4,Others,7217236,9369386297.0
andaman-&-nicobar-islands,2018,1,Recharge & bill payments,4200,1845307.4673655091
andaman-&-nicobar-islands,2018,1,Peer-to-peer payments,1871,12138655.299749982
andaman-&-nicobar-islands,2018,1,Merchant payments,298,452507.168646613
andaman-&-nicobar-islands,2018,1,Financial Services,33,10601.419933464953
andaman-&-nicobar-islands,2018,1,Others,256,184689.8662902223
andaman-&-nicobar-islands,2018,2,Recharge & bill payments,6735,2320944.731074479
andaman-&-nicobar-islands,2018,2,Peer-to-peer payments,3575,24511925.231047668
andaman-&-nicobar-islands,2018,2,Merchant payments,603,1024491.0133579008
andaman-&-nicobar-islands,2018,2,Financial Services,59,121336.0270987509
andaman-&-nicobar-islands,2018,2,Others,368,359838.50537474576
andaman-&-nicobar-islands,2018,3,Recharge & bill payments,8636,4343504.868377829
andaman-&-nicobar-islands,2018,3,Peer-to-peer payments,6448,49270781.541635044
andaman-&-nicobar-islands,2018,3,Merchant payments,945,1627359.8394868043
andaman-&-nicobar-islands,2018,3,Financial Services,42,1481.4907042806485
andaman-&-nicobar-islands,2018,3,Others,194,314343.39410715323
andaman-&-nicobar-islands,2018,4,Recharge & bill payments,11517,5450549.512294375
andaman-&-nicobar-islands,2018,4,Peer-to-peer payments,10451,81001456.97825177
andaman-&-nicobar-islands,2018,4,Merchant payments,1421,3552027.735492656
andaman-&-nicobar-islands,2018,4,Financial Services,29,76035.7877393286
andaman-&-nicobar-islands,2018,4,Others,340,468266.0606770435
andaman-&-nicobar-islands,2019,1,Recharge & bill payments,15263,6611459.8729725825
andaman-&-nicobar-islands,2019,1,Peer-to-peer payments,13119,91808345.86839552
andaman-&-nicobar-islands,2019,1,Merchant payments,1759,3266589.8469614363
andaman-&-nicobar-islands,2019,1,Financial Services,62,116250.43671861099
andaman-&-nicobar-islands,2019,1,Others,283,497094.6484417205
andaman-&-nicobar-islands,2019,2,Recharge & bill payments,14676,7242448.256212333
andaman-&-nicobar-islands,2019,2,Peer-to-peer payments,14481,107525358.66652842
andaman-&-nicobar-islands,2019,2,Merchant payments,4031,4702152.616619372
andaman-&-nicobar-islands,2019,2,Financial Services,124,113278.91371326067
andaman-&-nicobar-islands,2019,2,Others,377,671471.222589792
andaman-&-nicobar-islands,2019,3,Recharge & bill payments,16219,8171737.705916681
andaman-&-nicobar-islands,2019,3,Peer-to-peer payments,13767,101079821.10344616
andaman-&-nicobar-islands,2019,3,Merchant payments,3519,4428734.574846684
andaman-&-nicobar-islands,2019,3,Financial Services,50,158857.94315586874
andaman-&-nicobar-islands,2019,3,Others,215,232624.75992853564
andaman-&-nicobar-islands,2019,4,Peer-to-peer payments,18128,121493224.30754511
andaman-&-nicobar-islands,2019,4,Recharge & bill payments,13851,9538690.916424634
andaman-&-nicobar-islands,2019,4,Merchant payments,2920,5247500.487902376
andaman-&-nicobar-islands,2019,4,Financial Services,60,295937.2110898865
andaman-&-nicobar-islands,2019,4,Others,200,263177.5944158883
andaman-&-nicobar-islands,2020,1,Peer-to-peer payments,18324,142332401.79234773
andaman-&-nicobar-islands,2020,1,Recharge & bill payments,18268,10850414.023977457
andaman-&-nicobar-islands,2020,1,Merchant payments,4424,7752871.558217709
andaman-&-nicobar-islands,2020,1,Financial Services,66,208231.73071652642
andaman-&-nicobar-islands,2020,1,Others,216,332393.19201521645
andaman-&-nicobar-islands,2020,2,Recharge & bill payments,38125,17659622.73418829
andaman-&-nicobar-islands,2020,2,Peer-to-peer payments,20303,141728757.73517442
andaman-&-nicobar-islands,2020,2,Merchant payments,4004,9236375.740471343
andaman-&-nicobar-islands,2020,2,Financial Services,175,706932.1397115812
andaman-&-nicobar-islands,2020,2,Others,355,313313.0646014327
andaman-&-nicobar-islands,2020,3,Recharge & bill payments,59310,24756220.875469353
andaman-&-nicobar-islands,2020,3,Peer-to-peer payments,40697,289078946.7312394
andaman-&-nicobar-islands,2020,3,Merchant payments,16096,22682992.238478824
andaman-&-nicobar-islands,2020,3,Financial Services,572,961836.7129860274
andaman-&-nicobar-islands,2020,3,Others,808,539449.7721868362
andaman-&-nicobar-islands,2020,4,Peer-to-peer payments,81439,533316526.1814983
andaman-&-nicobar-islands,2020,4,Recharge & bill payments,80811,33710030.534383245
andaman-&-nicobar-islands,2020,4,Merchant payments,59391,56867468.940003954
andaman-&-nicobar-islands,2020,4,Financial Services,965,1880546.9672370641
andaman-&-nicobar-islands,2020,4,Others,1925,1508083.6917299272
andaman-&-nicobar-islands,2021,1,Peer-to-peer payments,105458,665391395.715478
andaman-&-nicobar-islands,2021,1,Recharge & bill payments,84119,37160922.86506996
andaman-&-nicobar-islands,2021,1,Merchant payments,53090,78606979.05751458
andaman-&-nicobar-islands,2021,1,Financial Services,884,1469351.0852598653
andaman-&-nicobar-islands,2021,1,Others,1201,1077918.666433228
andaman-&-nicobar-islands,2021,2,Peer-to-peer payments,132772,748382044.7707307
andaman-&-nicobar-islands,2021,2,Recharge & bill payments,120911,43691961.26275121
andaman-&-nicobar-islands,2021,2,Merchant payments,85143,103707408.50908463
andaman-&-nicobar-islands,2021,2,Financial Services,960,2038521.5136710338
andaman-&-nicobar-islands,2021,2,Others,1628,1327080.0560584562
andaman-&-nicobar-islands,2021,3,Peer-to-peer payments,192321,1077787837.1562996
andaman-&-nicobar-islands,2021,3,Recharge & bill payments,136010,51243450.85925055
andaman-&-nicobar-islands,2021,3,Merchant payments,118340,176991328.21761328
andaman-&-nicobar-islands,2021,3,Financial Services,990,2351013.441729573
andaman-&-nicobar-islands,2021,3,Others,2103,1650766.1267105162
andaman-&-nicobar-islands,2021,4,Peer-to-peer payments,285778,1544932663.2744582
andaman-&-nicobar-islands,2021,4,Merchant payments,210164,322842314.62433755
andaman-&-nicobar-islands,2021,4,Recharge & bill payments,135608,59243518.11464358
andaman-&-nicobar-islands,2021,4,Financial Services,1718,3137965.167474068
andaman-&-nicobar-islands,2021,4,Others,2855,2453640.142743944
andaman-&-nicobar-islands,2022,1,Peer-to-peer payments,342649,1682328505.7254477
andaman-&-nicobar-islands,2022,1,Merchant payments,284298,370091558.68373305
andaman-&-nicobar-islands,2022,1,Recharge & bill payments,163401,71300133.66101266
andaman-&-nicobar-islands,2022,1,Financial Services,1757,2869682.0229511866
andaman-&-nicobar-islands,2022,1,Others,2643,2440321.9820225406
andaman-&-nicobar-islands,2022,2,Merchant payments,449540,510838980.9061847
andaman-&-nicobar-islands,2022,2,Peer-to-peer payments,437606,2088309073.4552848
andaman-&-nicobar-islands,2022,2,Recharge & bill payments,179515,82232936.61795366
andaman-&-nicobar-islands,2022,2,Financial Services,1448,2089862.3927160464
andaman-&-nicobar-islands,2022,2,Others,3108,2449496.7081265687
andaman-&-nicobar-islands,2022,3,Merchant payments,716105,693438186.296541
andaman-&-nicobar-islands,2022,3,Peer-to-peer payments,622217,2514535154.56483
andaman-&-nicobar-islands,2022,3,Recharge & bill payments,240766,97748065.62714244
andaman-&-nicobar-islands,2022,3,Financial Services,1814,2166304.9779766416
andaman-&-nicobar-islands,2022,3,Others,3477,2744060.670897343
andaman-&-nicobar-islands,2022,4,Merchant payments,956536,906365300.6585041
andaman-&-nicobar-islands,2022,4,Peer-to-peer payments,768758,2961630584.8271313
andaman-&-nicobar-islands,2022,4,Recharge & bill payments,256050,110037119.66941178
andaman-&-nicobar-islands,2022,4,Financial Services,2499,3533987.2301130476
andaman-&-nicobar-islands,2022,4,Others,3692,3107412.043626394
andaman-&-nicobar-islands,2023,1,Merchant payments,1122063,1008821751.0
andaman-&-nicobar-islands,2023,1,Peer-to-peer payments,862347,3299762230.0
andaman-&-nicobar-islands,2023,1,Recharge & bill payments,286024,146338470.0
andaman-&-nicobar-islands,2023,1,Financial Services,2515,3556954.0
andaman-&-nicobar-islands,2023,1,Others,3443,3049182.0
andaman-&-nicobar-islands,2023,2,Merchant payments,1410653,1159905474.0
andaman-&-nicobar-islands,2023,2,Peer-to-peer payments,970525,3664415887.0
andaman-&-nicobar-islands,2023,2,Recharge & bill payments,320922,158455723.0
andaman-&-nicobar-islands,2023,2,Financial Services,2158,4161814.0
andaman-&-nicobar-islands,2023,2,Others,3517,3405338.0
andaman-&-nicobar-islands,2023,3,Merchant payments,1657848,1289780198.0
andaman-&-nicobar-islands,2023,3,Peer-to-peer payments,1111211,3757627272.0
andaman-&-nicobar-islands,2023,3,Recharge & bill payments,323935,157992380.0
andaman-&-nicobar-islands,2023,3,Financial Services,2199,3850023.0
andaman-&-nicobar-islands,2023,3,Others,3183,2346918.0
andaman-&-nicobar-islands,2023,4,Merchant payments,2039888,1653303276.0
andaman-&-nicobar-islands,2023,4,Peer-to-peer payments,1321796,4420459049.0
andaman-&-nicobar-islands,2023,4,Recharge & bill payments,327460,185028400.0
andaman-&-nicobar-islands,2023,4,Financial Services,3276,7836466.0
andaman-&-nicobar-islands,2023,4,Others,3363,2925308.0
andaman-&-nicobar-islands,2024,1,Merchant payments,2401038,1887811915.0
andaman-&-nicobar-islands,2024,1,Peer-to-peer payments,1436380,4771886847.0
andaman-&-nicobar-islands,2024,1,Recharge & bill payments,341224,188939343.0
andaman-&-nicobar-islands,2024,1,Financial Services,3761,7962745.0
andaman-&-nicobar-islands,2024,1,Others,2517,2550985.0
andaman-&-nicobar-islands,2024,2,Merchant payments,2769052,2053269052.0
andaman-&-nicobar-islands,2024,2,Peer-to-peer payments,1513157,5033712226.0
andaman-&-nicobar-islands,2024,2,Recharge & bill payments,365214,196987648.0
andaman-&-nicobar-islands,2024,2,Financial Services,3371,9550750.0
andaman-&-nicobar-islands,2024,2,Others,2430,2260654.0
andaman-&-nicobar-islands,2024,3,Merchant payments,3158032,2132361939.0
andaman-&-nicobar-islands,2024,3,Peer-to-peer payments,1733054,5305660809.0
andaman-&-nicobar-islands,2024,3,Recharge & bill payments,382130,213105223.0
andaman-&-nicobar-islands,2024,3,Financial Services,4169,10756400.0
andaman-&-nicobar-islands,2024,3,Others,1865,1960638.0
andaman-&-nicobar-islands,2024,4,Merchant payments,3666060,2546601178.0
andaman-&-nicobar-islands,2024,4,Peer-to-peer payments,1993301,6142805445.0
andaman-&-nicobar-islands,2024,4,Recharge & bill payments,389318,214912264.0
andaman-&-nicobar-islands,2024,4,Financial Services,12889,12789955.0
andaman-&-nicobar-islands,2024,4,Others,2332,3835931.0
andhra-pradesh,2018,1,Recharge & bill payments,5027448,892293975.6698562
andhra-pradesh,2018,1,Peer-to-peer payments,3049646,10524250283.178782
andhra-pradesh,2018,1,Merchant payments,362672,247297640.24000686
andhra-pradesh,2018,1,Financial Services,204305,44808449.7639544
andhra-pradesh,2018,1,Others,395514,287626042.970705
andhra-pradesh,2018,2,Recharge & bill payments,6456387,1598591488.4880352
andhra-pradesh,2018,2,Peer-to-peer payments,4745000,20451493098.8953
andhra-pradesh,2018,2,Merchant payments,604847,436785223.86032957
andhra-pradesh,2018,2,Financial Services,225621,68952114.81374599
andhra-pradesh,2018,2,Others,322063,328092346.575651
andhra-pradesh,2018,3,Peer-to-peer payments,16129591,32738630444.668724
andhra-pradesh,2018,3,Recharge & bill payments,7542005,1949098146.8941927
andhra-pradesh,2018,3,Merchant payments,1225416,685277254.5076212
andhra-pradesh,2018,3,Financial Services,380324,60790077.57437308
andhra-pradesh,2018,3,Others,348725,284248675.5700202
andhra-pradesh,2018,4,Peer-to-peer payments,17580086,47011639726.13608
andhra-pradesh,2018,4,Recharge & bill payments,9767083,2418164314.470957
andhra-pradesh,2018,4,Merchant payments,2622131,1671585888.568256
andhra-pradesh,2018,4,Financial Services,400837,57178116.40322068
andhra-pradesh,2018,4,Others,389411,315211361.26249415
andhra-pradesh,2019,1,Peer-to-peer payments,37420988,77524329742.2595
andhra-pradesh,2019,1,Recharge & bill payments,14022264,3480641602.3771377
andhra-pradesh,2019,1,Merchant payments,5043682,2423536770.3706346
andhra-pradesh,2019,1,Financial Services,416325,47150177.52982048
andhra-pradesh,2019,1,Others,361263,284937624.5393019
andhra-pradesh,2019,2,Peer-to-peer payments,32494402,103924649232.47021
andhra-pradesh,2019,2,Recharge & bill payments,14093964,4708345387.9101095
andhra-pradesh,2019,2,Merchant payments,9226537,4613405202.681959
andhra-pradesh,2019,2,Financial Services,145310,26626696.771042537
andhra-pradesh,2019,2,Others,448802,361492238.3966455
andhra-pradesh,2019,3,Peer-to-peer payments,39023491,124338645329.51532
andhra-pradesh,2019,3,Recharge & bill payments,20147629,6893984676.598906
andhra-pradesh,2019,3,Merchant payments,16581787,7887394038.066369
andhra-pradesh,2019,3,Financial Services,122270,29778183.027080443
andhra-pradesh,2019,3,Others,413437,298142027.58625776
andhra-pradesh,2019,4,Peer-to-peer payments,57181511,178893550050.68753
andhra-pradesh,2019,4,Merchant payments,25122370,13476303367.50486
andhra-pradesh,2019,4,Recharge & bill payments,24469888,8335168605.691999
andhra-pradesh,2019,4,Financial Services,105662,26796571.745749153
andhra-pradesh,2019,4,Others,338672,216496893.16102877
andhra-pradesh,2020,1,Peer-to-peer payments,65452143,223088554055.04755
andhra-pradesh,2020,1,Merchant payments,31408022,18603161784.496994
andhra-pradesh,2020,1,Recharge & bill payments,30449644,10813530777.973532
andhra-pradesh,2020,1,Financial Services,75238,43739133.169823855
andhra-pradesh,2020,1,Others,292310,188228538.37489766
andhra-pradesh,2020,2,Peer-to-peer payments,73609921,262731724130.7907
andhra-pradesh,2020,2,Recharge & bill payments,41013987,16991006436.573467
andhra-pradesh,2020,2,Merchant payments,29976765,22625596525.44269
andhra-pradesh,2020,2,Financial Services,140941,145274999.15679634
andhra-pradesh,2020,2,Others,176241,90087654.60009979
andhra-pradesh,2020,3,Peer-to-peer payments,106791894,406461788252.32056
andhra-pradesh,2020,3,Merchant payments,54055557,40739580213.86052
andhra-pradesh,2020,3,Recharge & bill payments,43500067,19475104674.827175
andhra-pradesh,2020,3,Financial Services,243088,256074924.7187529
andhra-pradesh,2020,3,Others,312329,151582519.18136686
andhra-pradesh,2020,4,Peer-to-peer payments,152003791,566639138543.7708
andhra-pradesh,2020,4,Merchant payments,86581460,66654048149.95168
andhra-pradesh,2020,4,Recharge & bill payments,46810304,20936337211.557747
andhra-pradesh,2020,4,Financial Services,265470,305168772.45601684
andhra-pradesh,2020,4,Others,457527,306853355.59473807
andhra-pradesh,2021,1,Peer-to-peer payments,149313738,580542193013.0018
andhra-pradesh,2021,1,Merchant payments,97920281,70813192713.43477
andhra-pradesh,2021,1,Recharge & bill payments,41940689,20546424964.14482
andhra-pradesh,2021,1,Financial Services,225355,270313028.48452014
andhra-pradesh,2021,1,Others,347907,272546457.5502677
andhra-pradesh,2021,2,Peer-to-peer payments,189614879,737004484057.439
andhra-pradesh,2021,2,Merchant payments,112875274,88512429436.91248
andhra-pradesh,2021,2,Recharge & bill payments,49626902,24646800345.106976
andhra-pradesh,2021,2,Financial Services,243237,265483044.40124667
andhra-pradesh,2021,2,Others,406842,308302224.3856007
andhra-pradesh,2021,3,Peer-to-peer payments,221280317,837841124664.307
andhra-pradesh,2021,3,Merchant payments,158290953,118164377968.16754
andhra-pradesh,2021,3,Recharge & bill payments,51702350,27511344958.24361
andhra-pradesh,2021,3,Financial Services,211171,297239697.83073866
andhra-pradesh,2021,3,Others,547759,403948275.56756073
andhra-pradesh,2021,4,Peer-to-peer payments,262006450,971269765249.1282
andhra-pradesh,2021,4,Merchant payments,207538904,152883933596.5386
andhra-pradesh,2021,4,Recharge & bill payments,51762842,31232784713.985794
andhra-pradesh,2021,4,Financial Services,243951,332740108.6635881
andhra-pradesh,2021,4,Others,701856,545223415.6638832
andhra-pradesh,2022,1,Peer-to-peer payments,288488560,1089629182596.4781
andhra-pradesh,2022,1,Merchant payments,242031836,169419685917.19562
andhra-pradesh,2022,1,Recharge & bill payments,51224170,34473036841.83001
andhra-pradesh,2022,1,Financial Services,231651,324358965.11859065
andhra-pradesh,2022,1,Others,627694,474382234.25397474
andhra-pradesh,2022,2,Peer-to-peer payments,321362337,1231408926513.7114
andhra-pradesh,2022,2,Merchant payments,292530048,205433660654.20898
andhra-pradesh,2022,2,Recharge & bill payments,56606969,42408541939.06145
andhra-pradesh,2022,2,Financial Services,192751,245783011.04455262
andhra-pradesh,2022,2,Others,441925,357036084.9071137
andhra-pradesh,2022,3,Peer-to-peer payments,298804000,1140164525892.7397
andhra-pradesh,2022,3,Merchant payments,291033653,202910820650.0824
andhra-pradesh,2022,3,Recharge & bill payments,52467708,41438764826.20322
andhra-pradesh,2022,3,Financial Services,187190,239347241.54655045
andhra-pradesh,2022,3,Others,362484,323951101.5715289
andhra-pradesh,2022,4,Merchant payments,321632104,211898851397.09848
andhra-pradesh,2022,4,Peer-to-peer payments,315734006,1170249585983.0112
andhra-pradesh,2022,4,Recharge & bill payments,52098850,41986837706.47902
andhra-pradesh,2022,4,Financial Services,206459,250596592.06465048
andhra-pradesh,2022,4,Others,345658,339211363.0027188
andhra-pradesh,2023,1,Merchant payments,540680395,311606731877.0
andhra-pradesh,2023,1,Peer-to-peer payments,514931308,1857818168755.0
andhra-pradesh,2023,1,Recharge & bill payments,89143939,78817989795.0
andhra-pradesh,2023,1,Financial Services,288150,331233097.0
andhra-pradesh,2023,1,Others,488672,477193006.0
andhra-pradesh,2023,2,Merchant payments,634303064,349602824539.0
andhra-pradesh,2023,2,Peer-to-peer payments,573455382,2067288068882.0
andhra-pradesh,2023,2,Recharge & bill payments,97202487,88352183038.0
andhra-pradesh,2023,2,Financial Services,316533,386071375.0
andhra-pradesh,2023,2,Others,379498,409939082.0
andhra-pradesh,2023,3,Merchant payments,750265405,395042164275.0
andhra-pradesh,2023,3,Peer-to-peer payments,623202203,2163464730936.0
andhra-pradesh,2023,3,Recharge & bill payments,101000645,94077774967.0
andhra-pradesh,2023,3,Financial Services,361584,466791218.0
andhra-pradesh,2023,3,Others,334566,362636702.0
andhra-pradesh,2023,4,Merchant payments,822516631,427677236042.0
andhra-pradesh,2023,4,Peer-to-peer payments,673002314,2270766948881.0
andhra-pradesh,2023,4,Recharge & bill payments,100733697,103186953776.0
andhra-pradesh,2023,4,Financial Services,431705,535202901.0
andhra-pradesh,2023,4,Others,303079,348636223.0
andhra-pradesh,2024,1,Merchant payments,926373997,468462542792.0
andhra-pradesh,2024,1,Peer-to-peer payments,721764113,2436665736212.0
andhra-pradesh,2024,1,Recharge & bill payments,106564415,106646957337.0
andhra-pradesh,2024,1,Financial Services,427720,634184211.0
andhra-pradesh,2024,1,Others,298240,316249197.0
andhra-pradesh,2024,2,Merchant payments,1068247800,526363160284.0
andhra-pradesh,2024,2,Peer-to-peer payments,748553253,2545133436133.0
andhra-pradesh,2024,2,Recharge & bill payments,112475183,109301693605.0
andhra-pradesh,2024,2,Financial Services,558924,799915709.0
andhra-pradesh,2024,2,Others,287140,324214357.0
andhra-pradesh,2024,3,Merchant payments,1186825685,569822447748.0
andhra-pradesh,2024,3,Peer-to-peer payments,802972632,2555369227206.0
andhra-pradesh,2024,3,Recharge & bill payments,100644574,100291968047.0
andhra-pradesh,2024,3,Financial Services,633983,857014703.0
andhra-pradesh,2024,3,Others,294488,304949785.0
andhra-pradesh,2024,4,Merchant payments,1319061337,622805238380.0
andhra-pradesh,2024,4,Peer-to-peer payments,872917507,2723665407515.0
andhra-pradesh,2024,4,Recharge & bill payments,101888917,104194996949.0
andhra-pradesh,2024,4,Financial Services,2255721,977916755.0
andhra-pradesh,2024,4,Others,322062,372009367.0
arunachal-pradesh,2018,1,Recharge & bill payments,28729,5184132.514934338
arunachal-pradesh,2018,1,Peer-to-peer payments,13320,82889682.72418305
arunachal-pradesh,2018,1,Merchant payments,1042,2420374.1905855755
arunachal-pradesh,2018,1,Financial Services,416,58893.76201533088
arunachal-pradesh,2018,1,Others,1990,1834252.8176908877
arunachal-pradesh,2018,2,Recharge & bill payments,50700,10468878.537107183
arunachal-pradesh,2018,2,Peer-to-peer payments,26477,181576281.19464755
arunachal-pradesh,2018,2,Merchant payments,2378,4718953.439561011
arunachal-pradesh,2018,2,Financial Services,559,363761.80159549194
arunachal-pradesh,2018,2,Others,2043,1842317.3691352482
arunachal-pradesh,2018,3,Recharge & bill payments,74122,15997565.906016497
arunachal-pradesh,2018,3,Peer-to-peer payments,49740,308106303.45342577
arunachal-pradesh,2018,3,Merchant payments,4738,5505694.567913429
arunachal-pradesh,2018,3,Financial Services,507,72133.845254878
arunachal-pradesh,2018,3,Others,2039,2044708.9687807972
arunachal-pradesh,2018,4,Recharge & bill payments,97751,20662691.882313278
arunachal-pradesh,2018,4,Peer-to-peer payments,68169,468831493.2328036
arunachal-pradesh,2018,4,Merchant payments,7726,11998974.1040326
arunachal-pradesh,2018,4,Financial Services,561,100597.90379906222
arunachal-pradesh,2018,4,Others,2222,2446271.9688117937
arunachal-pradesh,2019,1,Recharge & bill payments,121303,26796894.998233315
arunachal-pradesh,2019,1,Peer-to-peer payments,93494,568554821.4456317
arunachal-pradesh,2019,1,Merchant payments,9214,11727218.401334248
arunachal-pradesh,2019,1,Financial Services,256,140622.87093631705
arunachal-pradesh,2019,1,Others,2239,2730548.5978140826
arunachal-pradesh,2019,2,Recharge & bill payments,131988,30420803.41271234
arunachal-pradesh,2019,2,Peer-to-peer payments,106527,704237943.4054435
arunachal-pradesh,2019,2,Merchant payments,16828,13955724.130712911
arunachal-pradesh,2019,2,Financial Services,267,160660.8821362781
arunachal-pradesh,2019,2,Others,3046,3880742.524023137
arunachal-pradesh,2019,3,Recharge & bill payments,216228,50946104.94289842
arunachal-pradesh,2019,3,Peer-to-peer payments,133484,841037395.2474606
arunachal-pradesh,2019,3,Merchant payments,16900,17178248.07427002
arunachal-pradesh,2019,3,Financial Services,864,64089.11350267195
arunachal-pradesh,2019,3,Others,2758,3419197.4177385764
arunachal-pradesh,2019,4,Recharge & bill payments,259183,63516906.09060433
arunachal-pradesh,2019,4,Peer-to-peer payments,177833,1100137447.9340453
arunachal-pradesh,2019,4,Merchant payments,19769,23192271.691576812
arunachal-pradesh,2019,4,Financial Services,314,305379.7987782319
arunachal-pradesh,2019,4,Others,2376,3421174.01227797
arunachal-pradesh,2020,1,Recharge & bill payments,329834,86011654.77474582
arunachal-pradesh,2020,1,Peer-to-peer payments,203429,1263912288.4066367
arunachal-pradesh,2020,1,Merchant payments,31181,28553052.133918796
arunachal-pradesh,2020,1,Financial Services,470,337812.94816169393
arunachal-pradesh,2020,1,Others,2261,2943873.0666838237
arunachal-pradesh,2020,2,Recharge & bill payments,522495,145198528.22961134
arunachal-pradesh,2020,2,Peer-to-peer payments,247861,1630654426.0441835
arunachal-pradesh,2020,2,Merchant payments,35169,46446966.612447515
arunachal-pradesh,2020,2,Financial Services,1310,2655507.6964110374
arunachal-pradesh,2020,2,Others,1939,1761404.4023099935
arunachal-pradesh,2020,3,Recharge & bill payments,514907,153463816.21184397
arunachal-pradesh,2020,3,Peer-to-peer payments,370418,2361603431.37578
arunachal-pradesh,2020,3,Merchant payments,72736,88145178.69272713
arunachal-pradesh,2020,3,Financial Services,1761,4030599.9171272423
arunachal-pradesh,2020,3,Others,3005,2695539.3607389224
arunachal-pradesh,2020,4,Peer-to-peer payments,522019,3254744938.4105625
arunachal-pradesh,2020,4,Recharge & bill payments,513895,152389181.21743062
arunachal-pradesh,2020,4,Merchant payments,167387,156682926.02384603
arunachal-pradesh,2020,4,Financial Services,1749,2391651.8783250954
arunachal-pradesh,2020,4,Others,4079,4055324.315454754
arunachal-pradesh,2021,1,Peer-to-peer payments,566209,3460488558.9436507
arunachal-pradesh,2021,1,Recharge & bill payments,450649,142358376.9003836
arunachal-pradesh,2021,1,Merchant payments,155966,204958020.0891498
arunachal-pradesh,2021,1,Financial Services,1558,2672460.4740365944
arunachal-pradesh,2021,1,Others,3074,3301662.6094231335
arunachal-pradesh,2021,2,Peer-to-peer payments,762946,4000960152.0755496
arunachal-pradesh,2021,2,Recharge & bill payments,556680,165579844.25105897
arunachal-pradesh,2021,2,Merchant payments,243375,283709438.5363142
arunachal-pradesh,2021,2,Financial Services,1582,2761076.7934988844
arunachal-pradesh,2021,2,Others,3755,3415105.3379601175
arunachal-pradesh,2021,3,Peer-to-peer payments,986088,5033603845.032885
arunachal-pradesh,2021,3,Recharge & bill payments,600102,187390578.30403775
arunachal-pradesh,2021,3,Merchant payments,314658,449869060.7842621
arunachal-pradesh,2021,3,Financial Services,1934,3348547.8272713376
arunachal-pradesh,2021,3,Others,4185,3912143.3503634185
arunachal-pradesh,2021,4,Peer-to-peer payments,1227616,6022733378.120082
arunachal-pradesh,2021,4,Recharge & bill payments,633248,207784816.33218512
arunachal-pradesh,2021,4,Merchant payments,521447,704195694.9939187
arunachal-pradesh,2021,4,Financial Services,2386,3933557.2795471298
arunachal-pradesh,2021,4,Others,5901,4862905.885615055
arunachal-pradesh,2022,1,Peer-to-peer payments,1403584,6670641250.45945
arunachal-pradesh,2022,1,Merchant payments,720803,917155358.7177179
arunachal-pradesh,2022,1,Recharge & bill payments,670576,231933129.00412333
arunachal-pradesh,2022,1,Financial Services,3053,3359625.792926075
arunachal-pradesh,2022,1,Others,6052,5002264.113148138
arunachal-pradesh,2022,2,Peer-to-peer payments,1751568,7627061474.687715
arunachal-pradesh,2022,2,Merchant payments,1108353,1255513517.3639429
arunachal-pradesh,2022,2,Recharge & bill payments,688770,241162643.19480157
arunachal-pradesh,2022,2,Financial Services,2466,4063469.0998270046
arunachal-pradesh,2022,2,Others,5768,3864269.879579009
arunachal-pradesh,2022,3,Peer-to-peer payments,1967086,7365427284.274204
arunachal-pradesh,2022,3,Merchant payments,1316326,1413247143.4889917
arunachal-pradesh,2022,3,Recharge & bill payments,649322,238448083.80779752
arunachal-pradesh,2022,3,Financial Services,1997,4763324.776043448
arunachal-pradesh,2022,3,Others,4687,3224948.7015704075
arunachal-pradesh,2022,4,Peer-to-peer payments,2251135,7768088687.67791
arunachal-pradesh,2022,4,Merchant payments,1704968,1669602212.9174638
arunachal-pradesh,2022,4,Recharge & bill payments,669151,239412553.61214688
arunachal-pradesh,2022,4,Financial Services,2617,3785469.3993366556
arunachal-pradesh,2022,4,Others,4838,4020773.8953960314
arunachal-pradesh,2023,1,Peer-to-peer payments,3879583,13170741327.0
arunachal-pradesh,2023,1,Merchant payments,2922784,2802762028.0
arunachal-pradesh,2023,1,Recharge & bill payments,1229475,409663161.0
arunachal-pradesh,2023,1,Financial Services,4142,6310412.0
arunachal-pradesh,2023,1,Others,6841,5101526.0
arunachal-pradesh,2023,2,Peer-to-peer payments,4883817,15695323405.0
arunachal-pradesh,2023,2,Merchant payments,4091876,3651614280.0
arunachal-pradesh,2023,2,Recharge & bill payments,1374689,447452168.0
arunachal-pradesh,2023,2,Financial Services,3392,5815474.0
arunachal-pradesh,2023,2,Others,6714,5493337.0
arunachal-pradesh,2023,3,Peer-to-peer payments,5889357,16351752522.0
arunachal-pradesh,2023,3,Merchant payments,5451474,4277046551.0
arunachal-pradesh,2023,3,Recharge & bill payments,1450780,482412481.0
arunachal-pradesh,2023,3,Financial Services,4825,11365670.0
arunachal-pradesh,2023,3,Others,5997,4813862.0
arunachal-pradesh,2023,4,Peer-to-peer payments,6678381,18554712209.0
arunachal-pradesh,2023,4,Merchant payments,6435278,5043099494.0
arunachal-pradesh,2023,4,Recharge & bill payments,1491471,515181105.0
arunachal-pradesh,2023,4,Financial Services,5573,11079378.0
arunachal-pradesh,2023,4,Others,7039,4727608.0
arunachal-pradesh,2024,1,Merchant payments,7491171,5669482843.0
arunachal-pradesh,2024,1,Peer-to-peer payments,7238315,19793142980.0
arunachal-pradesh,2024,1,Recharge & bill payments,1664938,568014875.0
arunachal-pradesh,2024,1,Financial Services,6408,13072238.0
arunachal-pradesh,2024,1,Others,5582,3331540.0
arunachal-pradesh,2024,2,Merchant payments,9567105,6815204405.0
arunachal-pradesh,2024,2,Peer-to-peer payments,8120757,22271137791.0
arunachal-pradesh,2024,2,Recharge & bill payments,1776684,595957635.0
arunachal-pradesh,2024,2,Financial Services,7896,20769976.0
arunachal-pradesh,2024,2,Others,5930,3281823.0
arunachal-pradesh,2024,3,Merchant payments,12464040,7709848647.0
arunachal-pradesh,2024,3,Peer-to-peer payments,10083155,23214155044.0
arunachal-pradesh,2024,3,Recharge & bill payments,1886589,653172013.0
arunachal-pradesh,2024,3,Financial Services,8170,21220623.0
arunachal-pradesh,2024,3,Others,5188,3560378.0
arunachal-pradesh,2024,4,Merchant payments,14117429,8515314488.0
arunachal-pradesh,2024,4,Peer-to-peer payments,10758583,25848886063.0
arunachal-pradesh,2024,4,Recharge & bill payments,1886780,695358159.0
arunachal-pradesh,2024,4,Financial Services,25593,16838759.0
arunachal-pradesh,2024,4,Others,5072,3489404.0
assam,2018,1,Recharge & bill payments,632092,93491181.14056379
assam,2018,1,Peer-to-peer payments,318025,993525195.9818655
assam,2018,1,Merchant payments,40482,34501622.89266755
assam,2018,1,Financial Services,18172,4936862.200688562
assam,2018,1,Others,48110,31349593.99668264
assam,2018,2,Recharge & bill payments,984160,174427478.21340805
assam,2018,2,Peer-to-peer payments,530781,2064314053.1339972
assam,2018,2,Merchant payments,79307,73366344.80739225
assam,2018,2,Financial Services,22773,7051504.657611102
assam,2018,2,Others,46852,31425754.725386057
assam,2018,3,Recharge & bill payments,1275136,254569069.32411742
assam,2018,3,Peer-to-peer payments,843571,3424136709.5088205
assam,2018,3,Merchant payments,159532,96783839.37466942
assam,2018,3,Financial Services,22677,4741123.821880115
assam,2018,3,Others,50935,30904247.884785894
assam,2018,4,Recharge & bill payments,1703488,317661277.3470997
assam,2018,4,Peer-to-peer payments,1279089,5284776455.070784
assam,2018,4,Merchant payments,667293,240563395.2777939
assam,2018,4,Financial Services,28035,6331912.52655252
assam,2018,4,Others,56267,38689818.79087821
assam,2019,1,Recharge & bill payments,1993220,400281677.94382846
assam,2019,1,Peer-to-peer payments,1976310,7291433300.700247
assam,2019,1,Merchant payments,494871,266644645.74929428
assam,2019,1,Financial Services,20162,4612454.1127945455
assam,2019,1,Others,48442,39127457.944687635
assam,2019,2,Recharge & bill payments,2512932,539315772.8606573
assam,2019,2,Peer-to-peer payments,2293770,10035232820.852964
assam,2019,2,Merchant payments,573646,326844709.5879724
assam,2019,2,Financial Services,13654,4037222.414240564
assam,2019,2,Others,60927,49538663.41037582
assam,2019,3,Peer-to-peer payments,2713539,11835800855.176552
assam,2019,3,Recharge & bill payments,2645302,639885372.7480905
assam,2019,3,Merchant payments,513728,421380275.4207429
assam,2019,3,Financial Services,8606,6403456.344768786
assam,2019,3,Others,61396,46973660.73634353
assam,2019,4,Peer-to-peer payments,3222143,14083346879.361855
assam,2019,4,Recharge & bill payments,2937800,704118873.972094
assam,2019,4,Merchant payments,544053,456318130.082201
assam,2019,4,Financial Services,9621,3492255.0860687294
assam,2019,4,Others,46893,34707757.009855896
assam,2020,1,Peer-to-peer payments,4058740,18977446151.768826
assam,2020,1,Recharge & bill payments,3897975,971722606.1579468
assam,2020,1,Merchant payments,792646,675423852.9512749
assam,2020,1,Financial Services,10173,7054325.507515656
assam,2020,1,Others,49326,36781411.34368035
assam,2020,2,Recharge & bill payments,6045321,1612522828.7163475
assam,2020,2,Peer-to-peer payments,3648386,17358374071.26616
assam,2020,2,Merchant payments,742400,749018053.2400584
assam,2020,2,Financial Services,19814,18130004.687672265
assam,2020,2,Others,49278,28255168.009208795
assam,2020,3,Peer-to-peer payments,5637893,26646565777.43919
assam,2020,3,Recharge & bill payments,5292154,1627282415.9451878
assam,2020,3,Merchant payments,1383230,1492484153.3873158
assam,2020,3,Financial Services,24954,28452966.026372254
assam,2020,3,Others,59480,36605946.74600269
assam,2020,4,Peer-to-peer payments,7538478,36013292450.814384
assam,2020,4,Recharge & bill payments,5383505,1662189124.4177454
assam,2020,4,Merchant payments,2392184,2466913305.59039
assam,2020,4,Financial Services,29764,32314809.975261033
assam,2020,4,Others,79523,51901628.46643049
assam,2021,1,Peer-to-peer payments,9449096,45476079487.10464
assam,2021,1,Recharge & bill payments,6494111,2103017761.546533
assam,2021,1,Merchant payments,3459132,3657261586.2001615
assam,2021,1,Financial Services,34049,41291047.3832124
assam,2021,1,Others,75672,48814663.88782827
assam,2021,2,Peer-to-peer payments,11668399,51521387890.61253
assam,2021,2,Recharge & bill payments,9058005,2657676415.2458973
assam,2021,2,Merchant payments,4562669,4914753140.040101
assam,2021,2,Financial Services,49671,46106001.498141706
assam,2021,2,Others,94161,52549929.267157935
assam,2021,3,Peer-to-peer payments,15617592,64131823895.235466
assam,2021,3,Recharge & bill payments,10284267,3248364164.1984267
assam,2021,3,Merchant payments,7431371,8208706348.034584
assam,2021,3,Financial Services,39479,43889820.495989755
assam,2021,3,Others,131732,67715045.34317216
assam,2021,4,Peer-to-peer payments,21393962,86801625126.53499
assam,2021,4,Merchant payments,12895755,13378765005.905182
assam,2021,4,Recharge & bill payments,11484376,3842004488.3733196
assam,2021,4,Financial Services,60724,65456475.826191336
assam,2021,4,Others,185544,97116796.57575196
assam,2022,1,Peer-to-peer payments,27156085,108855352347.44865
assam,2022,1,Merchant payments,19011883,18833132506.022354
assam,2022,1,Recharge & bill payments,12474674,4424035840.366192
assam,2022,1,Financial Services,68432,73257991.39188361
assam,2022,1,Others,178812,94659207.47378007
assam,2022,2,Peer-to-peer payments,33879530,123829913105.31845
assam,2022,2,Merchant payments,28377534,24333260089.826862
assam,2022,2,Recharge & bill payments,13858113,4814695679.877083
assam,2022,2,Financial Services,50785,55549153.74320389
assam,2022,2,Others,168763,77624058.0178437
assam,2022,3,Peer-to-peer payments,37000266,127264703851.96637
assam,2022,3,Merchant payments,34935460,28789992307.161205
assam,2022,3,Recharge & bill payments,13974568,5295136932.037907
assam,2022,3,Financial Services,65066,62882386.459812224
assam,2022,3,Others,138451,76363577.27323309
assam,2022,4,Peer-to-peer payments,44828832,150693397669.18314
assam,2022,4,Merchant payments,43605784,36033810141.574844
assam,2022,4,Recharge & bill payments,15344794,5773980885.270762
assam,2022,4,Financial Services,74414,75960367.91633397
assam,2022,4,Others,127443,76370123.60102956
assam,2023,1,Merchant payments,48987048,39416860194.0
assam,2023,1,Peer-to-peer payments,48461200,166509153749.0
assam,2023,1,Recharge & bill payments,16113464,6266406177.0
assam,2023,1,Financial Services,82270,86978703.0
assam,2023,1,Others,116656,74768264.0
assam,2023,2,Merchant payments,62403711,45515248236.0
assam,2023,2,Peer-to-peer payments,57852989,182809282981.0
assam,2023,2,Recharge & bill payments,17858409,6631355080.0
assam,2023,2,Financial Services,81172,84797972.0
assam,2023,2,Others,94672,70104514.0
assam,2023,3,Merchant payments,82126315,51533166362.0
assam,2023,3,Peer-to-peer payments,66737077,185030502675.0
assam,2023,3,Recharge & bill payments,18524152,7310558505.0
assam,2023,3,Financial Services,105975,118529318.0
assam,2023,3,Others,81832,65257542.0
assam,2023,4,Merchant payments,95438754,60513904505.0
assam,2023,4,Peer-to-peer payments,79797949,216875937740.0
assam,2023,4,Recharge & bill payments,18323202,8011077428.0
assam,2023,4,Financial Services,119386,142552746.0
assam,2023,4,Others,72866,60164512.0
assam,2024,1,Merchant payments,110124616,68499650021.0
assam,2024,1,Peer-to-peer payments,90992228,244008762377.0
assam,2024,1,Recharge & bill payments,20239264,8488075878.0
assam,2024,1,Financial Services,102326,135951454.0
assam,2024,1,Others,66622,51466300.0
assam,2024,2,Merchant payments,143699277,78145261323.0
assam,2024,2,Peer-to-peer payments,105356010,258191846219.0
assam,2024,2,Recharge & bill payments,22086844,8765311662.0
assam,2024,2,Financial Services,120443,151366643.0
assam,2024,2,Others,64513,54884363.0
assam,2024,3,Merchant payments,161259693,79570459117.0
assam,2024,3,Peer-to-peer payments,112031342,244082572337.0
assam,2024,3,Recharge & bill payments,21850799,9670483722.0
assam,2024,3,Financial Services,131635,175945223.0
assam,2024,3,Others,72122,58848151.0
assam,2024,4,Merchant payments,181752000,90150626448.0
assam,2024,4,Peer-to-peer payments,129207094,282320195685.0
assam,2024,4,Recharge & bill payments,20970477,10067635906.0
assam,2024,4,Financial Services,438162,173496870.0
assam,2024,4,Others,73798,74451050.0
bihar,2018,1,Recharge & bill payments,3159922,375559206.7727593
bihar,2018,1,Peer-to-peer payments,2052089,5295346761.45083
bihar,2018,1,Financial Services,194295,33999413.87739952
bihar,2018,1,Merchant payments,138885,139827755.73655012
bihar,2018,1,Others,279111,201025034.17960182
bihar,2018,2,Recharge & bill payments,4346849,700649777.0602969
bihar,2018,2,Peer-to-peer payments,3447898,12141448845.077621
bihar,2018,2,Merchant payments,311487,318571872.8216527
bihar,2018,2,Financial Services,267433,45332532.096432865
bihar,2018,2,Others,258711,300128082.6160458
bihar,2018,3,Peer-to-peer payments,8893764,18695889187.89432
bihar,2018,3,Recharge & bill payments,4401439,804061398.5166465
bihar,2018,3,Merchant payments,586862,367608510.7261781
bihar,2018,3,Financial Services,274510,33276460.45213346
bihar,2018,3,Others,211229,234968821.31206354
bihar,2018,4,Peer-to-peer payments,8094296,26224303882.80399
bihar,2018,4,Recharge & bill payments,5469096,986310785.0093702
bihar,2018,4,Merchant payments,1680664,848968693.0665624
bihar,2018,4,Financial Services,237247,36199427.51318769
bihar,2018,4,Others,251098,302214380.18458414
bihar,2019,1,Peer-to-peer payments,16807040,38824078062.32093
bihar,2019,1,Recharge & bill payments,7036367,1333688182.5386746
bihar,2019,1,Merchant payments,2055267,1024996999.5279309
bihar,2019,1,Financial Services,204689,28599535.734409343
bihar,2019,1,Others,252871,291464734.4043106
bihar,2019,2,Peer-to-peer payments,15837449,58381285240.80835
bihar,2019,2,Recharge & bill payments,9279442,1996804238.2749753
bihar,2019,2,Merchant payments,4365465,2308145849.844257
bihar,2019,2,Financial Services,129603,63338108.53755434
bihar,2019,2,Others,348520,382864846.0767575
bihar,2019,3,Peer-to-peer payments,15446119,61831776093.09613
bihar,2019,3,Recharge & bill payments,9115040,2140566974.705637
bihar,2019,3,Merchant payments,7206001,3413490288.3137074
bihar,2019,3,Financial Services,89997,20145460.42764103
bihar,2019,3,Others,282743,286804437.7358033
bihar,2019,4,Peer-to-peer payments,26337842,86340631422.24606
bihar,2019,4,Recharge & bill payments,11358597,2649616529.830146
bihar,2019,4,Merchant payments,5519582,4177574379.0405855
bihar,2019,4,Financial Services,100192,18815964.761792127
bihar,2019,4,Others,214101,126788281.9306988
bihar,2020,1,Peer-to-peer payments,23163922,99873688132.9031
bihar,2020,1,Recharge & bill payments,13837430,3680590624.9006104
bihar,2020,1,Merchant payments,7822567,5562692116.5708065
bihar,2020,1,Financial Services,57233,23954789.407903705
bihar,2020,1,Others,200663,115927863.46366584
bihar,2020,2,Peer-to-peer payments,26572651,116244368941.33606
bihar,2020,2,Recharge & bill payments,19522564,5642294772.453551
bihar,2020,2,Merchant payments,7011681,6760404421.62296
bihar,2020,2,Financial Services,73119,54077813.2606806
bihar,2020,2,Others,206727,105377680.17075577
bihar,2020,3,Peer-to-peer payments,37294332,153664683751.53278
bihar,2020,3,Recharge & bill payments,19027978,6313780616.601829
bihar,2020,3,Merchant payments,14777337,13111735855.02769
bihar,2020,3,Financial Services,104135,81355476.16367023
bihar,2020,3,Others,299966,157309412.49242482
bihar,2020,4,Peer-to-peer payments,49432098,208484557891.42865
bihar,2020,4,Merchant payments,26750991,23185594534.30522
bihar,2020,4,Recharge & bill payments,19908687,6926960996.688756
bihar,2020,4,Financial Services,119416,100785736.00790763
bihar,2020,4,Others,380481,207713978.04223877
bihar,2021,1,Peer-to-peer payments,58566582,242013312361.31104
bihar,2021,1,Merchant payments,33959313,30171144593.369873
bihar,2021,1,Recharge & bill payments,21974086,8505455545.448764
bihar,2021,1,Financial Services,124277,112949858.25028673
bihar,2021,1,Others,308219,170787342.8481179
bihar,2021,2,Peer-to-peer payments,78694099,319758683264.15344
bihar,2021,2,Merchant payments,44686786,43458914639.77138
bihar,2021,2,Recharge & bill payments,31646149,11030849713.502428
bihar,2021,2,Financial Services,149791,116086345.91301711
bihar,2021,2,Others,426797,215721223.2386405
bihar,2021,3,Peer-to-peer payments,92785704,331514102784.2631
bihar,2021,3,Merchant payments,64094961,53849745604.9643
bihar,2021,3,Recharge & bill payments,30081746,11327303470.019915
bihar,2021,3,Financial Services,135748,130349071.61901987
bihar,2021,3,Others,572954,241260025.54569885
bihar,2021,4,Peer-to-peer payments,117340712,423665098014.2792
bihar,2021,4,Merchant payments,95992559,81729122295.53772
bihar,2021,4,Recharge & bill payments,30824177,13438634948.212643
bihar,2021,4,Financial Services,186298,173358268.82083318
bihar,2021,4,Others,783199,365400541.9114517
bihar,2022,1,Peer-to-peer payments,138085265,500024806542.69324
bihar,2022,1,Merchant payments,114892163,95507710275.50963
bihar,2022,1,Recharge & bill payments,30545266,15431605247.390364
bihar,2022,1,Financial Services,169722,148088975.22896564
bihar,2022,1,Others,698018,299484690.3236611
bihar,2022,2,Peer-to-peer payments,164119431,610448610667.7207
bihar,2022,2,Merchant payments,158289353,126423430586.42947
bihar,2022,2,Recharge & bill payments,36950622,17225668601.948982
bihar,2022,2,Financial Services,124199,116203820.91131489
bihar,2022,2,Others,661424,247541289.12967217
bihar,2022,3,Merchant payments,198273336,137873615624.72937
bihar,2022,3,Peer-to-peer payments,192304951,632747186972.1919
bihar,2022,3,Recharge & bill payments,46044353,20417791249.028316
bihar,2022,3,Financial Services,179533,161987346.1868727
bihar,2022,3,Others,565212,245905365.7791165
bihar,2022,4,Merchant payments,243777692,172924170171.63205
bihar,2022,4,Peer-to-peer payments,225487662,739870172148.0806
bihar,2022,4,Recharge & bill payments,47054083,22729599211.247635
bihar,2022,4,Financial Services,205989,199208429.5113938
bihar,2022,4,Others,559223,288999714.3604311
bihar,2023,1,Merchant payments,251601655,175053265606.0
bihar,2023,1,Peer-to-peer payments,245677870,836428049163.0
bihar,2023,1,Recharge & bill payments,49781169,27372239431.0
bihar,2023,1,Financial Services,194601,158138446.0
bihar,2023,1,Others,575900,265267298.0
bihar,2023,2,Merchant payments,330603039,214402873623.0
bihar,2023,2,Peer-to-peer payments,293616270,980139698305.0
bihar,2023,2,Recharge & bill payments,58928748,31064849666.0
bihar,2023,2,Financial Services,211722,190366037.0
bihar,2023,2,Others,573315,248957759.0
bihar,2023,3,Merchant payments,361940401,206648202575.0
bihar,2023,3,Peer-to-peer payments,311779356,908446322767.0
bihar,2023,3,Recharge & bill payments,59732275,32565513931.0
bihar,2023,3,Financial Services,270376,277782677.0
bihar,2023,3,Others,516343,215541416.0
bihar,2023,4,Merchant payments,466122317,273626740927.0
bihar,2023,4,Peer-to-peer payments,394813298,1121442567078.0
bihar,2023,4,Recharge & bill payments,62582448,39095012665.0
bihar,2023,4,Financial Services,333579,342560013.0
bihar,2023,4,Others,575632,228927732.0
bihar,2024,1,Merchant payments,548896156,316662638999.0
bihar,2024,1,Peer-to-peer payments,456038110,1275205176229.0
bihar,2024,1,Recharge & bill payments,73038449,45243630428.0
bihar,2024,1,Financial Services,295689,411700201.0
bihar,2024,1,Others,466379,213719039.0
bihar,2024,2,Merchant payments,703589936,385479716519.0
bihar,2024,2,Peer-to-peer payments,529387475,1452390033678.0
bihar,2024,2,Recharge & bill payments,80054155,48206932392.0
bihar,2024,2,Financial Services,386397,523080064.0
bihar,2024,2,Others,470422,246802023.0
bihar,2024,3,Merchant payments,730368233,370788705611.0
bihar,2024,3,Peer-to-peer payments,547897786,1358253139121.0
bihar,2024,3,Recharge & bill payments,73819834,50382123046.0
bihar,2024,3,Financial Services,458793,630950534.0
bihar,2024,3,Others,331577,225555027.0
bihar,2024,4,Merchant payments,843136457,451257296266.0
bihar,2024,4,Peer-to-peer payments,641971705,1592038209091.0
bihar,2024,4,Recharge & bill payments,72565377,54638087933.0
bihar,2024,4,Financial Services,1670253,714133013.0
bihar,2024,4,Others,323883,279749744.0
chandigarh,2018,1,Recharge & bill payments,201262,47479581.16264416
chandigarh,2018,1,Peer-to-peer payments,135136,527998849.34055936
chandigarh,2018,1,Merchant payments,21431,19477066.533276718
chandigarh,2018,1,Financial Services,8473,1865618.249949839
chandigarh,2018,1,Others,15593,16614305.58119321
chandigarh,2018,2,Recharge & bill payments,224548,76722906.67871952
chandigarh,2018,2,Peer-to-peer payments,194627,835296156.4220204
chandigarh,2018,2,Merchant payments,34606,29408471.506333277
chandigarh,2018,2,Financial Services,11927,3679451.8635118967
chandigarh,2018,2,Others,13376,16116275.274144217
chandigarh,2018,3,Peer-to-peer payments,295358,1217617705.9681761
chandigarh,2018,3,Recharge & bill payments,236445,100639674.6708905
chandigarh,2018,3,Merchant payments,64998,37560565.97386869
chandigarh,2018,3,Financial Services,7642,1302311.5967954171
chandigarh,2018,3,Others,12493,12234189.324580798
chandigarh,2018,4,Peer-to-peer payments,431461,1793871702.3196409
chandigarh,2018,4,Recharge & bill payments,310527,128130475.99274208
chandigarh,2018,4,Merchant payments,135266,94010713.60616027
chandigarh,2018,4,Financial Services,10008,2039811.3372037038
chandigarh,2018,4,Others,17854,14538888.5242277
chandigarh,2019,1,Peer-to-peer payments,689400,2123866601.6513758
chandigarh,2019,1,Recharge & bill payments,390610,161414934.10238376
chandigarh,2019,1,Merchant payments,169984,97230471.44089967
chandigarh,2019,1,Financial Services,7412,917030.9066760786
chandigarh,2019,1,Others,17070,12603012.342693318
chandigarh,2019,2,Peer-to-peer payments,604849,2339922407.523348
chandigarh,2019,2,Recharge & bill payments,342294,185659011.54417655
chandigarh,2019,2,Merchant payments,277811,152766864.66190332
chandigarh,2019,2,Financial Services,5590,839765.161351582
chandigarh,2019,2,Others,21926,13928050.053676538
chandigarh,2019,3,Peer-to-peer payments,722233,2815184152.8041325
chandigarh,2019,3,Merchant payments,447069,226535908.8355719
chandigarh,2019,3,Recharge & bill payments,308219,213884900.47217816
chandigarh,2019,3,Financial Services,2447,794918.674981478
chandigarh,2019,3,Others,26575,13282206.873976795
chandigarh,2019,4,Peer-to-peer payments,927850,3586763928.6423693
chandigarh,2019,4,Merchant payments,561630,318692521.79224944
chandigarh,2019,4,Recharge & bill payments,338203,237695594.96329552
chandigarh,2019,4,Financial Services,1911,654298.6785004465
chandigarh,2019,4,Others,21321,8707473.86293627
chandigarh,2020,1,Peer-to-peer payments,1087401,4421372542.468033
chandigarh,2020,1,Merchant payments,764832,438193845.4527705
chandigarh,2020,1,Recharge & bill payments,389851,257250007.2445577
chandigarh,2020,1,Financial Services,1574,1406138.1883251297
chandigarh,2020,1,Others,18853,8230536.662513691
chandigarh,2020,2,Peer-to-peer payments,766698,3293060119.5471582
chandigarh,2020,2,Merchant payments,390906,331423259.0003719
chandigarh,2020,2,Recharge & bill payments,361577,214425229.3354035
chandigarh,2020,2,Financial Services,1797,3982005.1176844486
chandigarh,2020,2,Others,7032,4125116.689457224
chandigarh,2020,3,Peer-to-peer payments,981986,4178346395.412492
chandigarh,2020,3,Merchant payments,796634,604271248.9262259
chandigarh,2020,3,Recharge & bill payments,366353,296964794.9657042
chandigarh,2020,3,Financial Services,2643,5254415.457263877
chandigarh,2020,3,Others,10470,4972498.603385328
chandigarh,2020,4,Merchant payments,1322026,939307675.8510206
chandigarh,2020,4,Peer-to-peer payments,1159377,4872318731.339843
chandigarh,2020,4,Recharge & bill payments,409997,320731281.94750684
chandigarh,2020,4,Financial Services,3346,4400109.748752326
chandigarh,2020,4,Others,17970,10005102.462219946
chandigarh,2021,1,Merchant payments,1799072,1210594490.0981498
chandigarh,2021,1,Peer-to-peer payments,1472084,5916467167.303293
chandigarh,2021,1,Recharge & bill payments,678396,451109555.33889335
chandigarh,2021,1,Financial Services,5111,7700394.761505902
chandigarh,2021,1,Others,15574,10549252.044153867
chandigarh,2021,2,Merchant payments,1926913,1390989390.7789688
chandigarh,2021,2,Peer-to-peer payments,1663559,6541132352.922333
chandigarh,2021,2,Recharge & bill payments,806710,467698864.6672056
chandigarh,2021,2,Financial Services,5502,7394941.032842191
chandigarh,2021,2,Others,14863,10458390.53475552
chandigarh,2021,3,Merchant payments,3179506,2245390329.2047896
chandigarh,2021,3,Peer-to-peer payments,2434417,8927868098.340746
chandigarh,2021,3,Recharge & bill payments,1008585,620437997.3899603
chandigarh,2021,3,Financial Services,5700,7960844.903971832
chandigarh,2021,3,Others,21170,14225734.853836158
chandigarh,2021,4,Merchant payments,4056249,3041038519.8233976
chandigarh,2021,4,Peer-to-peer payments,2797561,10610461952.107159
chandigarh,2021,4,Recharge & bill payments,1013153,693790747.2429855
chandigarh,2021,4,Financial Services,7038,10459431.863661807
chandigarh,2021,4,Others,24902,17832859.58125159
chandigarh,2022,1,Merchant payments,4511757,3264574793.4564357
chandigarh,2022,1,Peer-to-peer payments,3012464,11150701028.605722
chandigarh,2022,1,Recharge & bill payments,1046187,731347957.2152067
chandigarh,2022,1,Financial Services,7228,13538635.562948208
chandigarh,2022,1,Others,22855,14829134.999686666
chandigarh,2022,2,Merchant payments,6136803,3919372475.5605655
chandigarh,2022,2,Peer-to-peer payments,3489382,12549248085.111443
chandigarh,2022,2,Recharge & bill payments,1119367,792957088.5933374
chandigarh,2022,2,Financial Services,6673,8943857.181076445
chandigarh,2022,2,Others,20264,12978651.924569944
chandigarh,2022,3,Merchant payments,7665907,4713972532.82215
chandigarh,2022,3,Peer-to-peer payments,4423590,14788179156.481958
chandigarh,2022,3,Recharge & bill payments,1360342,1033530639.9360826
chandigarh,2022,3,Financial Services,8868,9918740.020967592
chandigarh,2022,3,Others,19466,14156668.144691642
chandigarh,2022,4,Merchant payments,10170372,6570336079.954211
chandigarh,2022,4,Peer-to-peer payments,5951989,20013621495.89691
chandigarh,2022,4,Recharge & bill payments,1749647,1267654269.1590745
chandigarh,2022,4,Financial Services,10778,12000766.356404984
chandigarh,2022,4,Others,22054,16141955.57281622
chandigarh,2023,1,Merchant payments,6460913,3374931077.0
chandigarh,2023,1,Peer-to-peer payments,2634119,8623572416.0
chandigarh,2023,1,Recharge & bill payments,700479,803831354.0
chandigarh,2023,1,Financial Services,8163,12527258.0
chandigarh,2023,1,Others,11931,10032289.0
chandigarh,2023,2,Merchant payments,7747501,3820964178.0
chandigarh,2023,2,Peer-to-peer payments,3048793,9726960611.0
chandigarh,2023,2,Recharge & bill payments,737650,845159777.0
chandigarh,2023,2,Financial Services,8262,11723572.0
chandigarh,2023,2,Others,11481,9600612.0
chandigarh,2023,3,Merchant payments,8849667,4339437634.0
chandigarh,2023,3,Peer-to-peer payments,3410620,10182027091.0
chandigarh,2023,3,Recharge & bill payments,771020,877282807.0
chandigarh,2023,3,Financial Services,10756,19516305.0
chandigarh,2023,3,Others,10102,8519474.0
chandigarh,2023,4,Merchant payments,9052694,4771466320.0
chandigarh,2023,4,Peer-to-peer payments,3480727,10531589834.0
chandigarh,2023,4,Recharge & bill payments,725553,944249351.0
chandigarh,2023,4,Financial Services,10241,21758309.0
chandigarh,2023,4,Others,10863,12159187.0
chandigarh,2024,1,Merchant payments,8982305,4662186840.0
chandigarh,2024,1,Peer-to-peer payments,3414122,10168258638.0
chandigarh,2024,1,Recharge & bill payments,735766,978631681.0
chandigarh,2024,1,Financial Services,10909,21881737.0
chandigarh,2024,1,Others,12071,11217285.0
chandigarh,2024,2,Merchant payments,11201413,5412395814.0
chandigarh,2024,2,Peer-to-peer payments,3948610,11123555377.0
chandigarh,2024,2,Recharge & bill payments,759642,976897042.0
chandigarh,2024,2,Financial Services,15209,26206753.0
chandigarh,2024,2,Others,16099,17848826.0
chandigarh,2024,3,Merchant payments,12322648,6042931862.0
chandigarh,2024,3,Peer-to-peer payments,4530333,12112839411.0
chandigarh,2024,3,Recharge & bill payments,824606,1038931528.0
chandigarh,2024,3,Financial Services,17447,32954399.0
chandigarh,2024,3,Others,13351,31600676.0
chandigarh,2024,4,Merchant payments,12960792,6648643038.0
chandigarh,2024,4,Peer-to-peer payments,4727760,12817849297.0
chandigarh,2024,4,Recharge & bill payments,791148,984309171.0
chandigarh,2024,4,Financial Services,35852,25202177.0
chandigarh,2024,4,Others,12892,25382206.0
chhattisgarh,2018,1,Recharge & bill payments,1177618,206518662.81014803
chhattisgarh,2018,1,Peer-to-peer payments,550697,1838238336.1663632
chhattisgarh,2018,1,Merchant payments,42411,39708474.15869055
chhattisgarh,2018,1,Financial Services,33002,7350624.274461515
chhattisgarh,2018,1,Others,87786,57339459.82710209
chhattisgarh,2018,2,Recharge & bill payments,1643461,351709628.0901169
chhattisgarh,2018,2,Peer-to-peer payments,933066,3703114547.658351
chhattisgarh,2018,2,Merchant payments,118438,129967815.18510856
chhattisgarh,2018,2,Financial Services,40299,9405941.62707696
chhattisgarh,2018,2,Others,80892,69972510.60099621
chhattisgarh,2018,3,Recharge & bill payments,1911374,443460556.77590346
chhattisgarh,2018,3,Peer-to-peer payments,1619886,5647949187.747948
chhattisgarh,2018,3,Merchant payments,220572,145342066.01377475
chhattisgarh,2018,3,Financial Services,31927,6195179.156999446
chhattisgarh,2018,3,Others,75845,59360083.75169004
chhattisgarh,2018,4,Recharge & bill payments,2438959,554514488.4121984
chhattisgarh,2018,4,Peer-to-peer payments,2342713,8450105299.480802
chhattisgarh,2018,4,Merchant payments,458091,331842964.57864183
chhattisgarh,2018,4,Financial Services,42199,9709810.436343707
chhattisgarh,2018,4,Others,83882,70240102.06349953
chhattisgarh,2019,1,Peer-to-peer payments,4068056,11417366152.388483
chhattisgarh,2019,1,Recharge & bill payments,2997095,679458794.5442779
chhattisgarh,2019,1,Merchant payments,710047,374735986.85082686
chhattisgarh,2019,1,Financial Services,33835,5075418.743007188
chhattisgarh,2019,1,Others,78636,67920032.80184662
chhattisgarh,2019,2,Peer-to-peer payments,4350167,15410038389.818308
chhattisgarh,2019,2,Recharge & bill payments,3435305,855753107.510468
chhattisgarh,2019,2,Merchant payments,1483870,654411637.0168115
chhattisgarh,2019,2,Financial Services,22563,4237631.55442897
chhattisgarh,2019,2,Others,98040,77914922.92227882
chhattisgarh,2019,3,Peer-to-peer payments,5021844,17584630267.779922
chhattisgarh,2019,3,Recharge & bill payments,4335851,1069468753.7262831
chhattisgarh,2019,3,Merchant payments,2772084,1074255588.7227576
chhattisgarh,2019,3,Financial Services,16452,4542997.939180325
chhattisgarh,2019,3,Others,96880,70361559.28538439
chhattisgarh,2019,4,Peer-to-peer payments,7241974,24112075521.017845
chhattisgarh,2019,4,Recharge & bill payments,5112337,1257371454.8604
chhattisgarh,2019,4,Merchant payments,3852716,1720930747.6285615
chhattisgarh,2019,4,Financial Services,14974,4665759.804240476
chhattisgarh,2019,4,Others,83757,48745253.90234077
chhattisgarh,2020,1,Peer-to-peer payments,8109789,28723854868.846924
chhattisgarh,2020,1,Recharge & bill payments,6400067,1688995018.2209015
chhattisgarh,2020,1,Merchant payments,4923214,2393811867.3887434
chhattisgarh,2020,1,Financial Services,12424,7378557.223060286
chhattisgarh,2020,1,Others,78497,46557359.6766012
chhattisgarh,2020,2,Recharge & bill payments,8366200,2504355746.828547
chhattisgarh,2020,2,Peer-to-peer payments,7216219,27351810047.608715
chhattisgarh,2020,2,Merchant payments,3158417,2361252112.419633
chhattisgarh,2020,2,Financial Services,19986,17814454.60563486
chhattisgarh,2020,2,Others,60103,33149845.438824516
chhattisgarh,2020,3,Peer-to-peer payments,9734445,34661165923.13037
chhattisgarh,2020,3,Recharge & bill payments,8705513,2790720003.1373434
chhattisgarh,2020,3,Merchant payments,5591916,3990179454.1880045
chhattisgarh,2020,3,Financial Services,34893,39141096.45070238
chhattisgarh,2020,3,Others,81772,45538330.62766186
chhattisgarh,2020,4,Peer-to-peer payments,14257312,50812302052.952705
chhattisgarh,2020,4,Merchant payments,11677743,8238390462.202984
chhattisgarh,2020,4,Recharge & bill payments,9423324,3033918783.208999
chhattisgarh,2020,4,Financial Services,41308,48082346.06124696
chhattisgarh,2020,4,Others,129949,82280639.52262866
chhattisgarh,2021,1,Peer-to-peer payments,15621154,55638916992.13896
chhattisgarh,2021,1,Merchant payments,15222763,10661449529.109669
chhattisgarh,2021,1,Recharge & bill payments,8456094,3000977538.840563
chhattisgarh,2021,1,Financial Services,37395,40387648.84021996
chhattisgarh,2021,1,Others,99031,68111552.62215017
chhattisgarh,2021,2,Peer-to-peer payments,18387345,62134058797.4359
chhattisgarh,2021,2,Merchant payments,15369311,12828590761.713423
chhattisgarh,2021,2,Recharge & bill payments,10764784,3640692364.165052
chhattisgarh,2021,2,Financial Services,40213,39620256.36433959
chhattisgarh,2021,2,Others,127767,85809079.54731184
chhattisgarh,2021,3,Merchant payments,27552743,19905616746.805294
chhattisgarh,2021,3,Peer-to-peer payments,25447410,80506858751.32883
chhattisgarh,2021,3,Recharge & bill payments,11039088,4045490947.2382197
chhattisgarh,2021,3,Financial Services,38817,48855662.40142638
chhattisgarh,2021,3,Others,159880,99286155.00295877
chhattisgarh,2021,4,Merchant payments,40526025,29283695601.229546
chhattisgarh,2021,4,Peer-to-peer payments,32799167,102177997315.68285
chhattisgarh,2021,4,Recharge & bill payments,11115444,4724827139.9519415
chhattisgarh,2021,4,Financial Services,55237,66445873.296120845
chhattisgarh,2021,4,Others,221621,146144588.65236923
chhattisgarh,2022,1,Merchant payments,48236094,33822547183.04485
chhattisgarh,2022,1,Peer-to-peer payments,37457039,118393860520.57216
chhattisgarh,2022,1,Recharge & bill payments,11466264,5442872986.10511
chhattisgarh,2022,1,Financial Services,52918,55991695.312008664
chhattisgarh,2022,1,Others,200977,131773069.80038045
chhattisgarh,2022,2,Merchant payments,61093916,41536371583.74904
chhattisgarh,2022,2,Peer-to-peer payments,42532112,133534947239.2497
chhattisgarh,2022,2,Recharge & bill payments,12737942,5949415519.837789
chhattisgarh,2022,2,Financial Services,41530,46037703.16128763
chhattisgarh,2022,2,Others,178548,114905117.7834119
chhattisgarh,2022,3,Merchant payments,84355775,50874051122.3736
chhattisgarh,2022,3,Peer-to-peer payments,57116149,161027214428.20593
chhattisgarh,2022,3,Recharge & bill payments,16538894,8069941553.075293
chhattisgarh,2022,3,Financial Services,55775,61881709.73674865
chhattisgarh,2022,3,Others,185994,128469268.59740639
chhattisgarh,2022,4,Merchant payments,97405954,60247141797.94961
chhattisgarh,2022,4,Peer-to-peer payments,63986789,183672880692.7266
chhattisgarh,2022,4,Recharge & bill payments,16324117,8376603987.152398
chhattisgarh,2022,4,Financial Services,63695,81169069.23462963
chhattisgarh,2022,4,Others,179891,141385263.4082809
chhattisgarh,2023,1,Merchant payments,115821237,68619935279.0
chhattisgarh,2023,1,Peer-to-peer payments,76752033,221082684005.0
chhattisgarh,2023,1,Recharge & bill payments,21896029,11162940453.0
chhattisgarh,2023,1,Financial Services,72038,65398770.0
chhattisgarh,2023,1,Others,207620,157977952.0
chhattisgarh,2023,2,Merchant payments,138222517,78172761996.0
chhattisgarh,2023,2,Peer-to-peer payments,86887081,243032806463.0
chhattisgarh,2023,2,Recharge & bill payments,24550623,11714283831.0
chhattisgarh,2023,2,Financial Services,77813,90235297.0
chhattisgarh,2023,2,Others,193602,146759167.0
chhattisgarh,2023,3,Merchant payments,161142673,85645642195.0
chhattisgarh,2023,3,Peer-to-peer payments,97060888,251466237009.0
chhattisgarh,2023,3,Recharge & bill payments,25011103,13000613447.0
chhattisgarh,2023,3,Financial Services,95807,131864372.0
chhattisgarh,2023,3,Others,182186,135322503.0
chhattisgarh,2023,4,Merchant payments,185440451,102326470529.0
chhattisgarh,2023,4,Peer-to-peer payments,110795079,287452814383.0
chhattisgarh,2023,4,Recharge & bill payments,25330600,13898322691.0
chhattisgarh,2023,4,Financial Services,115404,174278673.0
chhattisgarh,2023,4,Others,194798,133148269.0
chhattisgarh,2024,1,Merchant payments,212194065,116463019844.0
chhattisgarh,2024,1,Peer-to-peer payments,124567252,329976785438.0
chhattisgarh,2024,1,Recharge & bill payments,29121761,16237500799.0
chhattisgarh,2024,1,Financial Services,117960,205227725.0
chhattisgarh,2024,1,Others,175646,127276095.0
chhattisgarh,2024,2,Merchant payments,245595547,132662738857.0
chhattisgarh,2024,2,Peer-to-peer payments,134658010,346912119555.0
chhattisgarh,2024,2,Recharge & bill payments,31469605,16306210818.0
chhattisgarh,2024,2,Financial Services,148570,297328748.0
chhattisgarh,2024,2,Others,175973,135034441.0
chhattisgarh,2024,3,Merchant payments,267508081,136419004302.0
chhattisgarh,2024,3,Peer-to-peer payments,146302685,342236114715.0
chhattisgarh,2024,3,Recharge & bill payments,29502494,18226578889.0
chhattisgarh,2024,3,Financial Services,179562,354020024.0
chhattisgarh,2024,3,Others,147280,124415828.0
chhattisgarh,2024,4,Merchant payments,304445323,159212481149.0
chhattisgarh,2024,4,Peer-to-peer payments,166465519,398345139636.0
chhattisgarh,2024,4,Recharge & bill payments,29120062,18801380994.0
chhattisgarh,2024,4,Financial Services,477311,324186192.0
chhattisgarh,2024,4,Others,147189,145256654.0
dadra-&-nagar-haveli-&-daman-&-diu,2018,1,Recharge & bill payments,95544,17526369.5804541
dadra-&-nagar-haveli-&-daman-&-diu,2018,1,Peer-to-peer payments,44599,151966933.24607396
dadra-&-nagar-haveli-&-daman-&-diu,2018,1,Merchant payments,1531,1580762.779739072
dadra-&-nagar-haveli-&-daman-&-diu,2018,1,Financial Services,1364,353171.5523814913
dadra-&-nagar-haveli-&-daman-&-diu,2018,1,Others,5511,4231146.95056825
dadra-&-nagar-haveli-&-daman-&-diu,2018,2,Recharge & bill payments,122834,30595592.007682398
dadra-&-nagar-haveli-&-daman-&-diu,2018,2,Peer-to-peer payments,69215,261995613.05482048
dadra-&-nagar-haveli-&-daman-&-diu,2018,2,Merchant payments,3544,4685536.036433555
dadra-&-nagar-haveli-&-daman-&-diu,2018,2,Financial Services,2996,383806.08546730166
dadra-&-nagar-haveli-&-daman-&-diu,2018,2,Others,4037,4410224.471747881
dadra-&-nagar-haveli-&-daman-&-diu,2018,3,Recharge & bill payments,157113,39790820.29359456
dadra-&-nagar-haveli-&-daman-&-diu,2018,3,Peer-to-peer payments,119346,396698085.4104552
dadra-&-nagar-haveli-&-daman-&-diu,2018,3,Merchant payments,7465,5693604.7441260815
dadra-&-nagar-haveli-&-daman-&-diu,2018,3,Financial Services,1477,297647.89589848556
dadra-&-nagar-haveli-&-daman-&-diu,2018,3,Others,4174,5159437.334100959
dadra-&-nagar-haveli-&-daman-&-diu,2018,4,Peer-to-peer payments,194214,582082154.4115133
dadra-&-nagar-haveli-&-daman-&-diu,2018,4,Recharge & bill payments,185793,49972030.11285484
dadra-&-nagar-haveli-&-daman-&-diu,2018,4,Merchant payments,15739,19577328.03937304
dadra-&-nagar-haveli-&-daman-&-diu,2018,4,Financial Services,2996,371674.6991335743
dadra-&-nagar-haveli-&-daman-&-diu,2018,4,Others,5340,6747429.538011953
dadra-&-nagar-haveli-&-daman-&-diu,2019,1,Peer-to-peer payments,408465,757657638.3173952
dadra-&-nagar-haveli-&-daman-&-diu,2019,1,Recharge & bill payments,225998,62660761.88806932
dadra-&-nagar-haveli-&-daman-&-diu,2019,1,Merchant payments,20694,17043867.88608146
dadra-&-nagar-haveli-&-daman-&-diu,2019,1,Financial Services,1645,221064.6189234741
dadra-&-nagar-haveli-&-daman-&-diu,2019,1,Others,5012,5786443.339431095
dadra-&-nagar-haveli-&-daman-&-diu,2019,2,Peer-to-peer payments,244134,734034142.8087387
dadra-&-nagar-haveli-&-daman-&-diu,2019,2,Recharge & bill payments,198184,63874445.55241879
dadra-&-nagar-haveli-&-daman-&-diu,2019,2,Merchant payments,40781,20816136.241969176
dadra-&-nagar-haveli-&-daman-&-diu,2019,2,Financial Services,748,155149.75618074698
dadra-&-nagar-haveli-&-daman-&-diu,2019,2,Others,5809,5561402.205763446
dadra-&-nagar-haveli-&-daman-&-diu,2019,3,Recharge & bill payments,319142,104597035.07984878
dadra-&-nagar-haveli-&-daman-&-diu,2019,3,Peer-to-peer payments,249944,821178569.0593253
dadra-&-nagar-haveli-&-daman-&-diu,2019,3,Merchant payments,63616,30634658.237494454
dadra-&-nagar-haveli-&-daman-&-diu,2019,3,Financial Services,533,425044.05141368794
dadra-&-nagar-haveli-&-daman-&-diu,2019,3,Others,5516,4636167.420289769
dadra-&-nagar-haveli-&-daman-&-diu,2019,4,Recharge & bill payments,351819,125809568.35055912
dadra-&-nagar-haveli-&-daman-&-diu,2019,4,Peer-to-peer payments,324464,1051976410.5472054
dadra-&-nagar-haveli-&-daman-&-diu,2019,4,Merchant payments,86758,45361559.23824883
dadra-&-nagar-haveli-&-daman-&-diu,2019,4,Financial Services,1019,267762.49056630814
dadra-&-nagar-haveli-&-daman-&-diu,2019,4,Others,4911,3225961.384460643
dadra-&-nagar-haveli-&-daman-&-diu,2020,1,Recharge & bill payments,407577,153340696.30393675
dadra-&-nagar-haveli-&-daman-&-diu,2020,1,Peer-to-peer payments,329005,1119439489.5005136
dadra-&-nagar-haveli-&-daman-&-diu,2020,1,Merchant payments,137040,66713356.798143014
dadra-&-nagar-haveli-&-daman-&-diu,2020,1,Financial Services,668,418783.1260904173
dadra-&-nagar-haveli-&-daman-&-diu,2020,1,Others,4289,2851043.563834071
dadra-&-nagar-haveli-&-daman-&-diu,2020,2,Recharge & bill payments,525974,178877986.7248658
dadra-&-nagar-haveli-&-daman-&-diu,2020,2,Peer-to-peer payments,323909,1052118443.3664523
dadra-&-nagar-haveli-&-daman-&-diu,2020,2,Merchant payments,118801,68938500.71228051
dadra-&-nagar-haveli-&-daman-&-diu,2020,2,Financial Services,1826,993268.2971840606
dadra-&-nagar-haveli-&-daman-&-diu,2020,2,Others,2642,1448254.787275234
dadra-&-nagar-haveli-&-daman-&-diu,2020,3,Recharge & bill payments,455603,201223380.1868608
dadra-&-nagar-haveli-&-daman-&-diu,2020,3,Peer-to-peer payments,419524,1401020928.2319155
dadra-&-nagar-haveli-&-daman-&-diu,2020,3,Merchant payments,257572,143497844.49072367
dadra-&-nagar-haveli-&-daman-&-diu,2020,3,Financial Services,1635,1778864.0123306382
dadra-&-nagar-haveli-&-daman-&-diu,2020,3,Others,3978,2268098.077531771
dadra-&-nagar-haveli-&-daman-&-diu,2020,4,Peer-to-peer payments,666995,2153786522.547576
dadra-&-nagar-haveli-&-daman-&-diu,2020,4,Merchant payments,631443,316510115.80515665
dadra-&-nagar-haveli-&-daman-&-diu,2020,4,Recharge & bill payments,509971,224246669.7783347
dadra-&-nagar-haveli-&-daman-&-diu,2020,4,Financial Services,2453,1683959.5099964456
dadra-&-nagar-haveli-&-daman-&-diu,2020,4,Others,6929,4283833.187441602
dadra-&-nagar-haveli-&-daman-&-diu,2021,1,Peer-to-peer payments,768921,2379220756.2230163
dadra-&-nagar-haveli-&-daman-&-diu,2021,1,Merchant payments,705821,367522132.38063604
dadra-&-nagar-haveli-&-daman-&-diu,2021,1,Recharge & bill payments,442926,213177144.73200977
dadra-&-nagar-haveli-&-daman-&-diu,2021,1,Financial Services,2243,1930008.9716834244
dadra-&-nagar-haveli-&-daman-&-diu,2021,1,Others,5333,3782868.8861592514
dadra-&-nagar-haveli-&-daman-&-diu,2021,2,Peer-to-peer payments,843550,2512913026.4279447
dadra-&-nagar-haveli-&-daman-&-diu,2021,2,Merchant payments,802899,430487473.930562
dadra-&-nagar-haveli-&-daman-&-diu,2021,2,Recharge & bill payments,471136,208762964.0120024
dadra-&-nagar-haveli-&-daman-&-diu,2021,2,Financial Services,1826,1763792.6506419359
dadra-&-nagar-haveli-&-daman-&-diu,2021,2,Others,5672,3741204.3977531465
dadra-&-nagar-haveli-&-daman-&-diu,2021,3,Merchant payments,1312241,706774071.9381688
dadra-&-nagar-haveli-&-daman-&-diu,2021,3,Peer-to-peer payments,1262732,3339347400.0643554
dadra-&-nagar-haveli-&-daman-&-diu,2021,3,Recharge & bill payments,544322,253199754.8745275
dadra-&-nagar-haveli-&-daman-&-diu,2021,3,Financial Services,2065,2252116.636459231
dadra-&-nagar-haveli-&-daman-&-diu,2021,3,Others,8110,4365759.277996017
dadra-&-nagar-haveli-&-daman-&-diu,2021,4,Merchant payments,2013673,1058989463.1650428
dadra-&-nagar-haveli-&-daman-&-diu,2021,4,Peer-to-peer payments,1577168,4202291071.7106133
dadra-&-nagar-haveli-&-daman-&-diu,2021,4,Recharge & bill payments,551618,294991582.16815025
dadra-&-nagar-haveli-&-daman-&-diu,2021,4,Financial Services,2909,3159306.4175118254
dadra-&-nagar-haveli-&-daman-&-diu,2021,4,Others,11717,6407962.869342193
dadra-&-nagar-haveli-&-daman-&-diu,2022,1,Merchant payments,2507246,1227972829.6970267
dadra-&-nagar-haveli-&-daman-&-diu,2022,1,Peer-to-peer payments,1745454,4674787017.541661
dadra-&-nagar-haveli-&-daman-&-diu,2022,1,Recharge & bill payments,538134,326296370.82357025
dadra-&-nagar-haveli-&-daman-&-diu,2022,1,Financial Services,2574,2661345.5534556974
dadra-&-nagar-haveli-&-daman-&-diu,2022,1,Others,9395,5330803.646676767
dadra-&-nagar-haveli-&-daman-&-diu,2022,2,Merchant payments,3346697,1536859131.3374817
dadra-&-nagar-haveli-&-daman-&-diu,2022,2,Peer-to-peer payments,1861799,5078832140.606572
dadra-&-nagar-haveli-&-daman-&-diu,2022,2,Recharge & bill payments,539562,372921225.4254243
dadra-&-nagar-haveli-&-daman-&-diu,2022,2,Financial Services,1849,2131607.7226029015
dadra-&-nagar-haveli-&-daman-&-diu,2022,2,Others,9864,4415675.718757721
dadra-&-nagar-haveli-&-daman-&-diu,2022,3,Merchant payments,3777156,1705567002.0586467
dadra-&-nagar-haveli-&-daman-&-diu,2022,3,Peer-to-peer payments,2086741,5382949597.510585
dadra-&-nagar-haveli-&-daman-&-diu,2022,3,Recharge & bill payments,592431,425206924.5270094
dadra-&-nagar-haveli-&-daman-&-diu,2022,3,Financial Services,2237,3194409.939898855
dadra-&-nagar-haveli-&-daman-&-diu,2022,3,Others,7056,3729425.46329771
dadra-&-nagar-haveli-&-daman-&-diu,2022,4,Merchant payments,4415771,1889046056.1988354
dadra-&-nagar-haveli-&-daman-&-diu,2022,4,Peer-to-peer payments,2215052,5737539058.403507
dadra-&-nagar-haveli-&-daman-&-diu,2022,4,Recharge & bill payments,548795,426040023.1105018
dadra-&-nagar-haveli-&-daman-&-diu,2022,4,Financial Services,2495,3169199.262533775
dadra-&-nagar-haveli-&-daman-&-diu,2022,4,Others,7472,3846409.1057498828
dadra-&-nagar-haveli-&-daman-&-diu,2023,1,Merchant payments,7184933,2778820380.0
dadra-&-nagar-haveli-&-daman-&-diu,2023,1,Peer-to-peer payments,3623830,9079653826.0
dadra-&-nagar-haveli-&-daman-&-diu,2023,1,Recharge & bill payments,979503,746971431.0
dadra-&-nagar-haveli-&-daman-&-diu,2023,1,Financial Services,3546,2855684.0
dadra-&-nagar-haveli-&-daman-&-diu,2023,1,Others,12173,5789879.0
dadra-&-nagar-haveli-&-daman-&-diu,2023,2,Merchant payments,8331573,3135694669.0
dadra-&-nagar-haveli-&-daman-&-diu,2023,2,Peer-to-peer payments,3962990,9804533561.0
dadra-&-nagar-haveli-&-daman-&-diu,2023,2,Recharge & bill payments,1046280,800283519.0
dadra-&-nagar-haveli-&-daman-&-diu,2023,2,Financial Services,3985,4431276.0
dadra-&-nagar-haveli-&-daman-&-diu,2023,2,Others,12287,5595163.0
dadra-&-nagar-haveli-&-daman-&-diu,2023,3,Merchant payments,9582597,3564710651.0
dadra-&-nagar-haveli-&-daman-&-diu,2023,3,Peer-to-peer payments,4630867,10642329946.0
dadra-&-nagar-haveli-&-daman-&-diu,2023,3,Recharge & bill payments,1139193,878917740.0
dadra-&-nagar-haveli-&-daman-&-diu,2023,3,Financial Services,5572,5268269.0
dadra-&-nagar-haveli-&-daman-&-diu,2023,3,Others,12099,4839857.0
dadra-&-nagar-haveli-&-daman-&-diu,2023,4,Merchant payments,11765508,4318758826.0
dadra-&-nagar-haveli-&-daman-&-diu,2023,4,Peer-to-peer payments,5347152,12234383845.0
dadra-&-nagar-haveli-&-daman-&-diu,2023,4,Recharge & bill payments,1169931,991997355.0
dadra-&-nagar-haveli-&-daman-&-diu,2023,4,Financial Services,5597,7765262.0
dadra-&-nagar-haveli-&-daman-&-diu,2023,4,Others,14185,5154679.0
dadra-&-nagar-haveli-&-daman-&-diu,2024,1,Merchant payments,13631073,4791513247.0
dadra-&-nagar-haveli-&-daman-&-diu,2024,1,Peer-to-peer payments,6113627,13576602170.0
dadra-&-nagar-haveli-&-daman-&-diu,2024,1,Recharge & bill payments,1353851,1135863865.0
dadra-&-nagar-haveli-&-daman-&-diu,2024,1,Financial Services,6748,10924778.0
dadra-&-nagar-haveli-&-daman-&-diu,2024,1,Others,9710,4292265.0
dadra-&-nagar-haveli-&-daman-&-diu,2024,2,Merchant payments,15510300,5152049102.0
dadra-&-nagar-haveli-&-daman-&-diu,2024,2,Peer-to-peer payments,6493955,14085735502.0
dadra-&-nagar-haveli-&-daman-&-diu,2024,2,Recharge & bill payments,1370838,1073613414.0
dadra-&-nagar-haveli-&-daman-&-diu,2024,2,Financial Services,7715,10300178.0
dadra-&-nagar-haveli-&-daman-&-diu,2024,2,Others,10307,7294515.0
dadra-&-nagar-haveli-&-daman-&-diu,2024,3,Merchant payments,16778218,5563348577.0
dadra-&-nagar-haveli-&-daman-&-diu,2024,3,Peer-to-peer payments,7251757,14881287713.0
dadra-&-nagar-haveli-&-daman-&-diu,2024,3,Recharge & bill payments,1397428,1094723407.0
dadra-&-nagar-haveli-&-daman-&-diu,2024,3,Financial Services,10550,15369479.0
dadra-&-nagar-haveli-&-daman-&-diu,2024,3,Others,8317,9902390.0
dadra-&-nagar-haveli-&-daman-&-diu,2024,4,Merchant payments,19213230,6331132984.0
dadra-&-nagar-haveli-&-daman-&-diu,2024,4,Peer-to-peer payments,7882319,16487512787.0
dadra-&-nagar-haveli-&-daman-&-diu,2024,4,Recharge & bill payments,1336160,1107688213.0
dadra-&-nagar-haveli-&-daman-&-diu,2024,4,Financial Services,25423,12601733.0
dadra-&-nagar-haveli-&-daman-&-diu,2024,4,Others,6568,6285744.0
delhi,2018,1,Recharge & bill payments,3947297,1320559612.770412
delhi,2018,1,Peer-to-peer payments,2380820,9125685134.894358
delhi,2018,1,Merchant payments,339809,375393115.19131327
delhi,2018,1,Financial Services,136240,45588429.271575734
delhi,2018,1,Others,318588,344277514.7923026
delhi,2018,2,Recharge & bill payments,4511737,2078183615.8006349
delhi,2018,2,Peer-to-peer payments,3542716,14348179103.109837
delhi,2018,2,Merchant payments,837001,631597790.6002588
delhi,2018,2,Financial Services,205991,66584728.19594695
delhi,2018,2,Others,276278,321754664.4984691
delhi,2018,3,Peer-to-peer payments,8557153,22670122888.868217
delhi,2018,3,Recharge & bill payments,5305635,3261844270.537241
delhi,2018,3,Merchant payments,3808395,1048422633.7093576
delhi,2018,3,Financial Services,274526,45051151.35143036
delhi,2018,3,Others,601339,350405916.1523186
delhi,2018,4,Peer-to-peer payments,9973249,32389252494.75772
delhi,2018,4,Merchant payments,9958967,2738429838.939273
delhi,2018,4,Recharge & bill payments,7483633,3961160542.570066
delhi,2018,4,Financial Services,265004,58162003.43614492
delhi,2018,4,Others,1506866,575852739.0031943
delhi,2019,1,Peer-to-peer payments,20216287,48250023720.99173
delhi,2019,1,Merchant payments,13875931,3996618719.7994804
delhi,2019,1,Recharge & bill payments,10744978,5521320539.356212
delhi,2019,1,Financial Services,223095,30997039.697555833
delhi,2019,1,Others,1947036,670171769.6522964
delhi,2019,2,Merchant payments,20891431,6816878922.844399
delhi,2019,2,Peer-to-peer payments,20570311,65953571241.26435
delhi,2019,2,Recharge & bill payments,12869453,8035701902.391765
delhi,2019,2,Financial Services,137774,33985068.68378611
delhi,2019,2,Others,2702543,866678928.4439986
delhi,2019,3,Merchant payments,29453368,9857221391.940361
delhi,2019,3,Peer-to-peer payments,25201978,81904443496.29778
delhi,2019,3,Recharge & bill payments,11133404,10406524192.884487
delhi,2019,3,Financial Services,92061,27952186.986432005
delhi,2019,3,Others,3657065,1000670778.3478061
delhi,2019,4,Peer-to-peer payments,33040093,105858524152.38443
delhi,2019,4,Merchant payments,32537378,12864577363.070576
delhi,2019,4,Recharge & bill payments,11609898,9500486080.98845
delhi,2019,4,Financial Services,57063,21512527.973989226
delhi,2019,4,Others,3500565,779367300.4732571
delhi,2020,1,Merchant payments,33951545,14470782771.054684
delhi,2020,1,Peer-to-peer payments,32410795,108987600006.3667
delhi,2020,1,Recharge & bill payments,12822919,9498791147.929193
delhi,2020,1,Financial Services,46529,39908838.24852887
delhi,2020,1,Others,2515816,619460878.9909673
delhi,2020,2,Peer-to-peer payments,27155938,86227124454.10175
delhi,2020,2,Merchant payments,24963931,12708327043.868336
delhi,2020,2,Recharge & bill payments,13568505,8699886044.040596
delhi,2020,2,Financial Services,64790,75405868.16164647
delhi,2020,2,Others,288854,162694793.15869594
delhi,2020,3,Peer-to-peer payments,41498638,140074023548.15637
delhi,2020,3,Merchant payments,40973792,21858176583.0589
delhi,2020,3,Recharge & bill payments,13448341,12883226305.336546
delhi,2020,3,Financial Services,85689,114341865.2645722
delhi,2020,3,Others,485401,234194502.8442282
delhi,2020,4,Merchant payments,54581166,31106554562.7951
delhi,2020,4,Peer-to-peer payments,49631928,171546055992.1488
delhi,2020,4,Recharge & bill payments,14862946,12921793576.576857
delhi,2020,4,Financial Services,114862,160007919.76894268
delhi,2020,4,Others,1349515,530676173.2537967
delhi,2021,1,Merchant payments,72615587,39861532639.012344
delhi,2021,1,Peer-to-peer payments,61957428,210823551741.40936
delhi,2021,1,Recharge & bill payments,21164274,15447408658.778738
delhi,2021,1,Financial Services,153039,203106852.42387855
delhi,2021,1,Others,1468676,592745151.8683048
delhi,2021,2,Merchant payments,75620295,42933366743.23575
delhi,2021,2,Peer-to-peer payments,68497718,223034955527.75317
delhi,2021,2,Recharge & bill payments,25026678,15310096462.746447
delhi,2021,2,Financial Services,158170,190019761.49741396
delhi,2021,2,Others,854403,472659189.30861247
delhi,2021,3,Merchant payments,115250887,64006915630.53262
delhi,2021,3,Peer-to-peer payments,93292876,298005532606.47
delhi,2021,3,Recharge & bill payments,28427032,20934734871.908962
delhi,2021,3,Financial Services,144460,220660990.22066334
delhi,2021,3,Others,1645353,690472449.1489255
delhi,2021,4,Merchant payments,149204611,88990516304.07437
delhi,2021,4,Peer-to-peer payments,112380292,376556972334.1598
delhi,2021,4,Recharge & bill payments,30127352,22290161823.248642
delhi,2021,4,Financial Services,199280,287950130.24921745
delhi,2021,4,Others,771824,569713470.6592032
delhi,2022,1,Merchant payments,174454937,98212381475.57239
delhi,2022,1,Peer-to-peer payments,125111881,415305045689.30945
delhi,2022,1,Recharge & bill payments,29435981,22482865572.904938
delhi,2022,1,Financial Services,195184,271039329.10874933
delhi,2022,1,Others,1801878,693588769.393249
delhi,2022,2,Merchant payments,233412802,121657706565.01256
delhi,2022,2,Peer-to-peer payments,143447534,480685895058.7076
delhi,2022,2,Recharge & bill payments,32971294,26876059610.022118
delhi,2022,2,Financial Services,160827,209425798.82013166
delhi,2022,2,Others,641727,426563425.65446466
delhi,2022,3,Merchant payments,276635347,134292748569.06271
delhi,2022,3,Peer-to-peer payments,160580425,509428627035.3385
delhi,2022,3,Recharge & bill payments,37572389,33177115465.46472
delhi,2022,3,Financial Services,195218,265479580.4156591
delhi,2022,3,Others,608782,448676465.8346823
delhi,2022,4,Merchant payments,305621913,153114813286.24423
delhi,2022,4,Peer-to-peer payments,171970100,559069397370.8649
delhi,2022,4,Recharge & bill payments,36775874,31954251758.09231
delhi,2022,4,Financial Services,228639,299454652.77800566
delhi,2022,4,Others,606931,477098950.59646183
delhi,2023,1,Merchant payments,246682850,116053064134.0
delhi,2023,1,Peer-to-peer payments,135403837,460727324748.0
delhi,2023,1,Recharge & bill payments,26976608,33945163887.0
delhi,2023,1,Financial Services,206979,275072622.0
delhi,2023,1,Others,482829,402484189.0
delhi,2023,2,Merchant payments,300493650,126927948779.0
delhi,2023,2,Peer-to-peer payments,151909146,498879007930.0
delhi,2023,2,Recharge & bill payments,29059235,35251178665.0
delhi,2023,2,Financial Services,219538,302441499.0
delhi,2023,2,Others,457429,367938784.0
delhi,2023,3,Merchant payments,347213404,143772297471.0
delhi,2023,3,Peer-to-peer payments,167791074,523701514112.0
delhi,2023,3,Recharge & bill payments,31015600,39925428804.0
delhi,2023,3,Financial Services,275512,439989766.0
delhi,2023,3,Others,411393,360021285.0
delhi,2023,4,Merchant payments,381250463,168766495844.0
delhi,2023,4,Peer-to-peer payments,185276322,588131157564.0
delhi,2023,4,Recharge & bill payments,30903762,41889435437.0
delhi,2023,4,Financial Services,317005,501353917.0
delhi,2023,4,Others,403194,361276587.0
delhi,2024,1,Merchant payments,419098312,183390284466.0
delhi,2024,1,Peer-to-peer payments,197330105,604445932793.0
delhi,2024,1,Recharge & bill payments,33501160,43595822485.0
delhi,2024,1,Financial Services,319041,606216973.0
delhi,2024,1,Others,485440,475774396.0
delhi,2024,2,Merchant payments,519857504,208928942309.0
delhi,2024,2,Peer-to-peer payments,221272475,641147355249.0
delhi,2024,2,Recharge & bill payments,35429237,45318295969.0
delhi,2024,2,Financial Services,376570,743336505.0
delhi,2024,2,Others,604614,779746148.0
delhi,2024,3,Merchant payments,564668341,231032600851.0
delhi,2024,3,Peer-to-peer payments,242786329,672922448569.0
delhi,2024,3,Recharge & bill payments,36462771,52504961937.0
delhi,2024,3,Financial Services,463025,936446162.0
delhi,2024,3,Others,464057,806926069.0
delhi,2024,4,Merchant payments,612111214,261167204054.0
delhi,2024,4,Peer-to-peer payments,261559240,745874399814.0
delhi,2024,4,Recharge & bill payments,35326994,48224664984.0
delhi,2024,4,Financial Services,1115510,932800641.0
delhi,2024,4,Others,430124,861416410.0
goa,2018,1,Recharge & bill payments,85991,18273814.162708722
goa,2018,1,Peer-to-peer payments,59651,268175048.06992978
goa,2018,1,Merchant payments,7880,11036031.735657964
goa,2018,1,Financial Services,1191,520105.642400422
goa,2018,1,Others,6184,5851742.732386975
goa,2018,2,Recharge & bill payments,120943,30994284.17044104
goa,2018,2,Peer-to-peer payments,87878,419492232.52410376
goa,2018,2,Merchant payments,12456,20162855.70611957
goa,2018,2,Financial Services,1903,733429.427283199
goa,2018,2,Others,6395,7221023.530667527
goa,2018,3,Recharge & bill payments,158797,40314972.94208837
goa,2018,3,Peer-to-peer payments,150297,639468418.1317002
goa,2018,3,Merchant payments,21587,26634198.178851012
goa,2018,3,Financial Services,1867,468171.36483984883
goa,2018,3,Others,6963,6281208.620754639
goa,2018,4,Peer-to-peer payments,246426,1021902315.4426756
goa,2018,4,Recharge & bill payments,212122,54832855.89468471
goa,2018,4,Merchant payments,45586,66666113.92145965
goa,2018,4,Financial Services,2523,723599.2328183289
goa,2018,4,Others,8098,8880194.430766659
goa,2019,1,Peer-to-peer payments,378848,1310759847.8146646
goa,2019,1,Recharge & bill payments,275277,78212835.0406034
goa,2019,1,Merchant payments,74527,75946974.41483101
goa,2019,1,Financial Services,2013,499592.0966860995
goa,2019,1,Others,8147,9904147.90979165
goa,2019,2,Peer-to-peer payments,373759,1391933790.7547765
goa,2019,2,Recharge & bill payments,278060,93218689.41694948
goa,2019,2,Merchant payments,104592,92873008.6474504
goa,2019,2,Financial Services,1211,515859.8076807977
goa,2019,2,Others,10819,13325754.760758925
goa,2019,3,Peer-to-peer payments,475178,1704668027.0159788
goa,2019,3,Recharge & bill payments,453806,157952854.9501171
goa,2019,3,Merchant payments,150578,123948570.56857497
goa,2019,3,Financial Services,1510,1282344.8444824044
goa,2019,3,Others,11344,12515394.117688328
goa,2019,4,Peer-to-peer payments,698728,2484453030.31845
goa,2019,4,Recharge & bill payments,552421,205602115.14625147
goa,2019,4,Merchant payments,250893,218404664.8638511
goa,2019,4,Financial Services,1497,649712.8451498008
goa,2019,4,Others,11733,14350825.325765317
goa,2020,1,Peer-to-peer payments,817198,2851686768.653684
goa,2020,1,Recharge & bill payments,678079,244739382.20701858
goa,2020,1,Merchant payments,373110,298421548.1046571
goa,2020,1,Financial Services,1762,1816477.5692472362
goa,2020,1,Others,11088,13707055.389155574
goa,2020,2,Recharge & bill payments,758617,241196540.9379891
goa,2020,2,Peer-to-peer payments,493326,1766723888.2025127
goa,2020,2,Merchant payments,221358,168591711.94693565
goa,2020,2,Financial Services,3081,3328361.317987765
goa,2020,2,Others,5710,3775927.611346662
goa,2020,3,Peer-to-peer payments,759351,2723430713.3444066
goa,2020,3,Recharge & bill payments,696770,280187505.0339355
goa,2020,3,Merchant payments,446880,353193881.4783259
goa,2020,3,Financial Services,4985,6418950.466847964
goa,2020,3,Others,7545,5112530.621144422
goa,2020,4,Peer-to-peer payments,1550251,5407626413.043346
goa,2020,4,Merchant payments,1389834,1123844212.5171819
goa,2020,4,Recharge & bill payments,839199,345088772.3784919
goa,2020,4,Financial Services,7287,10386560.386677971
goa,2020,4,Others,14810,12846789.254236266
goa,2021,1,Peer-to-peer payments,2235456,7553384653.1682
goa,2021,1,Merchant payments,2195509,1768358976.7158575
goa,2021,1,Recharge & bill payments,880682,410604192.7268899
goa,2021,1,Financial Services,8138,12207778.148638733
goa,2021,1,Others,11764,12687278.26183929
goa,2021,2,Merchant payments,1869384,1411529033.6650195
goa,2021,2,Peer-to-peer payments,1866837,6195032351.177256
goa,2021,2,Recharge & bill payments,953219,383804809.3560881
goa,2021,2,Financial Services,8303,12371843.844825167
goa,2021,2,Others,12392,10115549.032816991
goa,2021,3,Merchant payments,2865625,2143135314.897931
goa,2021,3,Peer-to-peer payments,2560305,7871092673.137299
goa,2021,3,Recharge & bill payments,1017351,438838003.22982365
goa,2021,3,Financial Services,8337,12943224.07382146
goa,2021,3,Others,16145,12416377.597493527
goa,2021,4,Merchant payments,5474662,4384250602.937038
goa,2021,4,Peer-to-peer payments,4408822,13618351952.666094
goa,2021,4,Recharge & bill payments,1170180,585734312.4063727
goa,2021,4,Financial Services,11320,17101084.66037453
goa,2021,4,Others,23775,21819163.1997744
goa,2022,1,Merchant payments,6364271,4682000388.389215
goa,2022,1,Peer-to-peer payments,4640380,14449830641.555716
goa,2022,1,Recharge & bill payments,1177071,646403472.1135541
goa,2022,1,Financial Services,11677,17490493.19245399
goa,2022,1,Others,20699,20720407.595174044
goa,2022,2,Merchant payments,7812998,5736211013.6866455
goa,2022,2,Peer-to-peer payments,5097942,16372343177.228306
goa,2022,2,Recharge & bill payments,1279377,738765635.2807853
goa,2022,2,Financial Services,10666,13192736.02810038
goa,2022,2,Others,15071,12525197.296362752
goa,2022,3,Merchant payments,7595135,5112175255.359402
goa,2022,3,Peer-to-peer payments,4449008,13780955270.352726
goa,2022,3,Recharge & bill payments,1122869,657115143.5357426
goa,2022,3,Financial Services,9992,12650738.420843877
goa,2022,3,Others,11683,11368868.03761505
goa,2022,4,Merchant payments,10319138,6739205748.43176
goa,2022,4,Peer-to-peer payments,5652373,17421974714.962345
goa,2022,4,Recharge & bill payments,1195865,734121700.6400625
goa,2022,4,Financial Services,12147,15705663.126967767
goa,2022,4,Others,13151,13978544.178016864
goa,2023,1,Merchant payments,14273665,9074816758.0
goa,2023,1,Peer-to-peer payments,8071768,24773922296.0
goa,2023,1,Recharge & bill payments,1816029,1197558557.0
goa,2023,1,Financial Services,16209,32648574.0
goa,2023,1,Others,17399,18019590.0
goa,2023,2,Merchant payments,15990744,10146039934.0
goa,2023,2,Peer-to-peer payments,8589659,26985284919.0
goa,2023,2,Recharge & bill payments,1917200,1239783487.0
goa,2023,2,Financial Services,17352,25141843.0
goa,2023,2,Others,15635,15956760.0
goa,2023,3,Merchant payments,16565190,10365884105.0
goa,2023,3,Peer-to-peer payments,8489945,25735484138.0
goa,2023,3,Recharge & bill payments,1913363,1234664127.0
goa,2023,3,Financial Services,17422,26274694.0
goa,2023,3,Others,13808,12872910.0
goa,2023,4,Merchant payments,21003656,12478698529.0
goa,2023,4,Peer-to-peer payments,10430430,30342597216.0
goa,2023,4,Recharge & bill payments,1991324,1413113823.0
goa,2023,4,Financial Services,20827,38067531.0
goa,2023,4,Others,14741,15194458.0
goa,2024,1,Merchant payments,22163645,12736252466.0
goa,2024,1,Peer-to-peer payments,10729197,31099473803.0
goa,2024,1,Recharge & bill payments,2087441,1465885657.0
goa,2024,1,Financial Services,20782,37240917.0
goa,2024,1,Others,12922,13047417.0
goa,2024,2,Merchant payments,23908901,13821574623.0
goa,2024,2,Peer-to-peer payments,10933835,32155453858.0
goa,2024,2,Recharge & bill payments,2120776,1419954245.0
goa,2024,2,Financial Services,24891,41870631.0
goa,2024,2,Others,12403,15977355.0
goa,2024,3,Merchant payments,23789645,13663769858.0
goa,2024,3,Peer-to-peer payments,10858222,30761382765.0
goa,2024,3,Recharge & bill payments,2070465,1423628089.0
goa,2024,3,Financial Services,32037,51120538.0
goa,2024,3,Others,11742,13626762.0
goa,2024,4,Merchant payments,30381117,17216927595.0
goa,2024,4,Peer-to-peer payments,13499590,37720460757.0
goa,2024,4,Recharge & bill payments,2166016,1548395751.0
goa,2024,4,Financial Services,71254,55469478.0
goa,2024,4,Others,13559,21335962.0
gujarat,2018,1,Recharge & bill payments,3691952,878929080.9916563
gujarat,2018,1,Peer-to-peer payments,1738974,6318864759.888066
gujarat,2018,1,Merchant payments,145436,166036667.57089135
gujarat,2018,1,Financial Services,122117,27986679.009713165
gujarat,2018,1,Others,250296,186165067.5737218
gujarat,2018,2,Recharge & bill payments,4643367,1571880396.377953
gujarat,2018,2,Peer-to-peer payments,2483231,10009680530.386887
gujarat,2018,2,Merchant payments,275503,356984574.1205573
gujarat,2018,2,Financial Services,140704,38598263.22838031
gujarat,2018,2,Others,202928,185541007.527258
gujarat,2018,3,Peer-to-peer payments,5287200,15272745137.759302
gujarat,2018,3,Recharge & bill payments,5117168,1938041688.9678535
gujarat,2018,3,Merchant payments,573440,466209496.80151117
gujarat,2018,3,Financial Services,136468,24930605.607339725
gujarat,2018,3,Others,219873,164477497.1394802
gujarat,2018,4,Peer-to-peer payments,6488202,21207285184.780193
gujarat,2018,4,Recharge & bill payments,6138404,2297332323.0815277
gujarat,2018,4,Merchant payments,1656377,1088373316.0580251
gujarat,2018,4,Financial Services,133915,30699273.16507
gujarat,2018,4,Others,316405,207297005.69778407
gujarat,2019,1,Peer-to-peer payments,13465044,31231285551.308655
gujarat,2019,1,Recharge & bill payments,8595256,3104251732.6516943
gujarat,2019,1,Merchant payments,2493340,1296376125.1752787
gujarat,2019,1,Financial Services,114539,19581520.569400217
gujarat,2019,1,Others,323272,204585378.77191538
gujarat,2019,2,Peer-to-peer payments,12547493,41853661230.46585
gujarat,2019,2,Recharge & bill payments,10434449,4651874823.428602
gujarat,2019,2,Merchant payments,5486791,2526448415.3585706
gujarat,2019,2,Financial Services,70502,17349813.389733132
gujarat,2019,2,Others,442607,271280936.6247084
gujarat,2019,3,Peer-to-peer payments,14529353,49206585462.018684
gujarat,2019,3,Merchant payments,11788077,4211116461.2911887
gujarat,2019,3,Recharge & bill payments,11349625,5768100024.478059
gujarat,2019,3,Financial Services,78609,20507001.233050577
gujarat,2019,3,Others,482985,256386015.24681717
gujarat,2019,4,Peer-to-peer payments,19107911,64477452638.7778
gujarat,2019,4,Recharge & bill payments,12967713,6517891166.722656
gujarat,2019,4,Merchant payments,9964076,5480269119.720948
gujarat,2019,4,Financial Services,63498,20202767.26414788
gujarat,2019,4,Others,444434,194846362.42851496
gujarat,2020,1,Peer-to-peer payments,19068093,72393727235.07784
gujarat,2020,1,Recharge & bill payments,15648472,7197595156.690899
gujarat,2020,1,Merchant payments,12191478,7210758662.281933
gujarat,2020,1,Financial Services,50753,27460255.45966168
gujarat,2020,1,Others,367621,165535312.39278784
gujarat,2020,2,Recharge & bill payments,19971660,8322688556.990006
gujarat,2020,2,Peer-to-peer payments,17569398,64723140394.22913
gujarat,2020,2,Merchant payments,9645967,7196610931.561442
gujarat,2020,2,Financial Services,59617,53132341.305008195
gujarat,2020,2,Others,173543,92274135.40504411
gujarat,2020,3,Peer-to-peer payments,23130724,89142122337.25531
gujarat,2020,3,Merchant payments,18338969,12749796641.785404
gujarat,2020,3,Recharge & bill payments,17481357,9820654243.80882
gujarat,2020,3,Financial Services,92278,84723188.62104335
gujarat,2020,3,Others,246851,124456073.24163358
gujarat,2020,4,Peer-to-peer payments,29967258,116743230330.36209
gujarat,2020,4,Merchant payments,28430460,20844321156.652935
gujarat,2020,4,Recharge & bill payments,18943669,10441981826.080866
gujarat,2020,4,Financial Services,113371,120056733.8865249
gujarat,2020,4,Others,373789,243470065.45681778
gujarat,2021,1,Peer-to-peer payments,36427493,144818968373.02933
gujarat,2021,1,Merchant payments,35815382,26512643894.003174
gujarat,2021,1,Recharge & bill payments,22088838,11996115292.377842
gujarat,2021,1,Financial Services,126380,137612317.73580322
gujarat,2021,1,Others,316472,235440836.3042438
gujarat,2021,2,Merchant payments,42593432,33542305033.829506
gujarat,2021,2,Peer-to-peer payments,41642387,162483567902.30194
gujarat,2021,2,Recharge & bill payments,27127405,13750783181.944221
gujarat,2021,2,Financial Services,128647,136119996.7022825
gujarat,2021,2,Others,349525,249278437.33914098
gujarat,2021,3,Merchant payments,62934471,48197579736.51646
gujarat,2021,3,Peer-to-peer payments,56134212,208013326600.62402
gujarat,2021,3,Recharge & bill payments,29580901,15945997372.058683
gujarat,2021,3,Financial Services,125167,163304131.1436523
gujarat,2021,3,Others,473656,304418273.24545926
gujarat,2021,4,Merchant payments,84846502,68717933161.8696
gujarat,2021,4,Peer-to-peer payments,67301686,254338740726.63605
gujarat,2021,4,Recharge & bill payments,30072479,18739034341.66239
gujarat,2021,4,Financial Services,175393,209214620.7057898
gujarat,2021,4,Others,591265,377657202.7539646
gujarat,2022,1,Merchant payments,101648378,79563412221.78397
gujarat,2022,1,Peer-to-peer payments,77768758,292439274688.30835
gujarat,2022,1,Recharge & bill payments,30473298,20042066374.66357
gujarat,2022,1,Financial Services,160423,187077879.38466492
gujarat,2022,1,Others,496289,316261089.4073821
gujarat,2022,2,Merchant payments,131610193,95585623258.23604
gujarat,2022,2,Peer-to-peer payments,86423696,326945780476.59766
gujarat,2022,2,Recharge & bill payments,33424931,23844933238.40894
gujarat,2022,2,Financial Services,125180,142685436.4192669
gujarat,2022,2,Others,468796,278978567.1836352
gujarat,2022,3,Merchant payments,161264265,109018764232.99393
gujarat,2022,3,Peer-to-peer payments,103034790,359338045092.0105
gujarat,2022,3,Recharge & bill payments,38383683,28649040040.502144
gujarat,2022,3,Financial Services,152053,162173602.84596294
gujarat,2022,3,Others,404941,269479241.0969004
gujarat,2022,4,Merchant payments,186533503,125585214989.03009
gujarat,2022,4,Peer-to-peer payments,114868478,411053364214.2685
gujarat,2022,4,Recharge & bill payments,39167297,30789927498.953297
gujarat,2022,4,Financial Services,179101,194314203.00804448
gujarat,2022,4,Others,407639,295484431.2780074
gujarat,2023,1,Merchant payments,199359623,123421554216.0
gujarat,2023,1,Peer-to-peer payments,120907384,436337923470.0
gujarat,2023,1,Recharge & bill payments,41649002,37570733166.0
gujarat,2023,1,Financial Services,180163,200278806.0
gujarat,2023,1,Others,415154,295699148.0
gujarat,2023,2,Merchant payments,239396654,135256737974.0
gujarat,2023,2,Peer-to-peer payments,132035120,470150906708.0
gujarat,2023,2,Recharge & bill payments,44902296,39506073738.0
gujarat,2023,2,Financial Services,191053,225104195.0
gujarat,2023,2,Others,397430,268385910.0
gujarat,2023,3,Merchant payments,279651861,155597205179.0
gujarat,2023,3,Peer-to-peer payments,151754885,508236930735.0
gujarat,2023,3,Recharge & bill payments,47284770,43342854631.0
gujarat,2023,3,Financial Services,246300,311377540.0
gujarat,2023,3,Others,365774,248668365.0
gujarat,2023,4,Merchant payments,319459808,179560004574.0
gujarat,2023,4,Peer-to-peer payments,166959749,567135968086.0
gujarat,2023,4,Recharge & bill payments,47046378,47786850776.0
gujarat,2023,4,Financial Services,271611,349727923.0
gujarat,2023,4,Others,378032,254647715.0
gujarat,2024,1,Merchant payments,366409312,201682534095.0
gujarat,2024,1,Peer-to-peer payments,187792836,618453750215.0
gujarat,2024,1,Recharge & bill payments,51744007,50813658532.0
gujarat,2024,1,Financial Services,273979,398254841.0
gujarat,2024,1,Others,356537,271267241.0
gujarat,2024,2,Merchant payments,437221639,222449503863.0
gujarat,2024,2,Peer-to-peer payments,199501081,638163102162.0
gujarat,2024,2,Recharge & bill payments,52968092,49178909419.0
gujarat,2024,2,Financial Services,320563,459744596.0
gujarat,2024,2,Others,383778,373786893.0
gujarat,2024,3,Merchant payments,476512894,238978729415.0
gujarat,2024,3,Peer-to-peer payments,225649266,671907062380.0
gujarat,2024,3,Recharge & bill payments,54584624,51775029765.0
gujarat,2024,3,Financial Services,384648,514500536.0
gujarat,2024,3,Others,309818,376066005.0
gujarat,2024,4,Merchant payments,530043047,271052844680.0
gujarat,2024,4,Peer-to-peer payments,244109941,750880785528.0
gujarat,2024,4,Recharge & bill payments,51838504,53102559360.0
gujarat,2024,4,Financial Services,1091610,557971100.0
gujarat,2024,4,Others,291864,420340754.0
haryana,2018,1,Recharge & bill payments,2368002,535578755.07945114
haryana,2018,1,Peer-to-peer payments,1607193,5814807510.68666
haryana,2018,1,Merchant payments,167816,173513595.3537558
haryana,2018,1,Financial Services,128636,27501068.014126316
haryana,2018,1,Others,209123,242110585.52640373
haryana,2018,2,Recharge & bill payments,3054284,984897276.651981
haryana,2018,2,Peer-to-peer payments,2388953,9745924809.851494
haryana,2018,2,Merchant payments,369916,334118261.45344114
haryana,2018,2,Financial Services,167570,38145882.44180386
haryana,2018,2,Others,170208,217328211.71769944
haryana,2018,3,Peer-to-peer payments,3753981,14429454356.345787
haryana,2018,3,Recharge & bill payments,3203386,1310467515.0605886
haryana,2018,3,Merchant payments,1003057,427387637.9335371
haryana,2018,3,Financial Services,100452,17323790.814170156
haryana,2018,3,Others,201148,190505707.47361812
haryana,2018,4,Peer-to-peer payments,5905032,22416919746.93868
haryana,2018,4,Recharge & bill payments,4116262,1671040703.7317612
haryana,2018,4,Merchant payments,2413446,1013407379.8963095
haryana,2018,4,Financial Services,120711,22252543.62175617
haryana,2018,4,Others,394732,267255642.26742023
haryana,2019,1,Peer-to-peer payments,12622225,30283578836.61907
haryana,2019,1,Recharge & bill payments,5576577,2202061874.5361757
haryana,2019,1,Merchant payments,3361995,1292375556.3150868
haryana,2019,1,Financial Services,101786,15201736.002431491
haryana,2019,1,Others,473192,258437718.15887585
haryana,2019,2,Peer-to-peer payments,10387562,37056084813.57578
haryana,2019,2,Recharge & bill payments,5902923,2838724048.0896106
haryana,2019,2,Merchant payments,5738283,2292901816.1432047
haryana,2019,2,Financial Services,57488,12080285.227121718
haryana,2019,2,Others,655560,301748850.1804938
haryana,2019,3,Peer-to-peer payments,11775288,43738290119.9285
haryana,2019,3,Merchant payments,9386779,3615636827.8118167
haryana,2019,3,Recharge & bill payments,8289987,4817098564.823641
haryana,2019,3,Financial Services,61503,16715100.880217994
haryana,2019,3,Others,829974,301378585.9978597
haryana,2019,4,Peer-to-peer payments,15729819,58242027266.14443
haryana,2019,4,Merchant payments,11615667,5253780278.236426
haryana,2019,4,Recharge & bill payments,9648003,5637358525.756194
haryana,2019,4,Financial Services,41688,13756049.144287623
haryana,2019,4,Others,790808,212797749.81994924
haryana,2020,1,Peer-to-peer payments,17728235,68367245528.07149
haryana,2020,1,Merchant payments,14327020,7075196609.224878
haryana,2020,1,Recharge & bill payments,11346112,6331682016.516322
haryana,2020,1,Financial Services,34488,25266730.1883267
haryana,2020,1,Others,600232,176823674.24305555
haryana,2020,2,Peer-to-peer payments,17334369,66645492690.67839
haryana,2020,2,Recharge & bill payments,12740328,6547618491.532405
haryana,2020,2,Merchant payments,11527654,7393393677.758501
haryana,2020,2,Financial Services,48759,49209527.29146181
haryana,2020,2,Others,129940,75550536.67993587
haryana,2020,3,Peer-to-peer payments,24123449,88796356487.11024
haryana,2020,3,Merchant payments,20845136,12141560866.982178
haryana,2020,3,Recharge & bill payments,12716319,8452802892.504496
haryana,2020,3,Financial Services,66457,80854296.9304013
haryana,2020,3,Others,186818,96375902.20346308
haryana,2020,4,Merchant payments,34063692,21382305452.06797
haryana,2020,4,Peer-to-peer payments,33920789,128613933346.85507
haryana,2020,4,Recharge & bill payments,14682896,9675471300.731653
haryana,2020,4,Financial Services,84881,103265693.75364488
haryana,2020,4,Others,419181,223528573.1334415
haryana,2021,1,Merchant payments,39363588,23389100227.155342
haryana,2021,1,Peer-to-peer payments,36764622,135970636784.61835
haryana,2021,1,Recharge & bill payments,13680353,9260346909.440674
haryana,2021,1,Financial Services,79784,99672809.99228218
haryana,2021,1,Others,364437,218544351.22172093
haryana,2021,2,Merchant payments,45335533,29119078263.957985
haryana,2021,2,Peer-to-peer payments,44086559,161073685336.6668
haryana,2021,2,Recharge & bill payments,15861047,9839496894.971409
haryana,2021,2,Financial Services,85821,97238136.09517692
haryana,2021,2,Others,311896,227855606.99266592
haryana,2021,3,Merchant payments,66885213,40190922826.60629
haryana,2021,3,Peer-to-peer payments,55929958,188548678300.5247
haryana,2021,3,Recharge & bill payments,17087955,11681457468.964512
haryana,2021,3,Financial Services,77496,116592181.46997279
haryana,2021,3,Others,479071,289441481.64370304
haryana,2021,4,Merchant payments,84993587,56325102920.50671
haryana,2021,4,Peer-to-peer payments,66548306,238638993818.09595
haryana,2021,4,Recharge & bill payments,17632752,13817258646.066364
haryana,2021,4,Financial Services,105050,151421306.61683068
haryana,2021,4,Others,407280,307822609.17479354
haryana,2022,1,Merchant payments,98346418,62565728158.2885
haryana,2022,1,Peer-to-peer payments,74499889,263547240999.68338
haryana,2022,1,Recharge & bill payments,18494827,14765350795.965681
haryana,2022,1,Financial Services,107240,146586164.62792295
haryana,2022,1,Others,540235,279136534.21161634
haryana,2022,2,Merchant payments,130033573,76926347115.76375
haryana,2022,2,Peer-to-peer payments,84219451,300504797205.2718
haryana,2022,2,Recharge & bill payments,20011709,17457331653.445232
haryana,2022,2,Financial Services,89805,120610061.5284536
haryana,2022,2,Others,345424,224949213.49711913
haryana,2022,3,Merchant payments,151278013,87063736519.87311
haryana,2022,3,Peer-to-peer payments,95071203,319374569105.9015
haryana,2022,3,Recharge & bill payments,22592966,21247984018.682095
haryana,2022,3,Financial Services,111032,144937203.2864578
haryana,2022,3,Others,308596,223267730.28330007
haryana,2022,4,Merchant payments,169685872,102918159834.12416
haryana,2022,4,Peer-to-peer payments,102993798,364514204185.1917
haryana,2022,4,Recharge & bill payments,23545059,22666085169.84729
haryana,2022,4,Financial Services,118488,152488074.9943577
haryana,2022,4,Others,305148,239722615.94605047
haryana,2023,1,Merchant payments,220693824,114248076004.0
haryana,2023,1,Peer-to-peer payments,128879993,443424820679.0
haryana,2023,1,Recharge & bill payments,31210728,32978369763.0
haryana,2023,1,Financial Services,158036,217615573.0
haryana,2023,1,Others,375883,281741717.0
haryana,2023,2,Merchant payments,275974807,130133751625.0
haryana,2023,2,Peer-to-peer payments,147382711,495834929236.0
haryana,2023,2,Recharge & bill payments,33655091,35262651840.0
haryana,2023,2,Financial Services,172309,259162565.0
haryana,2023,2,Others,351272,251633370.0
haryana,2023,3,Merchant payments,310148821,140917418482.0
haryana,2023,3,Peer-to-peer payments,156760079,498555993196.0
haryana,2023,3,Recharge & bill payments,34105227,37490386949.0
haryana,2023,3,Financial Services,198713,304618547.0
haryana,2023,3,Others,306638,223563566.0
haryana,2023,4,Merchant payments,343440148,167695632461.0
haryana,2023,4,Peer-to-peer payments,175429519,571466808865.0
haryana,2023,4,Recharge & bill payments,35320482,42514330771.0
haryana,2023,4,Financial Services,238826,371355840.0
haryana,2023,4,Others,319258,222356663.0
haryana,2024,1,Merchant payments,376661558,177987462151.0
haryana,2024,1,Peer-to-peer payments,187967904,583735861647.0
haryana,2024,1,Recharge & bill payments,39068051,44295176434.0
haryana,2024,1,Financial Services,256222,477335930.0
haryana,2024,1,Others,339765,292383070.0
haryana,2024,2,Merchant payments,482530215,211396204964.0
haryana,2024,2,Peer-to-peer payments,214457734,647411527784.0
haryana,2024,2,Recharge & bill payments,40862353,45581779106.0
haryana,2024,2,Financial Services,304547,600748740.0
haryana,2024,2,Others,399076,454335006.0
haryana,2024,3,Merchant payments,521289709,224122374449.0
haryana,2024,3,Peer-to-peer payments,231461545,648650534007.0
haryana,2024,3,Recharge & bill payments,41502651,49244659978.0
haryana,2024,3,Financial Services,361554,712626768.0
haryana,2024,3,Others,324761,476486596.0
haryana,2024,4,Merchant payments,554528337,256120928312.0
haryana,2024,4,Peer-to-peer payments,244665075,724617450899.0
haryana,2024,4,Recharge & bill payments,40983335,49974294031.0
haryana,2024,4,Financial Services,906666,717769217.0
haryana,2024,4,Others,310877,528916895.0
himachal-pradesh,2018,1,Recharge & bill payments,284371,49871175.82607427
himachal-pradesh,2018,1,Peer-to-peer payments,154572,546222027.4835303
himachal-pradesh,2018,1,Merchant payments,13241,13851230.83495245
himachal-pradesh,2018,1,Financial Services,8955,2040522.724771278
himachal-pradesh,2018,1,Others,20779,16752849.503009535
himachal-pradesh,2018,2,Recharge & bill payments,385642,83714322.414042
himachal-pradesh,2018,2,Peer-to-peer payments,243436,1043702964.1513071
himachal-pradesh,2018,2,Merchant payments,27851,31961300.882765952
himachal-pradesh,2018,2,Financial Services,11330,4108919.3075577794
himachal-pradesh,2018,2,Others,19436,19681794.59544668
himachal-pradesh,2018,3,Recharge & bill payments,457449,108456077.51862916
himachal-pradesh,2018,3,Peer-to-peer payments,362755,1596570994.985427
himachal-pradesh,2018,3,Merchant payments,40675,31168155.22193054
himachal-pradesh,2018,3,Financial Services,8182,1552275.0537747287
himachal-pradesh,2018,3,Others,17693,16293930.078267336
himachal-pradesh,2018,4,Recharge & bill payments,598325,143031082.4432017
himachal-pradesh,2018,4,Peer-to-peer payments,590518,2367228879.4462624
himachal-pradesh,2018,4,Merchant payments,86963,87575811.80014335
himachal-pradesh,2018,4,Financial Services,11834,2283052.790977265
himachal-pradesh,2018,4,Others,20243,21180141.658664487
himachal-pradesh,2019,1,Peer-to-peer payments,1178280,3066233587.9236507
himachal-pradesh,2019,1,Recharge & bill payments,844570,209521987.03977025
himachal-pradesh,2019,1,Merchant payments,115553,86624660.3112043
himachal-pradesh,2019,1,Financial Services,9585,1424229.9989233727
himachal-pradesh,2019,1,Others,20730,17676977.717503674
himachal-pradesh,2019,2,Peer-to-peer payments,1141873,4428007670.958708
himachal-pradesh,2019,2,Recharge & bill payments,1076793,279864579.97562265
himachal-pradesh,2019,2,Merchant payments,248517,141088575.8726466
himachal-pradesh,2019,2,Financial Services,5013,1453651.5352588107
himachal-pradesh,2019,2,Others,30110,25469495.268363245
himachal-pradesh,2019,3,Recharge & bill payments,1212659,327570066.9967147
himachal-pradesh,2019,3,Peer-to-peer payments,1181680,5039276845.295213
himachal-pradesh,2019,3,Merchant payments,312575,182746198.16430056
himachal-pradesh,2019,3,Financial Services,3096,1775673.9713265826
himachal-pradesh,2019,3,Others,25170,20649996.69578039
himachal-pradesh,2019,4,Peer-to-peer payments,1579582,6533855301.069828
himachal-pradesh,2019,4,Recharge & bill payments,1442940,402619114.99428564
himachal-pradesh,2019,4,Merchant payments,467309,314965060.6352696
himachal-pradesh,2019,4,Financial Services,4576,1769641.9665086274
himachal-pradesh,2019,4,Others,22239,17954418.582290154
himachal-pradesh,2020,1,Recharge & bill payments,1815157,542356756.9678606
himachal-pradesh,2020,1,Peer-to-peer payments,1594806,6431826925.118802
himachal-pradesh,2020,1,Merchant payments,711018,427497010.10439825
himachal-pradesh,2020,1,Financial Services,4711,3172303.6900622216
himachal-pradesh,2020,1,Others,18788,14613755.241563875
himachal-pradesh,2020,2,Recharge & bill payments,2558935,802231470.1628922
himachal-pradesh,2020,2,Peer-to-peer payments,1544488,6738488218.640328
himachal-pradesh,2020,2,Merchant payments,570031,479165630.6102103
himachal-pradesh,2020,2,Financial Services,7634,7359757.737539303
himachal-pradesh,2020,2,Others,14642,9659685.392965626
himachal-pradesh,2020,3,Recharge & bill payments,2416395,834567922.2742614
himachal-pradesh,2020,3,Peer-to-peer payments,1954492,8806586536.659174
himachal-pradesh,2020,3,Merchant payments,1090445,851539467.337558
himachal-pradesh,2020,3,Financial Services,9543,11391079.288736572
himachal-pradesh,2020,3,Others,19001,11969008.527252048
himachal-pradesh,2020,4,Recharge & bill payments,2638030,936305777.7250878
himachal-pradesh,2020,4,Peer-to-peer payments,2594659,11426268857.229637
himachal-pradesh,2020,4,Merchant payments,2001259,1589433440.2684097
himachal-pradesh,2020,4,Financial Services,11353,15534252.217986543
himachal-pradesh,2020,4,Others,27027,21510781.37178286
himachal-pradesh,2021,1,Peer-to-peer payments,2845733,11358078843.572702
himachal-pradesh,2021,1,Recharge & bill payments,2547359,948929031.6443391
himachal-pradesh,2021,1,Merchant payments,2186946,1778219850.8347864
himachal-pradesh,2021,1,Financial Services,12561,16554205.504427344
himachal-pradesh,2021,1,Others,21430,18764977.931273177
himachal-pradesh,2021,2,Peer-to-peer payments,3340531,13035543546.66397
himachal-pradesh,2021,2,Recharge & bill payments,3216602,1045789841.916208
himachal-pradesh,2021,2,Merchant payments,2883209,2378084375.199477
himachal-pradesh,2021,2,Financial Services,14642,16428390.62373627
himachal-pradesh,2021,2,Others,28918,19788385.405835297
himachal-pradesh,2021,3,Peer-to-peer payments,4455153,16560383923.204865
himachal-pradesh,2021,3,Merchant payments,4198808,3524434949.634083
himachal-pradesh,2021,3,Recharge & bill payments,3359406,1178802736.5280356
himachal-pradesh,2021,3,Financial Services,14497,22805774.600357123
himachal-pradesh,2021,3,Others,36303,23834687.160697926
himachal-pradesh,2021,4,Merchant payments,6062931,5228613146.743451
himachal-pradesh,2021,4,Peer-to-peer payments,5323397,19568394324.584805
himachal-pradesh,2021,4,Recharge & bill payments,3211367,1278824361.837138
himachal-pradesh,2021,4,Financial Services,18198,24809740.714031782
himachal-pradesh,2021,4,Others,50971,35578926.74639452
himachal-pradesh,2022,1,Merchant payments,7030946,5558905677.966259
himachal-pradesh,2022,1,Peer-to-peer payments,5718936,19473276901.331963
himachal-pradesh,2022,1,Recharge & bill payments,3271665,1429960686.7669475
himachal-pradesh,2022,1,Financial Services,19314,24442138.15399971
himachal-pradesh,2022,1,Others,47319,31862035.713640407
himachal-pradesh,2022,2,Merchant payments,10591420,7697399368.089639
himachal-pradesh,2022,2,Peer-to-peer payments,7109948,24407668318.014194
himachal-pradesh,2022,2,Recharge & bill payments,3520538,1553155243.3951051
himachal-pradesh,2022,2,Financial Services,16901,20627276.079190243
himachal-pradesh,2022,2,Others,52564,30257752.66416522
himachal-pradesh,2022,3,Merchant payments,12686960,8511266152.669347
himachal-pradesh,2022,3,Peer-to-peer payments,8330778,27039659316.468132
himachal-pradesh,2022,3,Recharge & bill payments,4083168,1780405740.3941154
himachal-pradesh,2022,3,Financial Services,21293,22686931.870640453
himachal-pradesh,2022,3,Others,42669,26764547.138168834
himachal-pradesh,2022,4,Merchant payments,15297492,10280295883.656351
himachal-pradesh,2022,4,Peer-to-peer payments,9284824,29629346091.977356
himachal-pradesh,2022,4,Recharge & bill payments,3907023,1810538524.3215194
himachal-pradesh,2022,4,Financial Services,24342,31775337.436365627
himachal-pradesh,2022,4,Others,41455,27387394.982090995
himachal-pradesh,2023,1,Merchant payments,14694013,9023136407.0
himachal-pradesh,2023,1,Peer-to-peer payments,8637695,26709451358.0
himachal-pradesh,2023,1,Recharge & bill payments,3901516,1950250571.0
himachal-pradesh,2023,1,Financial Services,25722,30757925.0
himachal-pradesh,2023,1,Others,42780,27351473.0
himachal-pradesh,2023,2,Merchant payments,19954117,11643011071.0
himachal-pradesh,2023,2,Peer-to-peer payments,10781507,33008088763.0
himachal-pradesh,2023,2,Recharge & bill payments,4247339,2159052653.0
himachal-pradesh,2023,2,Financial Services,27709,34689932.0
himachal-pradesh,2023,2,Others,50923,30221299.0
himachal-pradesh,2023,3,Merchant payments,19233611,10559011464.0
himachal-pradesh,2023,3,Peer-to-peer payments,9983786,29239694406.0
himachal-pradesh,2023,3,Recharge & bill payments,4046932,1991652882.0
himachal-pradesh,2023,3,Financial Services,27958,41972330.0
himachal-pradesh,2023,3,Others,44767,22240555.0
himachal-pradesh,2023,4,Merchant payments,23387107,12903037462.0
himachal-pradesh,2023,4,Peer-to-peer payments,11365164,33158062287.0
himachal-pradesh,2023,4,Recharge & bill payments,3816711,2143949720.0
himachal-pradesh,2023,4,Financial Services,33097,51956047.0
himachal-pradesh,2023,4,Others,49760,23241048.0
himachal-pradesh,2024,1,Merchant payments,23888813,12955779718.0
himachal-pradesh,2024,1,Peer-to-peer payments,11704961,32645830060.0
himachal-pradesh,2024,1,Recharge & bill payments,3859407,2212162426.0
himachal-pradesh,2024,1,Financial Services,30691,48981227.0
himachal-pradesh,2024,1,Others,36689,21477908.0
himachal-pradesh,2024,2,Merchant payments,33432764,17005142646.0
himachal-pradesh,2024,2,Peer-to-peer payments,14843874,40268257987.0
himachal-pradesh,2024,2,Recharge & bill payments,4230908,2481006839.0
himachal-pradesh,2024,2,Financial Services,36023,61908319.0
himachal-pradesh,2024,2,Others,40232,33424911.0
himachal-pradesh,2024,3,Merchant payments,31048392,15876449590.0
himachal-pradesh,2024,3,Peer-to-peer payments,14484420,38181559423.0
himachal-pradesh,2024,3,Recharge & bill payments,4131536,2449198130.0
himachal-pradesh,2024,3,Financial Services,44777,72816126.0
himachal-pradesh,2024,3,Others,28424,35918329.0
himachal-pradesh,2024,4,Merchant payments,34093853,18651098385.0
himachal-pradesh,2024,4,Peer-to-peer payments,15691651,42533547817.0
himachal-pradesh,2024,4,Recharge & bill payments,3857052,2426494040.0
himachal-pradesh,2024,4,Financial Services,129364,92305168.0
himachal-pradesh,2024,4,Others,26478,33550824.0
jammu-&-kashmir,2018,1,Recharge & bill payments,457813,78812610.35129012
jammu-&-kashmir,2018,1,Peer-to-peer payments,353621,861670157.9310012
jammu-&-kashmir,2018,1,Financial Services,65683,10269382.6199755
jammu-&-kashmir,2018,1,Merchant payments,28696,30967525.638810236
jammu-&-kashmir,2018,1,Others,35755,23651562.715049967
jammu-&-kashmir,2018,2,Recharge & bill payments,794502,166762242.91718757
jammu-&-kashmir,2018,2,Peer-to-peer payments,771844,2372961687.5536175
jammu-&-kashmir,2018,2,Financial Services,112422,15636116.81386063
jammu-&-kashmir,2018,2,Merchant payments,79248,64454257.5252622
jammu-&-kashmir,2018,2,Others,38310,31391931.692946266
jammu-&-kashmir,2018,3,Peer-to-peer payments,1260453,3616022745.5645847
jammu-&-kashmir,2018,3,Recharge & bill payments,822143,203079955.34644008
jammu-&-kashmir,2018,3,Merchant payments,140076,82826475.18797052
jammu-&-kashmir,2018,3,Financial Services,44464,6397888.3546260595
jammu-&-kashmir,2018,3,Others,36825,26373935.004048545
jammu-&-kashmir,2018,4,Peer-to-peer payments,1265457,5151829745.262983
jammu-&-kashmir,2018,4,Recharge & bill payments,970724,254473764.00233167
jammu-&-kashmir,2018,4,Merchant payments,402303,215771001.5429565
jammu-&-kashmir,2018,4,Financial Services,33775,6072177.152358056
jammu-&-kashmir,2018,4,Others,49051,36573577.73688933
jammu-&-kashmir,2019,1,Peer-to-peer payments,1913720,5414709531.836735
jammu-&-kashmir,2019,1,Recharge & bill payments,1131953,302663112.8884805
jammu-&-kashmir,2019,1,Merchant payments,452379,199219534.93760535
jammu-&-kashmir,2019,1,Financial Services,43247,4593545.201922052
jammu-&-kashmir,2019,1,Others,43688,30649751.65627311
jammu-&-kashmir,2019,2,Peer-to-peer payments,1180781,5666318253.462076
jammu-&-kashmir,2019,2,Recharge & bill payments,706569,215937468.94414753
jammu-&-kashmir,2019,2,Merchant payments,353678,188931529.4882364
jammu-&-kashmir,2019,2,Financial Services,22663,2652961.353697454
jammu-&-kashmir,2019,2,Others,32664,26301988.31534837
jammu-&-kashmir,2019,3,Peer-to-peer payments,618694,3499425217.9582095
jammu-&-kashmir,2019,3,Recharge & bill payments,318061,111964437.03321175
jammu-&-kashmir,2019,3,Merchant payments,165115,120736230.08884756
jammu-&-kashmir,2019,3,Financial Services,2895,658515.8825482852
jammu-&-kashmir,2019,3,Others,11761,11446090.81965122
jammu-&-kashmir,2019,4,Peer-to-peer payments,310620,1799955855.9714913
jammu-&-kashmir,2019,4,Merchant payments,91303,77859073.82317376
jammu-&-kashmir,2019,4,Recharge & bill payments,84803,49065907.04578097
jammu-&-kashmir,2019,4,Financial Services,197,213741.2862032762
jammu-&-kashmir,2019,4,Others,3005,2601419.6959477984
jammu-&-kashmir,2020,1,Peer-to-peer payments,435154,2654638582.0865793
jammu-&-kashmir,2020,1,Recharge & bill payments,341357,144213068.71202034
jammu-&-kashmir,2020,1,Merchant payments,135241,131144418.96503358
jammu-&-kashmir,2020,1,Financial Services,2350,2116665.1182805505
jammu-&-kashmir,2020,1,Others,7528,5530441.652102945
jammu-&-kashmir,2020,2,Peer-to-peer payments,1238380,7426818530.258213
jammu-&-kashmir,2020,2,Recharge & bill payments,1028741,413037418.32063264
jammu-&-kashmir,2020,2,Merchant payments,341375,403026357.7674071
jammu-&-kashmir,2020,2,Financial Services,9130,10415041.341445928
jammu-&-kashmir,2020,2,Others,17380,12351591.57084975
jammu-&-kashmir,2020,3,Peer-to-peer payments,1787154,10837119046.792652
jammu-&-kashmir,2020,3,Recharge & bill payments,1005745,443743222.500647
jammu-&-kashmir,2020,3,Merchant payments,642688,667957476.4350253
jammu-&-kashmir,2020,3,Financial Services,10111,13281733.802213533
jammu-&-kashmir,2020,3,Others,20200,15128281.341935568
jammu-&-kashmir,2020,4,Peer-to-peer payments,2378539,13736841259.979288
jammu-&-kashmir,2020,4,Recharge & bill payments,1900075,536741118.30199385
jammu-&-kashmir,2020,4,Merchant payments,1377786,1045006123.4596367
jammu-&-kashmir,2020,4,Financial Services,13578,17966592.697469097
jammu-&-kashmir,2020,4,Others,84466,44350708.939814664
jammu-&-kashmir,2021,1,Peer-to-peer payments,2800201,14801220301.14875
jammu-&-kashmir,2021,1,Recharge & bill payments,2554798,663747765.6760966
jammu-&-kashmir,2021,1,Merchant payments,1527253,1605408313.4781337
jammu-&-kashmir,2021,1,Financial Services,17276,20848657.8594191
jammu-&-kashmir,2021,1,Others,98042,47124854.989329115
jammu-&-kashmir,2021,2,Peer-to-peer payments,3955437,19502438177.8094
jammu-&-kashmir,2021,2,Recharge & bill payments,3568970,892467613.5545956
jammu-&-kashmir,2021,2,Merchant payments,2378307,2343370985.5822287
jammu-&-kashmir,2021,2,Financial Services,19432,21897796.187056318
jammu-&-kashmir,2021,2,Others,105673,53580855.45836207
jammu-&-kashmir,2021,3,Peer-to-peer payments,5621108,26562997915.198593
jammu-&-kashmir,2021,3,Recharge & bill payments,4192099,1126801385.0108979
jammu-&-kashmir,2021,3,Merchant payments,3197489,3818849262.990345
jammu-&-kashmir,2021,3,Financial Services,16071,27585395.493344467
jammu-&-kashmir,2021,3,Others,124274,62209689.3389434
jammu-&-kashmir,2021,4,Peer-to-peer payments,6852001,31444247707.630074
jammu-&-kashmir,2021,4,Merchant payments,5399465,6026170895.591109
jammu-&-kashmir,2021,4,Recharge & bill payments,4358892,1334473410.4377313
jammu-&-kashmir,2021,4,Financial Services,20269,34425387.51761782
jammu-&-kashmir,2021,4,Others,160001,86920024.59513804
jammu-&-kashmir,2022,1,Peer-to-peer payments,6263588,25881919928.642838
jammu-&-kashmir,2022,1,Merchant payments,5769426,5903944370.148529
jammu-&-kashmir,2022,1,Recharge & bill payments,4046350,1253753685.6124904
jammu-&-kashmir,2022,1,Financial Services,20506,28915576.119299565
jammu-&-kashmir,2022,1,Others,145441,79330065.6359112
jammu-&-kashmir,2022,2,Merchant payments,9917899,8541811640.294408
jammu-&-kashmir,2022,2,Peer-to-peer payments,8948548,35973490940.6326
jammu-&-kashmir,2022,2,Recharge & bill payments,4759941,1631580783.9159238
jammu-&-kashmir,2022,2,Financial Services,17495,23857762.100494668
jammu-&-kashmir,2022,2,Others,169864,83549709.69216739
jammu-&-kashmir,2022,3,Merchant payments,9594459,8056512904.560925
jammu-&-kashmir,2022,3,Peer-to-peer payments,8391981,31280124357.943665
jammu-&-kashmir,2022,3,Recharge & bill payments,4397779,1538833023.8071973
jammu-&-kashmir,2022,3,Financial Services,16502,21281997.61037215
jammu-&-kashmir,2022,3,Others,133673,66802218.32606816
jammu-&-kashmir,2022,4,Merchant payments,13060020,9463119176.828749
jammu-&-kashmir,2022,4,Peer-to-peer payments,9209773,33017162449.59025
jammu-&-kashmir,2022,4,Recharge & bill payments,4885856,1738113554.2451303
jammu-&-kashmir,2022,4,Financial Services,17803,26804683.92881795
jammu-&-kashmir,2022,4,Others,142706,70096050.90090424
jammu-&-kashmir,2023,1,Merchant payments,19258641,12262102502.0
jammu-&-kashmir,2023,1,Peer-to-peer payments,12527159,41006666634.0
jammu-&-kashmir,2023,1,Recharge & bill payments,6894943,2522356131.0
jammu-&-kashmir,2023,1,Financial Services,26119,30772190.0
jammu-&-kashmir,2023,1,Others,220382,99850124.0
jammu-&-kashmir,2023,2,Merchant payments,27968919,16519042612.0
jammu-&-kashmir,2023,2,Peer-to-peer payments,17988275,56687068768.0
jammu-&-kashmir,2023,2,Recharge & bill payments,8374394,3181150839.0
jammu-&-kashmir,2023,2,Financial Services,27724,36616737.0
jammu-&-kashmir,2023,2,Others,228987,106126424.0
jammu-&-kashmir,2023,3,Merchant payments,33831979,20030764520.0
jammu-&-kashmir,2023,3,Peer-to-peer payments,20589029,62320529579.0
jammu-&-kashmir,2023,3,Recharge & bill payments,9247909,3508619105.0
jammu-&-kashmir,2023,3,Financial Services,31473,61895606.0
jammu-&-kashmir,2023,3,Others,203189,94339616.0
jammu-&-kashmir,2023,4,Merchant payments,38724913,23286334977.0
jammu-&-kashmir,2023,4,Peer-to-peer payments,20930306,65658312220.0
jammu-&-kashmir,2023,4,Recharge & bill payments,9268356,3954471487.0
jammu-&-kashmir,2023,4,Financial Services,36281,80127905.0
jammu-&-kashmir,2023,4,Others,207276,90895171.0
jammu-&-kashmir,2024,1,Merchant payments,44039688,26132817115.0
jammu-&-kashmir,2024,1,Peer-to-peer payments,21676857,63494530507.0
jammu-&-kashmir,2024,1,Recharge & bill payments,9191925,4183099352.0
jammu-&-kashmir,2024,1,Financial Services,36970,77808277.0
jammu-&-kashmir,2024,1,Others,170915,72673690.0
jammu-&-kashmir,2024,2,Merchant payments,67028884,36427331951.0
jammu-&-kashmir,2024,2,Peer-to-peer payments,30553524,87708294314.0
jammu-&-kashmir,2024,2,Recharge & bill payments,10377382,4725535622.0
jammu-&-kashmir,2024,2,Financial Services,51851,118499860.0
jammu-&-kashmir,2024,2,Others,167373,82095164.0
jammu-&-kashmir,2024,3,Merchant payments,72762518,40065179721.0
jammu-&-kashmir,2024,3,Peer-to-peer payments,35411991,98957280136.0
jammu-&-kashmir,2024,3,Recharge & bill payments,11191575,5221833445.0
jammu-&-kashmir,2024,3,Financial Services,62311,146900251.0
jammu-&-kashmir,2024,3,Others,126893,79152424.0
jammu-&-kashmir,2024,4,Merchant payments,77746893,45801663532.0
jammu-&-kashmir,2024,4,Peer-to-peer payments,37314662,109794685213.0
jammu-&-kashmir,2024,4,Recharge & bill payments,10916802,5152602988.0
jammu-&-kashmir,2024,4,Financial Services,180612,129044033.0
jammu-&-kashmir,2024,4,Others,102248,72984966.0
jharkhand,2018,1,Recharge & bill payments,1095857,132181815.28422523
jharkhand,2018,1,Peer-to-peer payments,809459,2036315435.6551185
jharkhand,2018,1,Financial Services,107755,45483178.104925826
jharkhand,2018,1,Merchant payments,66299,66465337.511485815
jharkhand,2018,1,Others,99551,93740623.36363094
jharkhand,2018,2,Recharge & bill payments,1398777,208894647.78855115
jharkhand,2018,2,Peer-to-peer payments,1375872,4205862516.777491
jharkhand,2018,2,Financial Services,160637,65554548.24621317
jharkhand,2018,2,Merchant payments,130339,138889079.16124776
jharkhand,2018,2,Others,86455,102374867.08935027
jharkhand,2018,3,Peer-to-peer payments,6003688,8142915751.203348
jharkhand,2018,3,Recharge & bill payments,1539476,256930062.20347697
jharkhand,2018,3,Merchant payments,287427,155059935.04035243
jharkhand,2018,3,Financial Services,216343,38182603.57787939
jharkhand,2018,3,Others,75687,68483065.67956133
jharkhand,2018,4,Peer-to-peer payments,3325473,9414019816.80093
jharkhand,2018,4,Recharge & bill payments,1885135,328077093.4784577
jharkhand,2018,4,Merchant payments,845956,373435992.4816617
jharkhand,2018,4,Financial Services,136918,36357465.52244099
jharkhand,2018,4,Others,90561,90026272.83887212
jharkhand,2019,1,Peer-to-peer payments,5952105,12664709652.347084
jharkhand,2019,1,Recharge & bill payments,2347079,440323945.0577217
jharkhand,2019,1,Merchant payments,892826,391616776.11217976
jharkhand,2019,1,Financial Services,105558,47227410.81132864
jharkhand,2019,1,Others,90140,83358664.9497917
jharkhand,2019,2,Peer-to-peer payments,5155937,17044444613.808352
jharkhand,2019,2,Recharge & bill payments,2734377,562210324.8161657
jharkhand,2019,2,Merchant payments,2049311,862186711.5217196
jharkhand,2019,2,Financial Services,67479,51588987.16245511
jharkhand,2019,2,Others,121107,102270668.23762833
jharkhand,2019,3,Peer-to-peer payments,5708187,19050145624.077984
jharkhand,2019,3,Merchant payments,4766457,1494546030.8330803
jharkhand,2019,3,Recharge & bill payments,3527625,754845093.6112013
jharkhand,2019,3,Financial Services,103620,80276391.6477037
jharkhand,2019,3,Others,114758,86160853.1891717
jharkhand,2019,4,Peer-to-peer payments,10301226,25360155657.218044
jharkhand,2019,4,Recharge & bill payments,4390094,966539484.5717083
jharkhand,2019,4,Merchant payments,3359590,1725990595.6016066
jharkhand,2019,4,Financial Services,104630,45850806.127185926
jharkhand,2019,4,Others,93078,49211833.15857271
jharkhand,2020,1,Peer-to-peer payments,8196850,29875044416.372463
jharkhand,2020,1,Recharge & bill payments,5454093,1358517296.9653778
jharkhand,2020,1,Merchant payments,4499942,2298726414.666834
jharkhand,2020,1,Financial Services,46483,31523887.510064334
jharkhand,2020,1,Others,85345,47420137.7540625
jharkhand,2020,2,Peer-to-peer payments,8724053,32662370316.521744
jharkhand,2020,2,Recharge & bill payments,7538593,1987320466.8540502
jharkhand,2020,2,Merchant payments,3753633,2662438204.2556615
jharkhand,2020,2,Financial Services,56553,130249402.00867195
jharkhand,2020,2,Others,68679,43823586.28346999
jharkhand,2020,3,Peer-to-peer payments,11984094,43128110246.27049
jharkhand,2020,3,Merchant payments,7728846,5163578368.000801
jharkhand,2020,3,Recharge & bill payments,7211293,2217657034.9022017
jharkhand,2020,3,Financial Services,56918,63233533.18627854
jharkhand,2020,3,Others,87322,50036637.653871216
jharkhand,2020,4,Peer-to-peer payments,17120664,60733288288.10599
jharkhand,2020,4,Merchant payments,14168381,9347677563.842455
jharkhand,2020,4,Recharge & bill payments,7945996,2582828438.736846
jharkhand,2020,4,Financial Services,60989,63947540.001266286
jharkhand,2020,4,Others,135603,77432999.35699823
jharkhand,2021,1,Peer-to-peer payments,19151083,69198235576.72797
jharkhand,2021,1,Merchant payments,17489113,11545580927.24733
jharkhand,2021,1,Recharge & bill payments,7826608,2888409672.132301
jharkhand,2021,1,Financial Services,50526,54836609.32711602
jharkhand,2021,1,Others,104333,62290337.70487929
jharkhand,2021,2,Peer-to-peer payments,24184568,86037113965.37598
jharkhand,2021,2,Merchant payments,19041292,14731458451.37311
jharkhand,2021,2,Recharge & bill payments,10583445,3531023352.488878
jharkhand,2021,2,Financial Services,54379,57959229.95440879
jharkhand,2021,2,Others,138461,75088312.26558907
jharkhand,2021,3,Peer-to-peer payments,30113326,97742557031.75543
jharkhand,2021,3,Merchant payments,29687162,19954619973.19194
jharkhand,2021,3,Recharge & bill payments,10742405,4029136911.757236
jharkhand,2021,3,Financial Services,51289,65035270.30823113
jharkhand,2021,3,Others,201520,99665931.8402131
jharkhand,2021,4,Merchant payments,45007900,30397134744.16734
jharkhand,2021,4,Peer-to-peer payments,39476282,130461675107.99458
jharkhand,2021,4,Recharge & bill payments,11173974,4920513757.583611
jharkhand,2021,4,Financial Services,72802,82938673.40787342
jharkhand,2021,4,Others,278084,154856720.55251962
jharkhand,2022,1,Merchant payments,53218047,35404682302.81973
jharkhand,2022,1,Peer-to-peer payments,45881799,153327336656.7779
jharkhand,2022,1,Recharge & bill payments,11502811,5765898871.819412
jharkhand,2022,1,Financial Services,67502,72095750.37612481
jharkhand,2022,1,Others,241051,130193505.37404194
jharkhand,2022,2,Merchant payments,67435024,44149892984.34711
jharkhand,2022,2,Peer-to-peer payments,52086790,175208899196.82
jharkhand,2022,2,Recharge & bill payments,13145888,6119623547.3009
jharkhand,2022,2,Financial Services,50361,53281830.624961995
jharkhand,2022,2,Others,207212,104530269.04482636
jharkhand,2022,3,Merchant payments,74816586,45850919744.1592
jharkhand,2022,3,Peer-to-peer payments,57285937,176549466282.04382
jharkhand,2022,3,Recharge & bill payments,14462031,6838978157.223744
jharkhand,2022,3,Financial Services,68467,69016067.83164982
jharkhand,2022,3,Others,182311,104503812.69942513
jharkhand,2022,4,Merchant payments,91863987,57173653531.6919
jharkhand,2022,4,Peer-to-peer payments,68045210,212953650396.96683
jharkhand,2022,4,Recharge & bill payments,15110623,7625380765.3711195
jharkhand,2022,4,Financial Services,81074,89276259.66683595
jharkhand,2022,4,Others,199198,129776494.88471407
jharkhand,2023,1,Merchant payments,126431470,72343574616.0
jharkhand,2023,1,Peer-to-peer payments,91879570,283548545074.0
jharkhand,2023,1,Recharge & bill payments,21800176,11236559383.0
jharkhand,2023,1,Financial Services,99366,97678666.0
jharkhand,2023,1,Others,247521,144978282.0
jharkhand,2023,2,Merchant payments,156552949,85510419374.0
jharkhand,2023,2,Peer-to-peer payments,107475200,324260678898.0
jharkhand,2023,2,Recharge & bill payments,24866991,12206164188.0
jharkhand,2023,2,Financial Services,101922,101245470.0
jharkhand,2023,2,Others,236831,136219578.0
jharkhand,2023,3,Merchant payments,176986470,87850272164.0
jharkhand,2023,3,Peer-to-peer payments,116215262,317385101261.0
jharkhand,2023,3,Recharge & bill payments,24694215,12857936385.0
jharkhand,2023,3,Financial Services,126439,166648089.0
jharkhand,2023,3,Others,215040,124466121.0
jharkhand,2023,4,Merchant payments,210139266,107902251886.0
jharkhand,2023,4,Peer-to-peer payments,138921302,375782050730.0
jharkhand,2023,4,Recharge & bill payments,25084140,14700179395.0
jharkhand,2023,4,Financial Services,157092,207103239.0
jharkhand,2023,4,Others,236562,128519675.0
jharkhand,2024,1,Merchant payments,240943119,122973605850.0
jharkhand,2024,1,Peer-to-peer payments,157370906,420040441815.0
jharkhand,2024,1,Recharge & bill payments,28096898,16341675108.0
jharkhand,2024,1,Financial Services,146719,249733168.0
jharkhand,2024,1,Others,201453,114781132.0
jharkhand,2024,2,Merchant payments,292972037,143912881957.0
jharkhand,2024,2,Peer-to-peer payments,175846356,458805291316.0
jharkhand,2024,2,Recharge & bill payments,30493851,16999992739.0
jharkhand,2024,2,Financial Services,173960,269689641.0
jharkhand,2024,2,Others,199667,128066838.0
jharkhand,2024,3,Merchant payments,308078784,144012840378.0
jharkhand,2024,3,Peer-to-peer payments,185983240,447316673287.0
jharkhand,2024,3,Recharge & bill payments,28125714,18109397263.0
jharkhand,2024,3,Financial Services,227984,354292146.0
jharkhand,2024,3,Others,160161,116337518.0
jharkhand,2024,4,Merchant payments,346886286,168140534443.0
jharkhand,2024,4,Peer-to-peer payments,211165735,516149821202.0
jharkhand,2024,4,Recharge & bill payments,28025030,19206954971.0
jharkhand,2024,4,Financial Services,670523,377570884.0
jharkhand,2024,4,Others,157112,135619534.0
karnataka,2018,1,Recharge & bill payments,5785292,1496816541.9710202
karnataka,2018,1,Peer-to-peer payments,4456528,16522277460.174664
karnataka,2018,1,Merchant payments,1089627,696586489.2644083
karnataka,2018,1,Financial Services,159848,52664837.407078
karnataka,2018,1,Others,525604,449549985.19633806
karnataka,2018,2,Recharge & bill payments,7391926,2435924808.0540595
karnataka,2018,2,Peer-to-peer payments,7164836,29135024501.319633
karnataka,2018,2,Merchant payments,1874383,1361967204.9193478
karnataka,2018,2,Financial Services,194363,93244737.61226672
karnataka,2018,2,Others,490939,489418829.39568377
karnataka,2018,3,Peer-to-peer payments,12863507,42819128165.14718
karnataka,2018,3,Recharge & bill payments,8674172,3019156590.415938
karnataka,2018,3,Merchant payments,3638065,1879406580.5386481
karnataka,2018,3,Financial Services,205740,50726023.40346949
karnataka,2018,3,Others,598777,456674396.3028466
karnataka,2018,4,Peer-to-peer payments,20471744,63575342228.05887
karnataka,2018,4,Merchant payments,11812478,4751317554.815564
karnataka,2018,4,Recharge & bill payments,11426205,4030978295.062695
karnataka,2018,4,Financial Services,289353,71134704.79416475
karnataka,2018,4,Others,812291,579613793.3366778
karnataka,2019,1,Peer-to-peer payments,44049036,104118436760.31566
karnataka,2019,1,Merchant payments,24491960,7076613843.774634
karnataka,2019,1,Recharge & bill payments,16981941,6217689429.770171
karnataka,2019,1,Financial Services,293728,51023386.14504391
karnataka,2019,1,Others,770944,512618725.75178516
karnataka,2019,2,Peer-to-peer payments,50033334,142910706254.40515
karnataka,2019,2,Merchant payments,44848593,12338599108.54726
karnataka,2019,2,Recharge & bill payments,19283028,7745156562.557001
karnataka,2019,2,Financial Services,140353,44871623.829314835
karnataka,2019,2,Others,1096296,662690676.7455502
karnataka,2019,3,Merchant payments,76924325,20375791901.51608
karnataka,2019,3,Peer-to-peer payments,67784880,183163325083.02167
karnataka,2019,3,Recharge & bill payments,24339891,10208179941.827314
karnataka,2019,3,Financial Services,189716,57194690.691376016
karnataka,2019,3,Others,1494923,732228821.132016
karnataka,2019,4,Merchant payments,114044901,31602890835.851074
karnataka,2019,4,Peer-to-peer payments,93311589,250562864352.78363
karnataka,2019,4,Recharge & bill payments,28862161,12183568521.027195
karnataka,2019,4,Financial Services,101937,51145982.18087677
karnataka,2019,4,Others,1475664,646673755.3894986
karnataka,2020,1,Merchant payments,132970737,40374401933.52864
karnataka,2020,1,Peer-to-peer payments,100868460,297635301555.931
karnataka,2020,1,Recharge & bill payments,35854971,14724886028.403404
karnataka,2020,1,Financial Services,93648,110130184.7219853
karnataka,2020,1,Others,1246074,557335296.81275
karnataka,2020,2,Merchant payments,87251639,38463881234.4382
karnataka,2020,2,Peer-to-peer payments,82118363,265767207470.16788
karnataka,2020,2,Recharge & bill payments,43290272,16434890228.306221
karnataka,2020,2,Financial Services,161560,246367207.0610708
karnataka,2020,2,Others,399878,192530880.1645686
karnataka,2020,3,Merchant payments,137206600,60769881812.00958
karnataka,2020,3,Peer-to-peer payments,119241776,390432374828.4793
karnataka,2020,3,Recharge & bill payments,43139631,18911088810.529343
karnataka,2020,3,Financial Services,251980,358426105.9585576
karnataka,2020,3,Others,520544,268744139.7048992
karnataka,2020,4,Merchant payments,215711211,97147239182.96416
karnataka,2020,4,Peer-to-peer payments,166981242,538340957771.568
karnataka,2020,4,Recharge & bill payments,47736461,21611671359.120274
karnataka,2020,4,Financial Services,284700,427966918.93005997
karnataka,2020,4,Others,823370,508863332.4358694
karnataka,2021,1,Merchant payments,279599017,117959690729.6494
karnataka,2021,1,Peer-to-peer payments,190894164,610937002732.095
karnataka,2021,1,Recharge & bill payments,52261651,25111731675.64637
karnataka,2021,1,Financial Services,297710,475815041.81600165
karnataka,2021,1,Others,744950,511117233.18647754
karnataka,2021,2,Merchant payments,244460862,124624417935.05894
karnataka,2021,2,Peer-to-peer payments,216539959,684035748184.4377
karnataka,2021,2,Recharge & bill payments,68599238,28272314719.07621
karnataka,2021,2,Financial Services,304779,456933673.9871358
karnataka,2021,2,Others,744208,497736717.48932767
karnataka,2021,3,Merchant payments,391381353,190563423840.34485
karnataka,2021,3,Peer-to-peer payments,288462867,908138627418.7012
karnataka,2021,3,Recharge & bill payments,72168311,33386709060.80711
karnataka,2021,3,Financial Services,286685,508051800.8625039
karnataka,2021,3,Others,997323,637927036.8737218
karnataka,2021,4,Merchant payments,503210623,243754536471.1106
karnataka,2021,4,Peer-to-peer payments,350032663,1090951587881.0441
karnataka,2021,4,Recharge & bill payments,76826701,39294350717.405914
karnataka,2021,4,Financial Services,365769,574240588.1883193
karnataka,2021,4,Others,1289682,896608692.1244912
karnataka,2022,1,Merchant payments,588543313,278109650949.8691
karnataka,2022,1,Peer-to-peer payments,389491586,1243199329198.8584
karnataka,2022,1,Recharge & bill payments,78206453,43891305256.63388
karnataka,2022,1,Financial Services,384922,624857963.437548
karnataka,2022,1,Others,1229133,824344937.0828401
karnataka,2022,2,Merchant payments,735295388,358016289601.7625
karnataka,2022,2,Peer-to-peer payments,449723751,1457330278795.186
karnataka,2022,2,Recharge & bill payments,91137091,50583781089.16758
karnataka,2022,2,Financial Services,351688,545330283.2377212
karnataka,2022,2,Others,941042,670434289.8797817
karnataka,2022,3,Merchant payments,704609552,333606445776.6083
karnataka,2022,3,Peer-to-peer payments,404084880,1282604186671.1763
karnataka,2022,3,Recharge & bill payments,79979546,48539011844.07969
karnataka,2022,3,Financial Services,361312,558132533.414458
karnataka,2022,3,Others,726038,610455785.7449958
karnataka,2022,4,Merchant payments,830157371,380643835280.23364
karnataka,2022,4,Peer-to-peer payments,460041715,1468087523889.2769
karnataka,2022,4,Recharge & bill payments,87517348,54445900607.2116
karnataka,2022,4,Financial Services,426795,650217624.1227758
karnataka,2022,4,Others,767142,689145506.798728
karnataka,2023,1,Merchant payments,1130908170,476183911608.0
karnataka,2023,1,Peer-to-peer payments,596731227,1908849346648.0
karnataka,2023,1,Recharge & bill payments,115567496,83516906348.0
karnataka,2023,1,Financial Services,541652,829191703.0
karnataka,2023,1,Others,948644,847870010.0
karnataka,2023,2,Merchant payments,1282439025,553947152559.0
karnataka,2023,2,Peer-to-peer payments,655334370,2131661599812.0
karnataka,2023,2,Recharge & bill payments,128708109,90352839418.0
karnataka,2023,2,Financial Services,564180,870214613.0
karnataka,2023,2,Others,821842,767292428.0
karnataka,2023,3,Merchant payments,1502087676,620261083051.0
karnataka,2023,3,Peer-to-peer payments,733741628,2267342578479.0
karnataka,2023,3,Recharge & bill payments,131971913,96428751649.0
karnataka,2023,3,Financial Services,680721,1117575810.0
karnataka,2023,3,Others,780364,730906598.0
karnataka,2023,4,Merchant payments,1631321006,677686159800.0
karnataka,2023,4,Peer-to-peer payments,796407425,2456912813682.0
karnataka,2023,4,Recharge & bill payments,135125785,104793796043.0
karnataka,2023,4,Financial Services,807597,1266275950.0
karnataka,2023,4,Others,772351,717378908.0
karnataka,2024,1,Merchant payments,1799287261,731643780822.0
karnataka,2024,1,Peer-to-peer payments,854761954,2641887054365.0
karnataka,2024,1,Recharge & bill payments,140813576,109551418217.0
karnataka,2024,1,Financial Services,829562,1475873231.0
karnataka,2024,1,Others,746802,690527871.0
karnataka,2024,2,Merchant payments,1981595688,834831111764.0
karnataka,2024,2,Peer-to-peer payments,911150664,2835423595652.0
karnataka,2024,2,Recharge & bill payments,147578134,112150881882.0
karnataka,2024,2,Financial Services,951013,1832353796.0
karnataka,2024,2,Others,737349,796760344.0
karnataka,2024,3,Merchant payments,2128123870,872671695683.0
karnataka,2024,3,Peer-to-peer payments,985664231,2914446696115.0
karnataka,2024,3,Recharge & bill payments,145576983,117042690235.0
karnataka,2024,3,Financial Services,1113824,2184402210.0
karnataka,2024,3,Others,655187,857082241.0
karnataka,2024,4,Merchant payments,2266169258,935052915428.0
karnataka,2024,4,Peer-to-peer payments,1039723999,3095666288407.0
karnataka,2024,4,Recharge & bill payments,145556961,117911617313.0
karnataka,2024,4,Financial Services,2955462,2231437254.0
karnataka,2024,4,Others,650744,957545420.0
kerala,2018,1,Recharge & bill payments,988774,157311821.37585658
kerala,2018,1,Peer-to-peer payments,600205,2107288314.3025222
kerala,2018,1,Merchant payments,72164,82919383.04571173
kerala,2018,1,Financial Services,40170,7957491.901965583
kerala,2018,1,Others,70067,47197742.47444939
kerala,2018,2,Recharge & bill payments,1230869,248080143.25702396
kerala,2018,2,Peer-to-peer payments,848291,3436199589.077317
kerala,2018,2,Merchant payments,131217,144501582.04666698
kerala,2018,2,Financial Services,41100,12355589.34361695
kerala,2018,2,Others,56688,45786439.71799916
kerala,2018,3,Peer-to-peer payments,1425259,4823239268.279744
kerala,2018,3,Recharge & bill payments,1407588,296352497.34099543
kerala,2018,3,Merchant payments,210974,160705488.6023575
kerala,2018,3,Financial Services,37286,6170643.387882499
kerala,2018,3,Others,53241,36557326.26447625
kerala,2018,4,Peer-to-peer payments,2073960,6959805154.570259
kerala,2018,4,Recharge & bill payments,1679897,351296525.29857576
kerala,2018,4,Merchant payments,417114,378857199.6490426
kerala,2018,4,Financial Services,75084,10063656.726067666
kerala,2018,4,Others,64599,47338700.56846385
kerala,2019,1,Peer-to-peer payments,3601116,9314451112.085835
kerala,2019,1,Recharge & bill payments,2180915,498453895.947243
kerala,2019,1,Merchant payments,550707,371997848.20066386
kerala,2019,1,Financial Services,77652,7808573.898364296
kerala,2019,1,Others,58649,42319704.717572376
kerala,2019,2,Peer-to-peer payments,3519528,11630623424.131498
kerala,2019,2,Recharge & bill payments,2711299,768892057.7982787
kerala,2019,2,Merchant payments,937130,569545842.9998999
kerala,2019,2,Financial Services,38869,5823291.622642939
kerala,2019,2,Others,77000,56486944.633225575
kerala,2019,3,Peer-to-peer payments,4181954,14433990011.32079
kerala,2019,3,Recharge & bill payments,3431236,1051007778.3129579
kerala,2019,3,Merchant payments,1497029,879510566.1106174
kerala,2019,3,Financial Services,96130,8910528.723410578
kerala,2019,3,Others,79747,56390837.59670959
kerala,2019,4,Peer-to-peer payments,5859068,18537483865.44591
kerala,2019,4,Recharge & bill payments,4097032,1287955351.6647906
kerala,2019,4,Merchant payments,2418428,1268704040.100692
kerala,2019,4,Financial Services,50728,10816332.760911917
kerala,2019,4,Others,73381,46367047.83244334
kerala,2020,1,Peer-to-peer payments,6634439,22862907701.60516
kerala,2020,1,Recharge & bill payments,5507580,1716538277.3696735
kerala,2020,1,Merchant payments,3485036,1810329140.1843734
kerala,2020,1,Financial Services,38050,17160614.593254916
kerala,2020,1,Others,68417,44149097.18179157
kerala,2020,2,Recharge & bill payments,7709714,2452435028.9249372
kerala,2020,2,Peer-to-peer payments,5603046,21309983654.739
kerala,2020,2,Merchant payments,2888260,2075701451.3627596
kerala,2020,2,Financial Services,40501,32921115.845954426
kerala,2020,2,Others,46446,23037227.727544237
kerala,2020,3,Peer-to-peer payments,8590587,33346812213.798676
kerala,2020,3,Recharge & bill payments,7932950,2688361345.204546
kerala,2020,3,Merchant payments,5065205,4016995193.6035366
kerala,2020,3,Financial Services,94130,76828720.82445312
kerala,2020,3,Others,75808,35153178.52298187
kerala,2020,4,Peer-to-peer payments,12941135,45686395927.74489
kerala,2020,4,Merchant payments,10990709,7695667406.723909
kerala,2020,4,Recharge & bill payments,9167428,3238199947.525463
kerala,2020,4,Financial Services,73833,69202344.44095232
kerala,2020,4,Others,115082,65791020.57617174
kerala,2021,1,Peer-to-peer payments,16209203,55336812492.74641
kerala,2021,1,Merchant payments,16105923,10058436408.184261
kerala,2021,1,Recharge & bill payments,9837385,3732534739.0436296
kerala,2021,1,Financial Services,68012,69655547.76092248
kerala,2021,1,Others,95819,63530974.15939384
kerala,2021,2,Peer-to-peer payments,17026648,58152644526.04467
kerala,2021,2,Merchant payments,16135060,11263178335.980885
kerala,2021,2,Recharge & bill payments,13809151,4645548909.798975
kerala,2021,2,Financial Services,88830,88370679.95309764
kerala,2021,2,Others,131344,77063984.37888283
kerala,2021,3,Merchant payments,25402350,17877677018.10737
kerala,2021,3,Peer-to-peer payments,23378091,78598482305.73877
kerala,2021,3,Recharge & bill payments,13979407,5008396079.412957
kerala,2021,3,Financial Services,85730,101460242.2623948
kerala,2021,3,Others,182688,100146127.60812962
kerala,2021,4,Merchant payments,38574904,24589454633.018272
kerala,2021,4,Peer-to-peer payments,29075528,92774490034.55844
kerala,2021,4,Recharge & bill payments,13781815,5689390023.204552
kerala,2021,4,Financial Services,108232,128238698.74055986
kerala,2021,4,Others,283262,160563553.84187678
kerala,2022,1,Merchant payments,47778743,28685388646.415367
kerala,2022,1,Peer-to-peer payments,33089518,104623270223.31714
kerala,2022,1,Recharge & bill payments,14042317,6373570715.969071
kerala,2022,1,Financial Services,134370,158926455.91425735
kerala,2022,1,Others,236017,147786423.0782508
kerala,2022,2,Merchant payments,55730158,34395023155.77253
kerala,2022,2,Peer-to-peer payments,35630060,112813716119.4625
kerala,2022,2,Recharge & bill payments,14701207,7230489227.091859
kerala,2022,2,Financial Services,110336,133436809.9132271
kerala,2022,2,Others,193561,123664236.88435228
kerala,2022,3,Merchant payments,64984061,37852759989.759125
kerala,2022,3,Peer-to-peer payments,38774832,116414003145.11606
kerala,2022,3,Recharge & bill payments,15289755,7709237374.351864
kerala,2022,3,Financial Services,146673,162861560.07391134
kerala,2022,3,Others,167583,121557246.12854591
kerala,2022,4,Merchant payments,74647115,40607857085.646095
kerala,2022,4,Peer-to-peer payments,42471676,124564727703.60559
kerala,2022,4,Recharge & bill payments,15520670,8075692517.275558
kerala,2022,4,Financial Services,164334,191307058.1462068
kerala,2022,4,Others,156673,120224235.03622031
kerala,2023,1,Merchant payments,84583249,44370168231.0
kerala,2023,1,Peer-to-peer payments,46080274,138477919269.0
kerala,2023,1,Recharge & bill payments,16629085,10446589963.0
kerala,2023,1,Financial Services,160843,201389795.0
kerala,2023,1,Others,168114,141022419.0
kerala,2023,2,Merchant payments,90195971,49220348954.0
kerala,2023,2,Peer-to-peer payments,48068911,146558117198.0
kerala,2023,2,Recharge & bill payments,17613119,11702913951.0
kerala,2023,2,Financial Services,162540,193012060.0
kerala,2023,2,Others,130076,122278822.0
kerala,2023,3,Merchant payments,100971920,54395884988.0
kerala,2023,3,Peer-to-peer payments,51765006,153333984681.0
kerala,2023,3,Recharge & bill payments,17617414,12247443070.0
kerala,2023,3,Financial Services,186185,243267285.0
kerala,2023,3,Others,118126,112033305.0
kerala,2023,4,Merchant payments,108137761,55180695119.0
kerala,2023,4,Peer-to-peer payments,54694399,156361217618.0
kerala,2023,4,Recharge & bill payments,16678550,13074043821.0
kerala,2023,4,Financial Services,225961,270144459.0
kerala,2023,4,Others,106422,99220448.0
kerala,2024,1,Merchant payments,110514883,56336344201.0
kerala,2024,1,Peer-to-peer payments,54327957,156296863144.0
kerala,2024,1,Recharge & bill payments,16331869,14085091643.0
kerala,2024,1,Financial Services,200007,279404679.0
kerala,2024,1,Others,89250,80271071.0
kerala,2024,2,Merchant payments,121221009,63702446188.0
kerala,2024,2,Peer-to-peer payments,56642113,163601027548.0
kerala,2024,2,Recharge & bill payments,16678867,14261447047.0
kerala,2024,2,Financial Services,243874,344607925.0
kerala,2024,2,Others,86604,94293887.0
kerala,2024,3,Merchant payments,133203180,69317965409.0
kerala,2024,3,Peer-to-peer payments,64012538,174589592514.0
kerala,2024,3,Recharge & bill payments,17076750,13872380762.0
kerala,2024,3,Financial Services,307546,408385812.0
kerala,2024,3,Others,95444,113706812.0
kerala,2024,4,Merchant payments,145653590,72346901392.0
kerala,2024,4,Peer-to-peer payments,69815574,186965241113.0
kerala,2024,4,Recharge & bill payments,16537561,13747095313.0
kerala,2024,4,Financial Services,1014940,467808987.0
kerala,2024,4,Others,90776,112923761.0
ladakh,2018,1,Recharge & bill payments,3550,927250.7143707818
ladakh,2018,1,Peer-to-peer payments,1752,10767803.999610368
ladakh,2018,1,Merchant payments,320,369327.62555241917
ladakh,2018,1,Financial Services,132,274283.17576680594
ladakh,2018,1,Others,335,194192.25581440225
ladakh,2018,2,Recharge & bill payments,8075,2417434.2729015187
ladakh,2018,2,Peer-to-peer payments,5667,42638443.11997231
ladakh,2018,2,Merchant payments,724,1761366.2964342085
ladakh,2018,2,Financial Services,151,127324.6279709443
ladakh,2018,2,Others,393,390334.220462498
ladakh,2018,3,Recharge & bill payments,13136,4676712.344045115
ladakh,2018,3,Peer-to-peer payments,10133,77085890.57395566
ladakh,2018,3,Merchant payments,1168,2016579.2506718007
ladakh,2018,3,Financial Services,84,69317.12287872119
ladakh,2018,3,Others,343,242477.8532947429
ladakh,2018,4,Recharge & bill payments,16650,5701932.895454288
ladakh,2018,4,Peer-to-peer payments,15939,123611779.58930421
ladakh,2018,4,Merchant payments,1881,5082666.820758243
ladakh,2018,4,Financial Services,142,94604.73391846984
ladakh,2018,4,Others,599,1031858.4532022325
ladakh,2019,1,Peer-to-peer payments,22076,139715922.1887053
ladakh,2019,1,Recharge & bill payments,20014,7186109.182288248
ladakh,2019,1,Merchant payments,3238,4967122.4999400275
ladakh,2019,1,Financial Services,114,111851.02856430915
ladakh,2019,1,Others,703,878916.0496292994
ladakh,2019,2,Peer-to-peer payments,34202,240305709.92824298
ladakh,2019,2,Recharge & bill payments,25357,10116773.366134495
ladakh,2019,2,Merchant payments,8220,7726519.367758205
ladakh,2019,2,Financial Services,86,113767.09768193656
ladakh,2019,2,Others,907,992737.2376073576
ladakh,2019,3,Peer-to-peer payments,43198,303596367.67958534
ladakh,2019,3,Recharge & bill payments,41491,18054746.121448334
ladakh,2019,3,Merchant payments,6963,8096082.971229901
ladakh,2019,3,Financial Services,48,148633.29469977494
ladakh,2019,3,Others,696,1233697.1268589406
ladakh,2019,4,Peer-to-peer payments,42095,298044908.5075786
ladakh,2019,4,Recharge & bill payments,35467,16510212.100753112
ladakh,2019,4,Merchant payments,6522,8717893.899929387
ladakh,2019,4,Financial Services,46,162760.63254625077
ladakh,2019,4,Others,576,1253584.887304229
ladakh,2020,1,Peer-to-peer payments,51560,339551900.3873952
ladakh,2020,1,Recharge & bill payments,49801,23010664.72023286
ladakh,2020,1,Merchant payments,14264,13338124.271892821
ladakh,2020,1,Financial Services,204,583108.9455483773
ladakh,2020,1,Others,590,1155879.120674257
ladakh,2020,2,Recharge & bill payments,70601,32087339.266190995
ladakh,2020,2,Peer-to-peer payments,68450,470749365.09816045
ladakh,2020,2,Merchant payments,15132,19679330.186414924
ladakh,2020,2,Financial Services,337,786069.1630768818
ladakh,2020,2,Others,490,490894.93818109273
ladakh,2020,3,Peer-to-peer payments,108345,751333715.2896031
ladakh,2020,3,Recharge & bill payments,81623,40380074.55014179
ladakh,2020,3,Merchant payments,36861,40538778.75651745
ladakh,2020,3,Financial Services,621,2334917.7832646337
ladakh,2020,3,Others,772,900013.678666259
ladakh,2020,4,Peer-to-peer payments,151582,985814864.3429123
ladakh,2020,4,Recharge & bill payments,94133,44185250.8636451
ladakh,2020,4,Merchant payments,83868,77511378.30739444
ladakh,2020,4,Financial Services,729,1965054.5898611392
ladakh,2020,4,Others,1822,2486922.4041473325
ladakh,2021,1,Peer-to-peer payments,141894,869999786.1513934
ladakh,2021,1,Recharge & bill payments,72719,35459532.4121063
ladakh,2021,1,Merchant payments,58875,74977913.47237433
ladakh,2021,1,Financial Services,629,1455016.148284281
ladakh,2021,1,Others,1298,1527565.0627209258
ladakh,2021,2,Peer-to-peer payments,209818,1259044412.4358737
ladakh,2021,2,Recharge & bill payments,95458,44754721.82815341
ladakh,2021,2,Merchant payments,92078,119608470.0411553
ladakh,2021,2,Financial Services,755,1756762.1471181023
ladakh,2021,2,Others,1607,2094729.0180191218
ladakh,2021,3,Peer-to-peer payments,330919,1917311078.1287262
ladakh,2021,3,Merchant payments,135108,233260756.5088715
ladakh,2021,3,Recharge & bill payments,121856,58750081.8151172
ladakh,2021,3,Financial Services,900,1911625.5446910746
ladakh,2021,3,Others,2204,2751201.9371823343
ladakh,2021,4,Peer-to-peer payments,337120,1804428550.1884875
ladakh,2021,4,Merchant payments,169110,284786365.9296017
ladakh,2021,4,Recharge & bill payments,120607,58403893.47253243
ladakh,2021,4,Financial Services,912,3068708.947120995
ladakh,2021,4,Others,2438,2847620.2425241945
ladakh,2022,1,Peer-to-peer payments,343041,1685241980.664183
ladakh,2022,1,Merchant payments,167100,279354508.988595
ladakh,2022,1,Recharge & bill payments,116486,56203999.28920926
ladakh,2022,1,Financial Services,1247,2023327.6779848374
ladakh,2022,1,Others,2141,2217102.222236882
ladakh,2022,2,Peer-to-peer payments,608870,2941624382.277109
ladakh,2022,2,Merchant payments,346146,508439376.68091977
ladakh,2022,2,Recharge & bill payments,158996,88531677.99442025
ladakh,2022,2,Financial Services,1585,2487560.1853386
ladakh,2022,2,Others,2476,2235180.8584825676
ladakh,2022,3,Peer-to-peer payments,659896,2955729492.4985514
ladakh,2022,3,Merchant payments,367022,551472983.879604
ladakh,2022,3,Recharge & bill payments,160269,94288872.34747365
ladakh,2022,3,Financial Services,1555,1815866.8961950848
ladakh,2022,3,Others,2116,1892134.7520804727
ladakh,2022,4,Peer-to-peer payments,559259,2350047971.603546
ladakh,2022,4,Merchant payments,382456,462189599.28430265
ladakh,2022,4,Recharge & bill payments,138793,79767790.98577228
ladakh,2022,4,Financial Services,1248,1198715.2123450316
ladakh,2022,4,Others,1616,1273495.592982805
ladakh,2023,1,Peer-to-peer payments,796687,3112641857.0
ladakh,2023,1,Merchant payments,561734,601420766.0
ladakh,2023,1,Recharge & bill payments,204592,129440564.0
ladakh,2023,1,Financial Services,1610,3389191.0
ladakh,2023,1,Others,2623,2128920.0
ladakh,2023,2,Peer-to-peer payments,1479909,5891146705.0
ladakh,2023,2,Merchant payments,1121362,1074373616.0
ladakh,2023,2,Recharge & bill payments,337017,218229701.0
ladakh,2023,2,Financial Services,1885,4432032.0
ladakh,2023,2,Others,3642,2921832.0
ladakh,2023,3,Peer-to-peer payments,1781959,6563524375.0
ladakh,2023,3,Merchant payments,1429581,1424016428.0
ladakh,2023,3,Recharge & bill payments,402319,245485697.0
ladakh,2023,3,Financial Services,3579,14887998.0
ladakh,2023,3,Others,3928,2657745.0
ladakh,2023,4,Peer-to-peer payments,1435341,5438596932.0
ladakh,2023,4,Merchant payments,1375598,1254754525.0
ladakh,2023,4,Recharge & bill payments,332620,236148603.0
ladakh,2023,4,Financial Services,3065,11423623.0
ladakh,2023,4,Others,3594,2063262.0
ladakh,2024,1,Merchant payments,1428526,1281667292.0
ladakh,2024,1,Peer-to-peer payments,1254570,4577031986.0
ladakh,2024,1,Recharge & bill payments,298740,214700854.0
ladakh,2024,1,Financial Services,3182,10455927.0
ladakh,2024,1,Others,2083,1534602.0
ladakh,2024,2,Merchant payments,2761232,2170015196.0
ladakh,2024,2,Peer-to-peer payments,2149877,7634966556.0
ladakh,2024,2,Recharge & bill payments,406967,297269115.0
ladakh,2024,2,Financial Services,6138,20236628.0
ladakh,2024,2,Others,3145,3235853.0
ladakh,2024,3,Merchant payments,3611810,2756672878.0
ladakh,2024,3,Peer-to-peer payments,2736391,9505200187.0
ladakh,2024,3,Recharge & bill payments,552948,365822129.0
ladakh,2024,3,Financial Services,9965,22212555.0
ladakh,2024,3,Others,2771,2963963.0
ladakh,2024,4,Merchant payments,3102085,2456167697.0
ladakh,2024,4,Peer-to-peer payments,2154011,8079768687.0
ladakh,2024,4,Recharge & bill payments,439533,298305142.0
ladakh,2024,4,Financial Services,14100,18009192.0
ladakh,2024,4,Others,1555,2166936.0
lakshadweep,2018,1,Peer-to-peer payments,423,1860278.2784597143
lakshadweep,2018,1,Recharge & bill payments,342,61432.04938505074
lakshadweep,2018,1,Merchant payments,5,590.7505138175776
lakshadweep,2018,1,Others,8,6310.102519157715
lakshadweep,2018,2,Peer-to-peer payments,1315,5757123.079919379
lakshadweep,2018,2,Recharge & bill payments,750,353202.7988510042
lakshadweep,2018,2,Merchant payments,42,64568.47789279556
lakshadweep,2018,2,Financial Services,6,9134.413223158994
lakshadweep,2018,2,Others,19,3780.7695141997474
lakshadweep,2018,3,Peer-to-peer payments,841,3926048.74488305
lakshadweep,2018,3,Recharge & bill payments,760,300978.32420203416
lakshadweep,2018,3,Merchant payments,87,94046.43333034206
lakshadweep,2018,3,Others,15,17958.809570422687
lakshadweep,2018,4,Recharge & bill payments,792,351201.0879000404
lakshadweep,2018,4,Peer-to-peer payments,689,3841230.430870924
lakshadweep,2018,4,Merchant payments,144,262079.85573632165
lakshadweep,2018,4,Financial Services,6,389.8932323919954
lakshadweep,2018,4,Others,11,8312.430483153179
lakshadweep,2019,1,Peer-to-peer payments,1183,8221402.368536929
lakshadweep,2019,1,Recharge & bill payments,1173,353870.52398354514
lakshadweep,2019,1,Merchant payments,113,183062.1455975621
lakshadweep,2019,1,Others,12,27795.441220958
lakshadweep,2019,2,Recharge & bill payments,1448,436735.1684614296
lakshadweep,2019,2,Peer-to-peer payments,1318,8602732.117788196
lakshadweep,2019,2,Merchant payments,137,190716.5411561734
lakshadweep,2019,2,Others,23,12340.30958308919
lakshadweep,2019,3,Recharge & bill payments,1528,503049.2411913635
lakshadweep,2019,3,Peer-to-peer payments,1455,8923273.862948446
lakshadweep,2019,3,Merchant payments,111,215159.68119447335
lakshadweep,2019,3,Others,10,10278.678434187355
lakshadweep,2019,4,Recharge & bill payments,1801,618155.9004644766
lakshadweep,2019,4,Peer-to-peer payments,1753,10383413.246670496
lakshadweep,2019,4,Merchant payments,188,211413.62244321496
lakshadweep,2019,4,Financial Services,2,34.39721181625656
lakshadweep,2019,4,Others,21,56896.23813384895
lakshadweep,2020,1,Recharge & bill payments,2684,789255.2646123999
lakshadweep,2020,1,Peer-to-peer payments,2068,12463327.261836832
lakshadweep,2020,1,Merchant payments,387,216594.03077193064
lakshadweep,2020,1,Others,12,33192.017283045374
lakshadweep,2020,2,Recharge & bill payments,4497,1061694.138574572
lakshadweep,2020,2,Peer-to-peer payments,2176,14718605.188911092
lakshadweep,2020,2,Merchant payments,472,971609.4583537823
lakshadweep,2020,2,Financial Services,60,158593.59701229632
lakshadweep,2020,2,Others,15,32419.703092655054
lakshadweep,2020,3,Recharge & bill payments,4696,1186947.553816269
lakshadweep,2020,3,Peer-to-peer payments,2946,19189391.618742835
lakshadweep,2020,3,Merchant payments,903,842981.169451366
lakshadweep,2020,3,Financial Services,27,45457.50970027798
lakshadweep,2020,3,Others,17,42055.45694608544
lakshadweep,2020,4,Recharge & bill payments,5187,1499298.1127799235
lakshadweep,2020,4,Peer-to-peer payments,4741,27284123.245665
lakshadweep,2020,4,Merchant payments,1668,1227101.6378793938
lakshadweep,2020,4,Financial Services,22,13968.7539965527
lakshadweep,2020,4,Others,32,86826.16675951776
lakshadweep,2021,1,Peer-to-peer payments,3942,24823715.017422147
lakshadweep,2021,1,Recharge & bill payments,3541,1070209.4218526704
lakshadweep,2021,1,Merchant payments,1537,1040213.7953898906
lakshadweep,2021,1,Financial Services,19,15929.095105497145
lakshadweep,2021,1,Others,46,92715.5843109472
lakshadweep,2021,2,Recharge & bill payments,5499,1745295.828077295
lakshadweep,2021,2,Peer-to-peer payments,4069,23996417.49366483
lakshadweep,2021,2,Merchant payments,1743,1525331.9146529401
lakshadweep,2021,2,Financial Services,29,15052.018496008179
lakshadweep,2021,2,Others,44,101366.40306045809
lakshadweep,2021,3,Peer-to-peer payments,5687,34142107.520169854
lakshadweep,2021,3,Recharge & bill payments,5153,1700287.4734963956
lakshadweep,2021,3,Merchant payments,2450,2750367.063028222
lakshadweep,2021,3,Financial Services,48,137227.35390598275
lakshadweep,2021,3,Others,32,73174.28816768769
lakshadweep,2021,4,Peer-to-peer payments,7154,44696668.86120765
lakshadweep,2021,4,Recharge & bill payments,5355,2093901.2918026838
lakshadweep,2021,4,Merchant payments,2872,4071239.087436496
lakshadweep,2021,4,Financial Services,27,19994.541946360278
lakshadweep,2021,4,Others,62,116381.74598782149
lakshadweep,2022,1,Peer-to-peer payments,7913,48590864.56835763
lakshadweep,2022,1,Recharge & bill payments,5334,2322580.1695599537
lakshadweep,2022,1,Merchant payments,3048,3838358.3586293925
lakshadweep,2022,1,Financial Services,39,38274.22628876488
lakshadweep,2022,1,Others,63,149355.3310943247
lakshadweep,2022,2,Peer-to-peer payments,8491,48451728.04746901
lakshadweep,2022,2,Recharge & bill payments,5366,2386144.714677198
lakshadweep,2022,2,Merchant payments,3602,4895657.060086848
lakshadweep,2022,2,Financial Services,59,87127.8249489804
lakshadweep,2022,2,Others,51,108944.34272364664
lakshadweep,2022,3,Peer-to-peer payments,7533,40029003.82575238
lakshadweep,2022,3,Recharge & bill payments,4441,1936538.3067545425
lakshadweep,2022,3,Merchant payments,3142,5469200.646094429
lakshadweep,2022,3,Financial Services,64,63629.88416689246
lakshadweep,2022,3,Others,61,81636.9547320153
lakshadweep,2022,4,Peer-to-peer payments,8686,47450386.0033243
lakshadweep,2022,4,Recharge & bill payments,4557,2024739.1542023947
lakshadweep,2022,4,Merchant payments,3819,5250991.002376802
lakshadweep,2022,4,Financial Services,35,26453.0247779254
lakshadweep,2022,4,Others,50,61304.43025482374
lakshadweep,2023,1,Peer-to-peer payments,14918,73202195.0
lakshadweep,2023,1,Recharge & bill payments,8287,3929048.0
lakshadweep,2023,1,Merchant payments,6123,7988014.0
lakshadweep,2023,1,Financial Services,153,160430.0
lakshadweep,2023,1,Others,39,42274.0
lakshadweep,2023,2,Peer-to-peer payments,16924,80630344.0
lakshadweep,2023,2,Merchant payments,9524,12585603.0
lakshadweep,2023,2,Recharge & bill payments,8287,4632264.0
lakshadweep,2023,2,Financial Services,105,52460.0
lakshadweep,2023,2,Others,78,86767.0
lakshadweep,2023,3,Peer-to-peer payments,20220,77301147.0
lakshadweep,2023,3,Merchant payments,14902,12027729.0
lakshadweep,2023,3,Recharge & bill payments,8577,5093309.0
lakshadweep,2023,3,Financial Services,16,12540.0
lakshadweep,2023,3,Others,42,92336.0
lakshadweep,2023,4,Merchant payments,27931,20455699.0
lakshadweep,2023,4,Peer-to-peer payments,25886,93623472.0
lakshadweep,2023,4,Recharge & bill payments,9527,5537222.0
lakshadweep,2023,4,Financial Services,79,102991.0
lakshadweep,2023,4,Others,56,111999.0
lakshadweep,2024,1,Merchant payments,42704,26729830.0
lakshadweep,2024,1,Peer-to-peer payments,28805,96802351.0
lakshadweep,2024,1,Recharge & bill payments,9584,6450723.0
lakshadweep,2024,1,Financial Services,36,19372.0
lakshadweep,2024,1,Others,47,50105.0
lakshadweep,2024,2,Merchant payments,68346,33965752.0
lakshadweep,2024,2,Peer-to-peer payments,30929,105941312.0
lakshadweep,2024,2,Recharge & bill payments,9704,6200429.0
lakshadweep,2024,2,Financial Services,59,46549.0
lakshadweep,2024,2,Others,47,58799.0
lakshadweep,2024,3,Merchant payments,100441,45937079.0
lakshadweep,2024,3,Peer-to-peer payments,44556,138863144.0
lakshadweep,2024,3,Recharge & bill payments,12305,7418004.0
lakshadweep,2024,3,Financial Services,130,159127.0
lakshadweep,2024,3,Others,46,30733.0
lakshadweep,2024,4,Merchant payments,129497,57962618.0
lakshadweep,2024,4,Peer-to-peer payments,54568,181385170.0
lakshadweep,2024,4,Recharge & bill payments,13089,7577602.0
lakshadweep,2024,4,Financial Services,603,819138.0
lakshadweep,2024,4,Others,20,12153.0
madhya-pradesh,2018,1,Recharge & bill payments,4404190,667057311.4560372
madhya-pradesh,2018,1,Peer-to-peer payments,2848290,7590790588.551903
madhya-pradesh,2018,1,Financial Services,230519,43374288.98373023
madhya-pradesh,2018,1,Merchant payments,196394,170119673.71275404
madhya-pradesh,2018,1,Others,346002,210261540.7414958
madhya-pradesh,2018,2,Recharge & bill payments,5324535,1132090445.8903365
madhya-pradesh,2018,2,Peer-to-peer payments,4269392,14155603482.492638
madhya-pradesh,2018,2,Merchant payments,397135,339308203.1707404
madhya-pradesh,2018,2,Financial Services,305553,53860331.805742756
madhya-pradesh,2018,2,Others,264797,243218603.31985626
madhya-pradesh,2018,3,Peer-to-peer payments,9988509,22057686208.544342
madhya-pradesh,2018,3,Recharge & bill payments,5733261,1367773856.6756551
madhya-pradesh,2018,3,Merchant payments,784995,465390819.59013355
madhya-pradesh,2018,3,Financial Services,359440,46120458.63885434
madhya-pradesh,2018,3,Others,260780,212770861.22341695
madhya-pradesh,2018,4,Peer-to-peer payments,11456555,30897348664.90544
madhya-pradesh,2018,4,Recharge & bill payments,7273502,1669345516.941368
madhya-pradesh,2018,4,Merchant payments,2056426,1036249753.9278035
madhya-pradesh,2018,4,Financial Services,313540,43367243.154430926
madhya-pradesh,2018,4,Others,297532,259296894.03827757
madhya-pradesh,2019,1,Peer-to-peer payments,23708825,44114206183.09186
madhya-pradesh,2019,1,Recharge & bill payments,9966905,2423593841.716142
madhya-pradesh,2019,1,Merchant payments,3018928,1263699222.3501081
madhya-pradesh,2019,1,Financial Services,290838,28901169.292499043
madhya-pradesh,2019,1,Others,315553,239879105.5972368
madhya-pradesh,2019,2,Peer-to-peer payments,20868744,61758841793.87666
madhya-pradesh,2019,2,Recharge & bill payments,12044969,3571897178.303101
madhya-pradesh,2019,2,Merchant payments,7331352,2671155681.449155
madhya-pradesh,2019,2,Financial Services,149197,18869661.513485767
madhya-pradesh,2019,2,Others,451751,313802065.4154737
madhya-pradesh,2019,3,Peer-to-peer payments,22631038,67648107703.0357
madhya-pradesh,2019,3,Merchant payments,17163551,5147459307.101742
madhya-pradesh,2019,3,Recharge & bill payments,13156616,4576521609.460834
madhya-pradesh,2019,3,Financial Services,192821,25654168.60092132
madhya-pradesh,2019,3,Others,466385,278578703.0441117
madhya-pradesh,2019,4,Peer-to-peer payments,32083162,92064471161.9892
madhya-pradesh,2019,4,Merchant payments,19447707,7304157801.612935
madhya-pradesh,2019,4,Recharge & bill payments,16081734,5104821720.999016
madhya-pradesh,2019,4,Financial Services,127116,24020060.932133198
madhya-pradesh,2019,4,Others,392270,190456045.32494444
madhya-pradesh,2020,1,Peer-to-peer payments,34540722,110325991607.38477
madhya-pradesh,2020,1,Merchant payments,24618074,9898242848.25793
madhya-pradesh,2020,1,Recharge & bill payments,19788516,6311610609.846225
madhya-pradesh,2020,1,Financial Services,68055,30645714.401902914
madhya-pradesh,2020,1,Others,351379,170790656.30339786
madhya-pradesh,2020,2,Peer-to-peer payments,34860958,128184693854.7977
madhya-pradesh,2020,2,Recharge & bill payments,27497528,8904067957.01212
madhya-pradesh,2020,2,Merchant payments,13685723,10666223053.634727
madhya-pradesh,2020,2,Financial Services,80988,62073621.44351514
madhya-pradesh,2020,2,Others,215376,104956802.17437972
madhya-pradesh,2020,3,Peer-to-peer payments,50871564,174978985034.2865
madhya-pradesh,2020,3,Merchant payments,31879804,20621273981.65966
madhya-pradesh,2020,3,Recharge & bill payments,25380467,9834190567.205517
madhya-pradesh,2020,3,Financial Services,131725,122971108.07060198
madhya-pradesh,2020,3,Others,316321,144259293.31583393
madhya-pradesh,2020,4,Peer-to-peer payments,67972167,235584201864.22342
madhya-pradesh,2020,4,Merchant payments,57707471,37315576877.14569
madhya-pradesh,2020,4,Recharge & bill payments,27335834,10977774483.325565
madhya-pradesh,2020,4,Financial Services,149532,132590450.07074244
madhya-pradesh,2020,4,Others,487537,264996097.6059612
madhya-pradesh,2021,1,Merchant payments,84812245,50098244499.50662
madhya-pradesh,2021,1,Peer-to-peer payments,84070625,279938170703.8171
madhya-pradesh,2021,1,Recharge & bill payments,32500681,13060914041.039404
madhya-pradesh,2021,1,Financial Services,169378,161838389.7954778
madhya-pradesh,2021,1,Others,445569,274786748.1299523
madhya-pradesh,2021,2,Peer-to-peer payments,99367521,348935762191.10486
madhya-pradesh,2021,2,Merchant payments,77113464,58839392449.9937
madhya-pradesh,2021,2,Recharge & bill payments,46118636,17230546398.848663
madhya-pradesh,2021,2,Financial Services,188726,177313389.66602695
madhya-pradesh,2021,2,Others,526333,317753606.01156956
madhya-pradesh,2021,3,Merchant payments,138433772,85885669792.43228
madhya-pradesh,2021,3,Peer-to-peer payments,127654821,398912712886.4574
madhya-pradesh,2021,3,Recharge & bill payments,44437315,19025346050.627724
madhya-pradesh,2021,3,Financial Services,174454,180366422.58245987
madhya-pradesh,2021,3,Others,742972,408508699.4365407
madhya-pradesh,2021,4,Merchant payments,197193842,126461098235.02324
madhya-pradesh,2021,4,Peer-to-peer payments,159649020,507118521843.3588
madhya-pradesh,2021,4,Recharge & bill payments,46220966,22492766779.156635
madhya-pradesh,2021,4,Financial Services,247925,246488171.37792647
madhya-pradesh,2021,4,Others,996331,568617375.5894115
madhya-pradesh,2022,1,Merchant payments,237691924,143310226696.7226
madhya-pradesh,2022,1,Peer-to-peer payments,185008444,578201697703.7521
madhya-pradesh,2022,1,Recharge & bill payments,48870314,25437774564.26215
madhya-pradesh,2022,1,Financial Services,222923,219927120.15944034
madhya-pradesh,2022,1,Others,909453,495513514.75128734
madhya-pradesh,2022,2,Merchant payments,287616385,174183397721.35938
madhya-pradesh,2022,2,Peer-to-peer payments,202093283,663180522499.3412
madhya-pradesh,2022,2,Recharge & bill payments,54318983,29125694281.81933
madhya-pradesh,2022,2,Financial Services,157672,153944499.74490312
madhya-pradesh,2022,2,Others,713506,381178326.32090586
madhya-pradesh,2022,3,Merchant payments,391105651,212445928287.3991
madhya-pradesh,2022,3,Peer-to-peer payments,267013695,780650402034.3962
madhya-pradesh,2022,3,Recharge & bill payments,72148870,39132574047.51802
madhya-pradesh,2022,3,Financial Services,240678,236981163.63162854
madhya-pradesh,2022,3,Others,750665,442608716.71893203
madhya-pradesh,2022,4,Merchant payments,492999084,272801597092.4764
madhya-pradesh,2022,4,Peer-to-peer payments,325467851,984255199293.6544
madhya-pradesh,2022,4,Recharge & bill payments,79289399,45143248068.81734
madhya-pradesh,2022,4,Financial Services,286931,278304972.64702964
madhya-pradesh,2022,4,Others,785003,521508120.7286146
madhya-pradesh,2023,1,Merchant payments,404378350,208281637594.0
madhya-pradesh,2023,1,Peer-to-peer payments,263524301,809388762719.0
madhya-pradesh,2023,1,Recharge & bill payments,65818962,43725957842.0
madhya-pradesh,2023,1,Financial Services,226835,236606773.0
madhya-pradesh,2023,1,Others,618522,393634973.0
madhya-pradesh,2023,2,Merchant payments,479498828,236960764220.0
madhya-pradesh,2023,2,Peer-to-peer payments,294125925,916102516476.0
madhya-pradesh,2023,2,Recharge & bill payments,73584106,48712706741.0
madhya-pradesh,2023,2,Financial Services,248905,289207465.0
madhya-pradesh,2023,2,Others,579296,375754606.0
madhya-pradesh,2023,3,Merchant payments,567760229,255858070965.0
madhya-pradesh,2023,3,Peer-to-peer payments,333209928,929775417818.0
madhya-pradesh,2023,3,Recharge & bill payments,76997837,51434802126.0
madhya-pradesh,2023,3,Financial Services,318662,408838885.0
madhya-pradesh,2023,3,Others,525937,344868455.0
madhya-pradesh,2023,4,Merchant payments,648920525,304240605817.0
madhya-pradesh,2023,4,Peer-to-peer payments,373769167,1063381622538.0
madhya-pradesh,2023,4,Recharge & bill payments,78674422,58049633385.0
madhya-pradesh,2023,4,Financial Services,394962,494411136.0
madhya-pradesh,2023,4,Others,535537,336607811.0
madhya-pradesh,2024,1,Merchant payments,760567063,350364865596.0
madhya-pradesh,2024,1,Peer-to-peer payments,434322438,1209747808360.0
madhya-pradesh,2024,1,Recharge & bill payments,90377724,64385288241.0
madhya-pradesh,2024,1,Financial Services,392922,591281376.0
madhya-pradesh,2024,1,Others,496467,330986291.0
madhya-pradesh,2024,2,Merchant payments,876486253,396252287691.0
madhya-pradesh,2024,2,Peer-to-peer payments,462570675,1314542897421.0
madhya-pradesh,2024,2,Recharge & bill payments,95424865,67725929808.0
madhya-pradesh,2024,2,Financial Services,480050,758501127.0
madhya-pradesh,2024,2,Others,510214,400330580.0
madhya-pradesh,2024,3,Merchant payments,948087778,409029113947.0
madhya-pradesh,2024,3,Peer-to-peer payments,497526836,1279502846189.0
madhya-pradesh,2024,3,Recharge & bill payments,91085397,71189674865.0
madhya-pradesh,2024,3,Financial Services,607134,979041970.0
madhya-pradesh,2024,3,Others,431312,381789560.0
madhya-pradesh,2024,4,Merchant payments,1049208528,472351463536.0
madhya-pradesh,2024,4,Peer-to-peer payments,545405608,1455644524190.0
madhya-pradesh,2024,4,Recharge & bill payments,88543631,73837534565.0
madhya-pradesh,2024,4,Financial Services,1823754,1042853205.0
madhya-pradesh,2024,4,Others,420314,428693349.0
maharashtra,2018,1,Recharge & bill payments,9670237,2283567431.223535
maharashtra,2018,1,Peer-to-peer payments,5227770,18283896464.750908
maharashtra,2018,1,Merchant payments,616779,576964070.7366859
maharashtra,2018,1,Financial Services,235051,60997258.060299724
maharashtra,2018,1,Others,637197,506188032.9539564
maharashtra,2018,2,Recharge & bill payments,12384216,3725800358.6814823
maharashtra,2018,2,Peer-to-peer payments,7772336,30782831245.6586
maharashtra,2018,2,Merchant payments,1306326,1226121649.4989598
maharashtra,2018,2,Financial Services,262875,85545909.43528841
maharashtra,2018,2,Others,559987,536758077.84638786
maharashtra,2018,3,Recharge & bill payments,14371791,4547486090.186737
maharashtra,2018,3,Peer-to-peer payments,13470065,45466534003.980484
maharashtra,2018,3,Merchant payments,2797204,1702220875.4343855
maharashtra,2018,3,Financial Services,234598,52348968.006728604
maharashtra,2018,3,Others,664880,492227795.6386977
maharashtra,2018,4,Peer-to-peer payments,20824667,68974011019.10294
maharashtra,2018,4,Recharge & bill payments,18071025,5860865070.470685
maharashtra,2018,4,Merchant payments,6047705,3985195742.2480145
maharashtra,2018,4,Financial Services,325121,77345546.53012432
maharashtra,2018,4,Others,821705,621519669.4818641
maharashtra,2019,1,Peer-to-peer payments,37360716,97373087988.08871
maharashtra,2019,1,Recharge & bill payments,24540041,8256500586.651282
maharashtra,2019,1,Merchant payments,12069119,5172594695.5318
maharashtra,2019,1,Financial Services,287569,49487746.20873056
maharashtra,2019,1,Others,821624,569019903.8604956
maharashtra,2019,2,Peer-to-peer payments,42546317,130558153687.9542
maharashtra,2019,2,Recharge & bill payments,29395661,12197234771.434273
maharashtra,2019,2,Merchant payments,27854042,9728561726.767143
maharashtra,2019,2,Financial Services,182840,45291636.10507481
maharashtra,2019,2,Others,1170993,765228265.7976472
maharashtra,2019,3,Peer-to-peer payments,57991699,165731686168.5575
maharashtra,2019,3,Merchant payments,54683738,17545729507.395977
maharashtra,2019,3,Recharge & bill payments,34309301,15471698543.739597
maharashtra,2019,3,Financial Services,231467,54108447.39407451
maharashtra,2019,3,Others,1519376,814284077.8637518
maharashtra,2019,4,Merchant payments,80127804,27209874138.487556
maharashtra,2019,4,Peer-to-peer payments,78795871,227268054757.21698
maharashtra,2019,4,Recharge & bill payments,40705998,17794666215.044445
maharashtra,2019,4,Financial Services,129755,49622863.824426055
maharashtra,2019,4,Others,1501192,672210824.9770112
maharashtra,2020,1,Merchant payments,100337738,35200130304.82776
maharashtra,2020,1,Peer-to-peer payments,87067410,262541205695.8384
maharashtra,2020,1,Recharge & bill payments,50199498,21603565070.425602
maharashtra,2020,1,Financial Services,123476,91363684.1276232
maharashtra,2020,1,Others,1215959,558931962.876125
maharashtra,2020,2,Peer-to-peer payments,74295930,239933338682.6934
maharashtra,2020,2,Recharge & bill payments,60856480,23112343247.416145
maharashtra,2020,2,Merchant payments,48965388,32859184582.219048
maharashtra,2020,2,Financial Services,206461,211733275.7829895
maharashtra,2020,2,Others,466502,242917371.3033281
maharashtra,2020,3,Peer-to-peer payments,108436214,351555554813.2122
maharashtra,2020,3,Merchant payments,100808237,60171102123.94888
maharashtra,2020,3,Recharge & bill payments,58082283,27915727882.59293
maharashtra,2020,3,Financial Services,325453,333669599.61883616
maharashtra,2020,3,Others,658737,331024593.0721529
maharashtra,2020,4,Merchant payments,189845640,103804638603.74611
maharashtra,2020,4,Peer-to-peer payments,151741840,485747881733.823
maharashtra,2020,4,Recharge & bill payments,64556682,31556917821.77767
maharashtra,2020,4,Financial Services,398409,418399992.5395771
maharashtra,2020,4,Others,1078433,627692680.4078207
maharashtra,2021,1,Merchant payments,253043309,129493046208.15726
maharashtra,2021,1,Peer-to-peer payments,187021609,599213284361.7993
maharashtra,2021,1,Recharge & bill payments,76389103,40057211827.15962
maharashtra,2021,1,Financial Services,439551,492900202.68315214
maharashtra,2021,1,Others,966668,630909553.4508264
maharashtra,2021,2,Merchant payments,247194293,150864465217.02304
maharashtra,2021,2,Peer-to-peer payments,228551961,719859665693.5271
maharashtra,2021,2,Recharge & bill payments,96271138,43154405548.44597
maharashtra,2021,2,Financial Services,504252,536780917.0359157
maharashtra,2021,2,Others,1094842,699738247.6695637
maharashtra,2021,3,Merchant payments,390051884,216701984638.98932
maharashtra,2021,3,Peer-to-peer payments,296951706,890860873379.5576
maharashtra,2021,3,Recharge & bill payments,103943973,50242023586.056046
maharashtra,2021,3,Financial Services,448646,579098938.658318
maharashtra,2021,3,Others,1477851,873324624.1826177
maharashtra,2021,4,Merchant payments,540351277,305512280091.4157
maharashtra,2021,4,Peer-to-peer payments,361865450,1109862480618.2227
maharashtra,2021,4,Recharge & bill payments,105990417,58087950922.43887
maharashtra,2021,4,Financial Services,606265,707102765.3058928
maharashtra,2021,4,Others,1918093,1188658731.1175365
maharashtra,2022,1,Merchant payments,646277671,340240479374.36835
maharashtra,2022,1,Peer-to-peer payments,411989717,1274889182430.209
maharashtra,2022,1,Recharge & bill payments,108896881,64507860103.55089
maharashtra,2022,1,Financial Services,583243,677612619.2786882
maharashtra,2022,1,Others,1758926,1084139453.7274752
maharashtra,2022,2,Merchant payments,810961772,428469294407.1603
maharashtra,2022,2,Peer-to-peer payments,470258043,1501201968773.8115
maharashtra,2022,2,Recharge & bill payments,124280427,75110969246.16316
maharashtra,2022,2,Financial Services,490152,559321829.4503716
maharashtra,2022,2,Others,1542719,930827919.303539
maharashtra,2022,3,Merchant payments,876618082,432250721734.13074
maharashtra,2022,3,Peer-to-peer payments,483481713,1434565548650.9136
maharashtra,2022,3,Recharge & bill payments,124545840,79360150487.36568
maharashtra,2022,3,Financial Services,521362,571583115.6687979
maharashtra,2022,3,Others,1222420,831183386.4681726
maharashtra,2022,4,Merchant payments,1025666187,502660888415.46185
maharashtra,2022,4,Peer-to-peer payments,535142126,1622619308526.9614
maharashtra,2022,4,Recharge & bill payments,126118544,83576414221.03232
maharashtra,2022,4,Financial Services,620124,699276779.1906543
maharashtra,2022,4,Others,1228291,914951674.4842072
maharashtra,2023,1,Merchant payments,1134579287,502987953087.0
maharashtra,2023,1,Peer-to-peer payments,572326605,1752752577223.0
maharashtra,2023,1,Recharge & bill payments,139414546,104828264973.0
maharashtra,2023,1,Financial Services,667987,763120514.0
maharashtra,2023,1,Others,1280074,953990262.0
maharashtra,2023,2,Merchant payments,1289778683,567713506184.0
maharashtra,2023,2,Peer-to-peer payments,620475611,1923752701888.0
maharashtra,2023,2,Recharge & bill payments,151613474,112846643294.0
maharashtra,2023,2,Financial Services,697164,821061690.0
maharashtra,2023,2,Others,1152916,870693412.0
maharashtra,2023,3,Merchant payments,1442968360,623156210487.0
maharashtra,2023,3,Peer-to-peer payments,689021709,2006148405860.0
maharashtra,2023,3,Recharge & bill payments,156785138,120947991569.0
maharashtra,2023,3,Financial Services,824436,1088491523.0
maharashtra,2023,3,Others,1078944,831084802.0
maharashtra,2023,4,Merchant payments,1646497204,707862700173.0
maharashtra,2023,4,Peer-to-peer payments,767517612,2254104157529.0
maharashtra,2023,4,Recharge & bill payments,155965094,133821812867.0
maharashtra,2023,4,Financial Services,1025481,1362709031.0
maharashtra,2023,4,Others,1157334,863555358.0
maharashtra,2024,1,Merchant payments,1821471481,754044465385.0
maharashtra,2024,1,Peer-to-peer payments,843766518,2472993827118.0
maharashtra,2024,1,Recharge & bill payments,168431872,143453128973.0
maharashtra,2024,1,Financial Services,1024838,1577112130.0
maharashtra,2024,1,Others,1075772,830361250.0
maharashtra,2024,2,Merchant payments,2008664821,832044260771.0
maharashtra,2024,2,Peer-to-peer payments,879509986,2596196230098.0
maharashtra,2024,2,Recharge & bill payments,173148051,142150478979.0
maharashtra,2024,2,Financial Services,1111574,1823280899.0
maharashtra,2024,2,Others,1060370,975082840.0
maharashtra,2024,3,Merchant payments,2136665237,875057356694.0
maharashtra,2024,3,Peer-to-peer payments,971212505,2659562391989.0
maharashtra,2024,3,Recharge & bill payments,177213655,149372864990.0
maharashtra,2024,3,Financial Services,1413867,2254480451.0
maharashtra,2024,3,Others,898731,1021568015.0
maharashtra,2024,4,Merchant payments,2393917535,1009302079777.0
maharashtra,2024,4,Peer-to-peer payments,1061923073,2988739020373.0
maharashtra,2024,4,Recharge & bill payments,173698536,149455601195.0
maharashtra,2024,4,Financial Services,3784218,2349724009.0
maharashtra,2024,4,Others,908477,1182025533.0
manipur,2018,1,Recharge & bill payments,50212,6463184.554711691
manipur,2018,1,Peer-to-peer payments,26382,115495173.55796441
manipur,2018,1,Financial Services,2660,412579.53985461866
manipur,2018,1,Merchant payments,1614,3616475.6407912206
manipur,2018,1,Others,3201,2058760.6368871084
manipur,2018,2,Recharge & bill payments,77991,11541247.784420915
manipur,2018,2,Peer-to-peer payments,60365,232157389.7914803
manipur,2018,2,Financial Services,5992,1241901.2660397931
manipur,2018,2,Merchant payments,4041,5366759.827729835
manipur,2018,2,Others,3332,2902422.6498233806
manipur,2018,3,Peer-to-peer payments,95204,357768750.1845896
manipur,2018,3,Recharge & bill payments,81323,13912990.484925149
manipur,2018,3,Merchant payments,7396,9180953.977358334
manipur,2018,3,Financial Services,2577,333081.6368315
manipur,2018,3,Others,2758,2135468.510417797
manipur,2018,4,Recharge & bill payments,113507,18898063.282383174
manipur,2018,4,Peer-to-peer payments,104872,562009595.9601889
manipur,2018,4,Merchant payments,13333,20685433.28430717
manipur,2018,4,Financial Services,1452,307325.2437723951
manipur,2018,4,Others,2946,3783141.5353601985
manipur,2019,1,Peer-to-peer payments,127067,619919870.7455351
manipur,2019,1,Recharge & bill payments,120000,22106830.369149238
manipur,2019,1,Merchant payments,15190,14580183.380707521
manipur,2019,1,Financial Services,800,174777.17283837448
manipur,2019,1,Others,2352,3116398.755848917
manipur,2019,2,Peer-to-peer payments,120153,679785849.1398683
manipur,2019,2,Recharge & bill payments,116500,23573234.273060285
manipur,2019,2,Merchant payments,18044,15996651.145700552
manipur,2019,2,Financial Services,387,91955.01538259834
manipur,2019,2,Others,2341,3342252.5754885403
manipur,2019,3,Recharge & bill payments,180057,36634657.049143404
manipur,2019,3,Peer-to-peer payments,144965,803335616.6325192
manipur,2019,3,Merchant payments,17683,20490224.443041254
manipur,2019,3,Financial Services,358,367865.7884662621
manipur,2019,3,Others,1945,2723638.649764262
manipur,2019,4,Recharge & bill payments,212136,44202546.57396081
manipur,2019,4,Peer-to-peer payments,211927,1123258478.445069
manipur,2019,4,Merchant payments,23094,30486780.446382143
manipur,2019,4,Financial Services,548,240641.7657683481
manipur,2019,4,Others,1639,2709234.857456133
manipur,2020,1,Peer-to-peer payments,451733,2458093401.740467
manipur,2020,1,Recharge & bill payments,285234,62688260.379548095
manipur,2020,1,Merchant payments,78067,74202067.0664826
manipur,2020,1,Financial Services,622,354184.4660589617
manipur,2020,1,Others,3145,3252467.2243867153
manipur,2020,2,Peer-to-peer payments,533206,2980242535.075443
manipur,2020,2,Recharge & bill payments,450830,107589094.29890464
manipur,2020,2,Merchant payments,92110,106540409.29886684
manipur,2020,2,Financial Services,1676,1457570.8004862315
manipur,2020,2,Others,5246,3106603.331810386
manipur,2020,3,Peer-to-peer payments,774786,4301284799.331292
manipur,2020,3,Recharge & bill payments,464659,113190539.14969069
manipur,2020,3,Merchant payments,170653,195132026.6311202
manipur,2020,3,Financial Services,1878,1593035.944066228
manipur,2020,3,Others,8192,4775719.8143366445
manipur,2020,4,Peer-to-peer payments,892853,5172499337.530437
manipur,2020,4,Recharge & bill payments,436450,114202616.34869762
manipur,2020,4,Merchant payments,289050,307902115.38207734
manipur,2020,4,Financial Services,1806,2448402.9142817147
manipur,2020,4,Others,7693,5172086.283260544
manipur,2021,1,Peer-to-peer payments,1117829,6402367883.667423
manipur,2021,1,Recharge & bill payments,796590,223955812.58644393
manipur,2021,1,Merchant payments,377280,433297594.1352152
manipur,2021,1,Financial Services,3398,4385333.1754908115
manipur,2021,1,Others,8438,6280890.914669826
manipur,2021,2,Peer-to-peer payments,1372821,7041837917.785187
manipur,2021,2,Recharge & bill payments,1187952,305103750.5728581
manipur,2021,2,Merchant payments,510734,531484849.4914169
manipur,2021,2,Financial Services,4165,4256098.232237183
manipur,2021,2,Others,10603,7145346.314942012
manipur,2021,3,Peer-to-peer payments,1819423,9134806594.52819
manipur,2021,3,Recharge & bill payments,1368584,367664440.53237265
manipur,2021,3,Merchant payments,735707,889317377.086526
manipur,2021,3,Financial Services,3460,5625517.975461649
manipur,2021,3,Others,14222,9447098.78230339
manipur,2021,4,Peer-to-peer payments,2199970,10998828287.529043
manipur,2021,4,Recharge & bill payments,1451488,412791673.8037664
manipur,2021,4,Merchant payments,1013985,1229517397.4561875
manipur,2021,4,Financial Services,4671,5941100.580610943
manipur,2021,4,Others,17325,11393578.842227157
manipur,2022,1,Peer-to-peer payments,2517626,12169368063.4095
manipur,2022,1,Recharge & bill payments,1528476,469035958.34841275
manipur,2022,1,Merchant payments,1247205,1489604137.2090888
manipur,2022,1,Financial Services,4878,6057615.527015026
manipur,2022,1,Others,15494,10435303.87979853
manipur,2022,2,Peer-to-peer payments,2843426,12704512238.809605
manipur,2022,2,Merchant payments,1709547,1757831052.0706987
manipur,2022,2,Recharge & bill payments,1533778,448637966.718931
manipur,2022,2,Financial Services,4069,4753628.558008127
manipur,2022,2,Others,14812,7175748.992065379
manipur,2022,3,Peer-to-peer payments,3127266,12927705072.13747
manipur,2022,3,Merchant payments,1829741,2010460357.0881667
manipur,2022,3,Recharge & bill payments,1379911,432182393.84038734
manipur,2022,3,Financial Services,4524,4671353.405444902
manipur,2022,3,Others,11300,6411090.828254536
manipur,2022,4,Peer-to-peer payments,3259645,13133729481.472115
manipur,2022,4,Merchant payments,1828984,2074698993.4220653
manipur,2022,4,Recharge & bill payments,1325391,406031254.0798015
manipur,2022,4,Financial Services,4691,5754919.963910458
manipur,2022,4,Others,9959,5742049.403589871
manipur,2023,1,Peer-to-peer payments,1703742,7281781083.0
manipur,2023,1,Merchant payments,933135,1083073192.0
manipur,2023,1,Recharge & bill payments,613398,214427498.0
manipur,2023,1,Financial Services,3529,3178295.0
manipur,2023,1,Others,4579,3104024.0
manipur,2023,2,Peer-to-peer payments,812842,3763543566.0
manipur,2023,2,Merchant payments,499534,569980400.0
manipur,2023,2,Recharge & bill payments,290239,127777535.0
manipur,2023,2,Financial Services,1849,1430976.0
manipur,2023,2,Others,1807,1144176.0
manipur,2023,3,Peer-to-peer payments,450548,3054677807.0
manipur,2023,3,Merchant payments,222132,418107590.0
manipur,2023,3,Recharge & bill payments,189582,131240898.0
manipur,2023,3,Financial Services,2290,3551704.0
manipur,2023,3,Others,926,708602.0
manipur,2023,4,Peer-to-peer payments,1098359,5690075337.0
manipur,2023,4,Merchant payments,638811,893960176.0
manipur,2023,4,Recharge & bill payments,368865,209606825.0
manipur,2023,4,Financial Services,4438,5093670.0
manipur,2023,4,Others,2727,1589290.0
manipur,2024,1,Peer-to-peer payments,1925478,7502533003.0
manipur,2024,1,Merchant payments,1303360,1446015880.0
manipur,2024,1,Recharge & bill payments,607751,282103846.0
manipur,2024,1,Financial Services,4717,9906854.0
manipur,2024,1,Others,4258,2413740.0
manipur,2024,2,Peer-to-peer payments,2518131,8860962120.0
manipur,2024,2,Merchant payments,1895872,1727175316.0
manipur,2024,2,Recharge & bill payments,640058,297356354.0
manipur,2024,2,Financial Services,5784,9375969.0
manipur,2024,2,Others,3479,3131034.0
manipur,2024,3,Peer-to-peer payments,2964825,9398509217.0
manipur,2024,3,Merchant payments,2085364,1932267978.0
manipur,2024,3,Recharge & bill payments,637582,324563249.0
manipur,2024,3,Financial Services,9458,12782236.0
manipur,2024,3,Others,2867,3394151.0
manipur,2024,4,Peer-to-peer payments,3016585,9734628510.0
manipur,2024,4,Merchant payments,2146946,1983154393.0
manipur,2024,4,Recharge & bill payments,562071,321860417.0
manipur,2024,4,Financial Services,22114,18353627.0
manipur,2024,4,Others,2707,3711609.0
meghalaya,2018,1,Recharge & bill payments,31857,6028476.149090356
meghalaya,2018,1,Peer-to-peer payments,13274,55943496.515886314
meghalaya,2018,1,Merchant payments,1605,2395888.4397623385
meghalaya,2018,1,Financial Services,532,144318.2545571151
meghalaya,2018,1,Others,2303,1738080.43060439
meghalaya,2018,2,Recharge & bill payments,42625,9657896.164724296
meghalaya,2018,2,Peer-to-peer payments,19894,101140464.66239843
meghalaya,2018,2,Merchant payments,2929,3663446.436220131
meghalaya,2018,2,Financial Services,592,580648.3434132106
meghalaya,2018,2,Others,1817,1962212.2350756058
meghalaya,2018,3,Recharge & bill payments,60625,14231601.453371253
meghalaya,2018,3,Peer-to-peer payments,40832,187460582.05754715
meghalaya,2018,3,Merchant payments,5802,5458930.689379572
meghalaya,2018,3,Financial Services,748,552674.5783359876
meghalaya,2018,3,Others,2283,2149872.755760235
meghalaya,2018,4,Recharge & bill payments,82962,18100891.637344178
meghalaya,2018,4,Peer-to-peer payments,58952,301941442.7059927
meghalaya,2018,4,Merchant payments,15768,14434314.193342488
meghalaya,2018,4,Financial Services,763,190875.18848979956
meghalaya,2018,4,Others,2687,2918155.2795046642
meghalaya,2019,1,Recharge & bill payments,98817,23006751.795504905
meghalaya,2019,1,Peer-to-peer payments,90694,358932132.1046898
meghalaya,2019,1,Merchant payments,16073,14297275.230527855
meghalaya,2019,1,Financial Services,659,62335.064750311045
meghalaya,2019,1,Others,2498,2738667.957962149
meghalaya,2019,2,Recharge & bill payments,108812,27248605.429233357
meghalaya,2019,2,Peer-to-peer payments,97407,446537199.17356837
meghalaya,2019,2,Merchant payments,22588,15600927.006629137
meghalaya,2019,2,Financial Services,460,106800.75308155928
meghalaya,2019,2,Others,3019,3437756.744766518
meghalaya,2019,3,Recharge & bill payments,155949,38916251.42165714
meghalaya,2019,3,Peer-to-peer payments,116168,546221812.6889315
meghalaya,2019,3,Merchant payments,31201,23461321.889810227
meghalaya,2019,3,Financial Services,421,584192.9488108774
meghalaya,2019,3,Others,2811,3035023.204323471
meghalaya,2019,4,Recharge & bill payments,175084,43611775.02621875
meghalaya,2019,4,Peer-to-peer payments,163734,670870023.4297696
meghalaya,2019,4,Merchant payments,24430,25344714.50557894
meghalaya,2019,4,Financial Services,382,124511.63613216748
meghalaya,2019,4,Others,2351,2485447.192519395
meghalaya,2020,1,Recharge & bill payments,226214,59666071.21530793
meghalaya,2020,1,Peer-to-peer payments,216022,1013733312.3935763
meghalaya,2020,1,Merchant payments,57245,44125206.34755945
meghalaya,2020,1,Financial Services,473,402779.89033132966
meghalaya,2020,1,Others,2329,2207471.061039081
meghalaya,2020,2,Recharge & bill payments,382662,100570200.25271696
meghalaya,2020,2,Peer-to-peer payments,202270,998750895.9111593
meghalaya,2020,2,Merchant payments,46014,48980521.41595118
meghalaya,2020,2,Financial Services,1186,2944583.114737345
meghalaya,2020,2,Others,3263,2488953.643832149
meghalaya,2020,3,Recharge & bill payments,342484,97662913.13408674
meghalaya,2020,3,Peer-to-peer payments,194448,1065012681.7126106
meghalaya,2020,3,Merchant payments,55595,67511647.1349487
meghalaya,2020,3,Financial Services,1587,4049966.8133478058
meghalaya,2020,3,Others,3465,2821792.5880408054
meghalaya,2020,4,Recharge & bill payments,350006,102794647.7641504
meghalaya,2020,4,Peer-to-peer payments,286252,1579858348.0670543
meghalaya,2020,4,Merchant payments,111471,115136797.58942303
meghalaya,2020,4,Financial Services,1809,2774557.112070617
meghalaya,2020,4,Others,4470,3678221.666272167
meghalaya,2021,1,Peer-to-peer payments,326993,1794745857.3188953
meghalaya,2021,1,Recharge & bill payments,306634,106098525.65614726
meghalaya,2021,1,Merchant payments,108805,147747773.01896822
meghalaya,2021,1,Financial Services,1777,3981898.0457751974
meghalaya,2021,1,Others,3437,2941223.950049905
meghalaya,2021,2,Recharge & bill payments,389959,129031455.7077258
meghalaya,2021,2,Peer-to-peer payments,366411,1885041503.7970467
meghalaya,2021,2,Merchant payments,147406,173894963.00439677
meghalaya,2021,2,Financial Services,1766,2306496.854595862
meghalaya,2021,2,Others,4052,3342835.5268340455
meghalaya,2021,3,Peer-to-peer payments,473274,2348008593.21644
meghalaya,2021,3,Recharge & bill payments,418429,144363692.75220004
meghalaya,2021,3,Merchant payments,199427,270311210.8907223
meghalaya,2021,3,Financial Services,1556,2379067.1150075165
meghalaya,2021,3,Others,5045,3937887.553600684
meghalaya,2021,4,Peer-to-peer payments,669693,3233210261.728197
meghalaya,2021,4,Recharge & bill payments,447310,165277548.45940137
meghalaya,2021,4,Merchant payments,314445,442464385.0377933
meghalaya,2021,4,Financial Services,1989,2464327.9242311358
meghalaya,2021,4,Others,6756,5348877.036531466
meghalaya,2022,1,Peer-to-peer payments,801009,3899172008.7001157
meghalaya,2022,1,Recharge & bill payments,459530,192026788.60457045
meghalaya,2022,1,Merchant payments,405859,563004043.9315958
meghalaya,2022,1,Financial Services,2134,3019251.8598936894
meghalaya,2022,1,Others,6218,5116238.235718384
meghalaya,2022,2,Peer-to-peer payments,977816,4359000096.157877
meghalaya,2022,2,Merchant payments,591364,714995836.5962032
meghalaya,2022,2,Recharge & bill payments,467745,200896879.69103926
meghalaya,2022,2,Financial Services,1880,2406087.095158501
meghalaya,2022,2,Others,5844,4192522.344518611
meghalaya,2022,3,Peer-to-peer payments,2050942,7796315453.507147
meghalaya,2022,3,Merchant payments,1486098,1468318733.1353962
meghalaya,2022,3,Recharge & bill payments,810017,330230375.9276109
meghalaya,2022,3,Financial Services,3504,3106775.3857113793
meghalaya,2022,3,Others,8604,5329459.165683068
meghalaya,2022,4,Peer-to-peer payments,1901671,7328913724.3339405
meghalaya,2022,4,Merchant payments,1334431,1381013596.832624
meghalaya,2022,4,Recharge & bill payments,685678,278377945.43169147
meghalaya,2022,4,Financial Services,3544,3564357.119764914
meghalaya,2022,4,Others,7124,4671532.630633753
meghalaya,2023,1,Peer-to-peer payments,2111009,8309060918.0
meghalaya,2023,1,Merchant payments,1232691,1407372935.0
meghalaya,2023,1,Recharge & bill payments,810151,358800191.0
meghalaya,2023,1,Financial Services,3991,4692287.0
meghalaya,2023,1,Others,6863,4914284.0
meghalaya,2023,2,Peer-to-peer payments,2509275,8997569260.0
meghalaya,2023,2,Merchant payments,1701913,1698962028.0
meghalaya,2023,2,Recharge & bill payments,855108,378639410.0
meghalaya,2023,2,Financial Services,4075,4633858.0
meghalaya,2023,2,Others,6841,4701930.0
meghalaya,2023,3,Peer-to-peer payments,2926582,9081363888.0
meghalaya,2023,3,Merchant payments,2199365,1940467487.0
meghalaya,2023,3,Recharge & bill payments,893594,376288929.0
meghalaya,2023,3,Financial Services,4709,4394372.0
meghalaya,2023,3,Others,5592,4118404.0
meghalaya,2023,4,Peer-to-peer payments,3588204,11051189244.0
meghalaya,2023,4,Merchant payments,2747430,2399606416.0
meghalaya,2023,4,Recharge & bill payments,919773,412031812.0
meghalaya,2023,4,Financial Services,6221,6157396.0
meghalaya,2023,4,Others,6756,4073824.0
meghalaya,2024,1,Peer-to-peer payments,4141676,12376963890.0
meghalaya,2024,1,Merchant payments,3366756,2796689522.0
meghalaya,2024,1,Recharge & bill payments,1011922,444032559.0
meghalaya,2024,1,Financial Services,5705,8055532.0
meghalaya,2024,1,Others,5203,3563155.0
meghalaya,2024,2,Merchant payments,5265188,3372146485.0
meghalaya,2024,2,Peer-to-peer payments,4738246,12947440379.0
meghalaya,2024,2,Recharge & bill payments,1072381,456611422.0
meghalaya,2024,2,Financial Services,8054,15137347.0
meghalaya,2024,2,Others,5792,3278461.0
meghalaya,2024,3,Merchant payments,5874164,3573771290.0
meghalaya,2024,3,Peer-to-peer payments,5135057,12225400151.0
meghalaya,2024,3,Recharge & bill payments,1087757,477853823.0
meghalaya,2024,3,Financial Services,7750,12735329.0
meghalaya,2024,3,Others,5396,3196103.0
meghalaya,2024,4,Merchant payments,6927970,4244760218.0
meghalaya,2024,4,Peer-to-peer payments,6120409,14921918261.0
meghalaya,2024,4,Recharge & bill payments,1089357,489888652.0
meghalaya,2024,4,Financial Services,23838,13969159.0
meghalaya,2024,4,Others,4806,4391143.0
mizoram,2018,1,Recharge & bill payments,10155,2199565.258913744
mizoram,2018,1,Peer-to-peer payments,6845,41186717.278001666
mizoram,2018,1,Merchant payments,616,1066002.1670622267
mizoram,2018,1,Financial Services,260,65022.49896840689
mizoram,2018,1,Others,685,709912.772844791
mizoram,2018,2,Recharge & bill payments,13550,3107406.501616686
mizoram,2018,2,Peer-to-peer payments,11427,77040044.25291511
mizoram,2018,2,Merchant payments,1310,2368711.975892641
mizoram,2018,2,Financial Services,167,60939.77304627103
mizoram,2018,2,Others,597,931303.0542636234
mizoram,2018,3,Peer-to-peer payments,18564,108783543.9098094
mizoram,2018,3,Recharge & bill payments,17610,4050433.5962071815
mizoram,2018,3,Merchant payments,2310,2952533.8004545765
mizoram,2018,3,Financial Services,240,43891.23943201654
mizoram,2018,3,Others,592,770335.5794872268
mizoram,2018,4,Peer-to-peer payments,26212,177049162.13058332
mizoram,2018,4,Recharge & bill payments,24533,5523702.976434887
mizoram,2018,4,Merchant payments,3699,6911586.608122997
mizoram,2018,4,Financial Services,145,35654.18337878893
mizoram,2018,4,Others,653,906746.6310095722
mizoram,2019,1,Peer-to-peer payments,35126,204183867.4116538
mizoram,2019,1,Recharge & bill payments,30327,6760113.704148788
mizoram,2019,1,Merchant payments,3984,6470456.031897823
mizoram,2019,1,Financial Services,133,33512.39606736117
mizoram,2019,1,Others,736,712945.8536347556
mizoram,2019,2,Peer-to-peer payments,37364,233471780.00357005
mizoram,2019,2,Recharge & bill payments,31903,7823562.397702506
mizoram,2019,2,Merchant payments,5646,5889316.861228463
mizoram,2019,2,Financial Services,80,14455.380988399309
mizoram,2019,2,Others,678,817593.4915248882
mizoram,2019,3,Recharge & bill payments,49073,12966806.696277115
mizoram,2019,3,Peer-to-peer payments,42645,257538220.22775066
mizoram,2019,3,Merchant payments,5560,7397529.021326996
mizoram,2019,3,Financial Services,94,72985.31151294889
mizoram,2019,3,Others,722,818358.6944744462
mizoram,2019,4,Recharge & bill payments,60511,16857122.3073061
mizoram,2019,4,Peer-to-peer payments,57109,341664291.4936854
mizoram,2019,4,Merchant payments,6939,9451111.139352825
mizoram,2019,4,Financial Services,100,20966.3333050078
mizoram,2019,4,Others,580,695859.360839114
mizoram,2020,1,Recharge & bill payments,85067,24356294.58523286
mizoram,2020,1,Peer-to-peer payments,57916,356260523.23262954
mizoram,2020,1,Merchant payments,9961,10404414.592504771
mizoram,2020,1,Financial Services,119,283854.3188381147
mizoram,2020,1,Others,546,772492.6204317764
mizoram,2020,2,Recharge & bill payments,127592,37504550.77732091
mizoram,2020,2,Peer-to-peer payments,60021,404110075.0863959
mizoram,2020,2,Merchant payments,10056,14627463.664270937
mizoram,2020,2,Financial Services,244,434960.2799078573
mizoram,2020,2,Others,549,516383.63442262856
mizoram,2020,3,Recharge & bill payments,132664,40941077.032856956
mizoram,2020,3,Peer-to-peer payments,99644,634560147.3506901
mizoram,2020,3,Merchant payments,20934,30693648.236451425
mizoram,2020,3,Financial Services,535,824864.513127287
mizoram,2020,3,Others,926,924438.3714747172
mizoram,2020,4,Peer-to-peer payments,141038,887252744.067668
mizoram,2020,4,Recharge & bill payments,140297,45386403.17281592
mizoram,2020,4,Merchant payments,39676,52094800.565094605
mizoram,2020,4,Financial Services,607,855201.5881157237
mizoram,2020,4,Others,989,932966.3002634952
mizoram,2021,1,Peer-to-peer payments,156386,982955112.1892779
mizoram,2021,1,Recharge & bill payments,128055,45558278.22323953
mizoram,2021,1,Merchant payments,43511,70289687.94622748
mizoram,2021,1,Financial Services,648,1330632.9787811027
mizoram,2021,1,Others,975,971875.6084117102
mizoram,2021,2,Peer-to-peer payments,173064,995581952.903405
mizoram,2021,2,Recharge & bill payments,161763,56059844.239659324
mizoram,2021,2,Merchant payments,57877,69528721.40156102
mizoram,2021,2,Financial Services,611,710657.5065644829
mizoram,2021,2,Others,1025,993297.250902934
mizoram,2021,3,Peer-to-peer payments,224873,1290523196.259221
mizoram,2021,3,Recharge & bill payments,177281,67493206.62394348
mizoram,2021,3,Merchant payments,74553,113697005.89820999
mizoram,2021,3,Financial Services,522,806905.9729422838
mizoram,2021,3,Others,1300,1228335.4576346257
mizoram,2021,4,Peer-to-peer payments,272209,1545255603.4119103
mizoram,2021,4,Recharge & bill payments,179405,67548806.84754582
mizoram,2021,4,Merchant payments,99265,154183940.72826496
mizoram,2021,4,Financial Services,695,2202285.707728365
mizoram,2021,4,Others,1755,1475104.827591939
mizoram,2022,1,Peer-to-peer payments,302740,1691281089.989316
mizoram,2022,1,Recharge & bill payments,190137,76541062.33691595
mizoram,2022,1,Merchant payments,109669,174157725.41469872
mizoram,2022,1,Financial Services,731,1657575.282816791
mizoram,2022,1,Others,1640,1521510.587498479
mizoram,2022,2,Peer-to-peer payments,332102,1739114390.3016624
mizoram,2022,2,Recharge & bill payments,172281,70775723.34635986
mizoram,2022,2,Merchant payments,137279,191484723.76839563
mizoram,2022,2,Financial Services,656,801633.2114598342
mizoram,2022,2,Others,1659,1010096.4810587188
mizoram,2022,3,Peer-to-peer payments,349715,1665955694.9848173
mizoram,2022,3,Recharge & bill payments,156874,68463689.80469275
mizoram,2022,3,Merchant payments,150320,209934220.28326848
mizoram,2022,3,Financial Services,802,880187.5512756812
mizoram,2022,3,Others,1327,1031819.4438998674
mizoram,2022,4,Peer-to-peer payments,378295,1750113148.3068104
mizoram,2022,4,Merchant payments,164389,222455759.17733783
mizoram,2022,4,Recharge & bill payments,148573,63477925.042983845
mizoram,2022,4,Financial Services,932,949850.198945797
mizoram,2022,4,Others,1585,914402.5369417528
mizoram,2023,1,Peer-to-peer payments,593994,2560331179.0
mizoram,2023,1,Recharge & bill payments,234313,98553348.0
mizoram,2023,1,Merchant payments,221560,293428579.0
mizoram,2023,1,Financial Services,1044,2065983.0
mizoram,2023,1,Others,1684,1243650.0
mizoram,2023,2,Peer-to-peer payments,673375,2715818146.0
mizoram,2023,2,Merchant payments,291229,369968035.0
mizoram,2023,2,Recharge & bill payments,241862,102587776.0
mizoram,2023,2,Financial Services,1144,2164348.0
mizoram,2023,2,Others,1320,1268271.0
mizoram,2023,3,Peer-to-peer payments,725656,2616686121.0
mizoram,2023,3,Merchant payments,343955,383487446.0
mizoram,2023,3,Recharge & bill payments,237526,100886209.0
mizoram,2023,3,Financial Services,1523,3916230.0
mizoram,2023,3,Others,1753,1154229.0
mizoram,2023,4,Peer-to-peer payments,809449,2937356157.0
mizoram,2023,4,Merchant payments,454911,486085794.0
mizoram,2023,4,Recharge & bill payments,233101,110530170.0
mizoram,2023,4,Financial Services,1693,6001935.0
mizoram,2023,4,Others,1574,866227.0
mizoram,2024,1,Peer-to-peer payments,852682,2946283349.0
mizoram,2024,1,Merchant payments,537550,568411807.0
mizoram,2024,1,Recharge & bill payments,233738,109792002.0
mizoram,2024,1,Financial Services,1756,4788439.0
mizoram,2024,1,Others,1290,821133.0
mizoram,2024,2,Peer-to-peer payments,952986,3009367498.0
mizoram,2024,2,Merchant payments,781094,672085704.0
mizoram,2024,2,Recharge & bill payments,236909,111528807.0
mizoram,2024,2,Financial Services,4940,4813762.0
mizoram,2024,2,Others,1150,681869.0
mizoram,2024,3,Peer-to-peer payments,1092211,3031557787.0
mizoram,2024,3,Merchant payments,992777,769225473.0
mizoram,2024,3,Recharge & bill payments,245546,116119620.0
mizoram,2024,3,Financial Services,28263,6165535.0
mizoram,2024,3,Others,1409,819816.0
mizoram,2024,4,Peer-to-peer payments,1220369,3439847971.0
mizoram,2024,4,Merchant payments,1199890,893916533.0
mizoram,2024,4,Recharge & bill payments,236274,120540465.0
mizoram,2024,4,Financial Services,44785,6012676.0
mizoram,2024,4,Others,1125,845277.0
nagaland,2018,1,Recharge & bill payments,28198,5361675.549623315
nagaland,2018,1,Peer-to-peer payments,11631,69830122.02063876
nagaland,2018,1,Merchant payments,822,1170667.4151649117
nagaland,2018,1,Financial Services,399,299016.7345620737
nagaland,2018,1,Others,1795,1344409.3661360394
nagaland,2018,2,Recharge & bill payments,41959,9139467.703980098
nagaland,2018,2,Peer-to-peer payments,20099,140193107.69683594
nagaland,2018,2,Merchant payments,1529,2293935.490835924
nagaland,2018,2,Financial Services,379,153458.5231626137
nagaland,2018,2,Others,1633,1545608.465487119
nagaland,2018,3,Recharge & bill payments,54885,12664922.724117381
nagaland,2018,3,Peer-to-peer payments,33930,223964723.15160483
nagaland,2018,3,Merchant payments,3518,3631042.2777308393
nagaland,2018,3,Financial Services,460,125171.61850935029
nagaland,2018,3,Others,1578,1406883.1646908007
nagaland,2018,4,Recharge & bill payments,72881,16615511.42043031
nagaland,2018,4,Peer-to-peer payments,53723,358926253.43094724
nagaland,2018,4,Merchant payments,10350,10500634.794542974
nagaland,2018,4,Financial Services,587,216127.40846239947
nagaland,2018,4,Others,1792,1754940.4912408509
nagaland,2019,1,Recharge & bill payments,87596,20020458.076388802
nagaland,2019,1,Peer-to-peer payments,71642,411855878.2498224
nagaland,2019,1,Merchant payments,7306,8187940.322092213
nagaland,2019,1,Financial Services,430,101072.89773317604
nagaland,2019,1,Others,1605,1776362.8662935253
nagaland,2019,2,Recharge & bill payments,92492,21350211.07781426
nagaland,2019,2,Peer-to-peer payments,81065,487705354.46570444
nagaland,2019,2,Merchant payments,12949,8990954.079767609
nagaland,2019,2,Financial Services,286,129758.00259777348
nagaland,2019,2,Others,1961,1890404.5326202572
nagaland,2019,3,Recharge & bill payments,145812,33293527.93210053
nagaland,2019,3,Peer-to-peer payments,100736,601803135.4703114
nagaland,2019,3,Merchant payments,13031,13381591.199777838
nagaland,2019,3,Financial Services,210,229319.84921986386
nagaland,2019,3,Others,2089,2248897.2620018576
nagaland,2019,4,Recharge & bill payments,172761,39720745.597670965
nagaland,2019,4,Peer-to-peer payments,128674,777298578.6127516
nagaland,2019,4,Merchant payments,13578,15460907.228900284
nagaland,2019,4,Financial Services,499,283291.7740842187
nagaland,2019,4,Others,1658,1773615.1353679793
nagaland,2020,1,Recharge & bill payments,221741,53662023.32016543
nagaland,2020,1,Peer-to-peer payments,135966,821508819.5893908
nagaland,2020,1,Merchant payments,18249,17663339.36989499
nagaland,2020,1,Financial Services,528,215066.78349539996
nagaland,2020,1,Others,1567,1730779.6714233835
nagaland,2020,2,Recharge & bill payments,328269,85264116.11779374
nagaland,2020,2,Peer-to-peer payments,166866,1025000209.9574311
nagaland,2020,2,Merchant payments,20004,25214703.910237495
nagaland,2020,2,Financial Services,860,989239.9671938312
nagaland,2020,2,Others,1567,1206234.3951445608
nagaland,2020,3,Recharge & bill payments,347494,91214897.18744522
nagaland,2020,3,Peer-to-peer payments,330638,1851638119.539822
nagaland,2020,3,Merchant payments,51912,62568884.13216571
nagaland,2020,3,Financial Services,2544,2136903.0242114514
nagaland,2020,3,Others,3731,2090339.2711506593
nagaland,2020,4,Peer-to-peer payments,417393,2563827858.0487146
nagaland,2020,4,Recharge & bill payments,335297,91929581.87730268
nagaland,2020,4,Merchant payments,90496,113115660.17405558
nagaland,2020,4,Financial Services,1068,1017278.309874404
nagaland,2020,4,Others,3571,3194492.1527384534
nagaland,2021,1,Peer-to-peer payments,477346,2841021698.4844904
nagaland,2021,1,Recharge & bill payments,376473,110095189.5931618
nagaland,2021,1,Merchant payments,116846,151202427.14605337
nagaland,2021,1,Financial Services,1511,1929643.694251965
nagaland,2021,1,Others,3721,3201525.695241506
nagaland,2021,2,Peer-to-peer payments,526966,2847731457.571479
nagaland,2021,2,Recharge & bill payments,453979,126962524.74536937
nagaland,2021,2,Merchant payments,144413,176831583.13676447
nagaland,2021,2,Financial Services,1624,1785915.6371230448
nagaland,2021,2,Others,3809,2982482.691132756
nagaland,2021,3,Peer-to-peer payments,667633,3536780176.7792263
nagaland,2021,3,Recharge & bill payments,474693,141172028.23897478
nagaland,2021,3,Merchant payments,208387,304493279.8158357
nagaland,2021,3,Financial Services,1437,1634878.888862805
nagaland,2021,3,Others,4642,3336484.2825483214
nagaland,2021,4,Peer-to-peer payments,819452,4335295237.9809065
nagaland,2021,4,Recharge & bill payments,492411,154359432.07659015
nagaland,2021,4,Merchant payments,311673,442578210.0882374
nagaland,2021,4,Financial Services,1790,2263055.5218537706
nagaland,2021,4,Others,6157,4587848.468888722
nagaland,2022,1,Peer-to-peer payments,963378,4798355631.574022
nagaland,2022,1,Recharge & bill payments,529038,175942440.62210858
nagaland,2022,1,Merchant payments,425336,563650239.9471383
nagaland,2022,1,Financial Services,2022,2503998.824974763
nagaland,2022,1,Others,6178,4499397.927512417
nagaland,2022,2,Peer-to-peer payments,1032542,4933041257.229492
nagaland,2022,2,Merchant payments,513456,640665988.1540827
nagaland,2022,2,Recharge & bill payments,479322,162238616.41478142
nagaland,2022,2,Financial Services,1547,1519503.219426635
nagaland,2022,2,Others,4462,2819984.0024981033
nagaland,2022,3,Peer-to-peer payments,990896,4568905305.863961
nagaland,2022,3,Merchant payments,467257,642368278.6360128
nagaland,2022,3,Recharge & bill payments,430854,148324294.67210707
nagaland,2022,3,Financial Services,1479,2345498.6025009975
nagaland,2022,3,Others,3627,2457117.2762476145
nagaland,2022,4,Peer-to-peer payments,1314122,5888068476.789
nagaland,2022,4,Merchant payments,647805,906834415.4525998
nagaland,2022,4,Recharge & bill payments,508230,170028535.796474
nagaland,2022,4,Financial Services,2104,1909585.0695077945
nagaland,2022,4,Others,3944,3125371.2064643847
nagaland,2023,1,Peer-to-peer payments,1499574,6682278926.0
nagaland,2023,1,Recharge & bill payments,594157,217058376.0
nagaland,2023,1,Merchant payments,586135,908765354.0
nagaland,2023,1,Financial Services,2116,3157626.0
nagaland,2023,1,Others,3588,3137572.0
nagaland,2023,2,Peer-to-peer payments,1617109,6785635810.0
nagaland,2023,2,Merchant payments,727260,1034147550.0
nagaland,2023,2,Recharge & bill payments,572760,197242689.0
nagaland,2023,2,Financial Services,2070,1698008.0
nagaland,2023,2,Others,2802,2675253.0
nagaland,2023,3,Peer-to-peer payments,1885439,7170452325.0
nagaland,2023,3,Merchant payments,941540,1233761672.0
nagaland,2023,3,Recharge & bill payments,589934,204490934.0
nagaland,2023,3,Financial Services,3255,5608850.0
nagaland,2023,3,Others,2163,1985892.0
nagaland,2023,4,Peer-to-peer payments,2108656,7951828073.0
nagaland,2023,4,Merchant payments,1114580,1506769625.0
nagaland,2023,4,Recharge & bill payments,569355,210015855.0
nagaland,2023,4,Financial Services,2722,4005037.0
nagaland,2023,4,Others,1866,1956832.0
nagaland,2024,1,Peer-to-peer payments,2252013,8080209969.0
nagaland,2024,1,Merchant payments,1406740,1731421124.0
nagaland,2024,1,Recharge & bill payments,595725,227556519.0
nagaland,2024,1,Financial Services,2602,3951600.0
nagaland,2024,1,Others,1844,1776096.0
nagaland,2024,2,Peer-to-peer payments,2655039,8746750126.0
nagaland,2024,2,Merchant payments,2310391,2028921372.0
nagaland,2024,2,Recharge & bill payments,626712,228501471.0
nagaland,2024,2,Financial Services,4449,6400726.0
nagaland,2024,2,Others,2109,2339401.0
nagaland,2024,3,Peer-to-peer payments,3226550,9580356158.0
nagaland,2024,3,Merchant payments,3070195,2427367862.0
nagaland,2024,3,Recharge & bill payments,675444,263008367.0
nagaland,2024,3,Financial Services,7303,8841059.0
nagaland,2024,3,Others,2143,1741722.0
nagaland,2024,4,Peer-to-peer payments,3650092,10820675194.0
nagaland,2024,4,Merchant payments,3599232,2864643406.0
nagaland,2024,4,Recharge & bill payments,653702,265920419.0
nagaland,2024,4,Financial Services,16507,6341057.0
nagaland,2024,4,Others,2019,1518600.0
odisha,2018,1,Recharge & bill payments,2874109,331254466.1508661
odisha,2018,1,Peer-to-peer payments,2305610,4033548999.1932316
odisha,2018,1,Financial Services,323352,58099674.94576137
odisha,2018,1,Merchant payments,129659,112301341.66618621
odisha,2018,1,Others,177091,92427728.93143727
odisha,2018,2,Peer-to-peer payments,3989202,7621288195.565702
odisha,2018,2,Recharge & bill payments,3307545,482823290.3527084
odisha,2018,2,Financial Services,472304,67829259.91787937
odisha,2018,2,Merchant payments,257628,213530873.3537121
odisha,2018,2,Others,131465,102838720.42969128
odisha,2018,3,Peer-to-peer payments,24472139,22029087498.562176
odisha,2018,3,Recharge & bill payments,3886392,605721781.5285043
odisha,2018,3,Financial Services,836547,97292154.49117658
odisha,2018,3,Merchant payments,729995,275532813.41930753
odisha,2018,3,Others,127082,86881527.58366849
odisha,2018,4,Peer-to-peer payments,12285028,21804268077.596016
odisha,2018,4,Recharge & bill payments,5142124,773017649.5916129
odisha,2018,4,Merchant payments,3061813,682181415.8729985
odisha,2018,4,Financial Services,495495,55534399.30905172
odisha,2018,4,Others,158338,114868029.19162312
odisha,2019,1,Peer-to-peer payments,24117274,33342321630.613514
odisha,2019,1,Recharge & bill payments,6713747,1120730273.3482153
odisha,2019,1,Merchant payments,2690762,821493664.580642
odisha,2019,1,Financial Services,375910,34542738.889085874
odisha,2019,1,Others,134249,108039623.26819064
odisha,2019,2,Peer-to-peer payments,16455353,41423292021.956635
odisha,2019,2,Recharge & bill payments,7845252,1506620072.6624596
odisha,2019,2,Merchant payments,4827067,1664621261.2600245
odisha,2019,2,Financial Services,202705,20424212.30787918
odisha,2019,2,Others,181647,139897303.4868461
odisha,2019,3,Peer-to-peer payments,18490877,51447586885.48035
odisha,2019,3,Merchant payments,13984738,3895753253.334454
odisha,2019,3,Recharge & bill payments,8565917,1806123698.4609375
odisha,2019,3,Financial Services,195034,31079934.758642014
odisha,2019,3,Others,185706,124033587.18883926
odisha,2019,4,Peer-to-peer payments,43284477,72966050937.29504
odisha,2019,4,Recharge & bill payments,10629461,2290841668.304525
odisha,2019,4,Merchant payments,10601703,4395710870.154251
odisha,2019,4,Financial Services,323887,38782542.04589868
odisha,2019,4,Others,156105,77987614.2508337
odisha,2020,1,Peer-to-peer payments,27110930,82863844732.4941
odisha,2020,1,Merchant payments,13269709,5738217250.062569
odisha,2020,1,Recharge & bill payments,13083524,3253609732.8992968
odisha,2020,1,Financial Services,84037,27641460.905009564
odisha,2020,1,Others,134107,73485022.97217913
odisha,2020,2,Peer-to-peer payments,24520938,80990080777.89252
odisha,2020,2,Recharge & bill payments,17040333,4551061364.34481
odisha,2020,2,Merchant payments,8313965,6092753944.948116
odisha,2020,2,Financial Services,66787,50322080.338512495
odisha,2020,2,Others,86553,48818444.57258892
odisha,2020,3,Peer-to-peer payments,34182172,107064668710.39911
odisha,2020,3,Recharge & bill payments,17126851,5015719823.514479
odisha,2020,3,Merchant payments,14519265,10242496366.436386
odisha,2020,3,Financial Services,90736,84971747.75755268
odisha,2020,3,Others,114805,56087156.18513397
odisha,2020,4,Peer-to-peer payments,47588728,153208735347.1269
odisha,2020,4,Merchant payments,27124765,19347472702.804092
odisha,2020,4,Recharge & bill payments,17318073,5532179002.002789
odisha,2020,4,Financial Services,106189,104419909.66526456
odisha,2020,4,Others,187195,109856053.01820508
odisha,2021,1,Peer-to-peer payments,54417515,181450436291.91052
odisha,2021,1,Merchant payments,38180718,25201936762.205833
odisha,2021,1,Recharge & bill payments,18633830,6552605937.545543
odisha,2021,1,Financial Services,87263,95064023.94844367
odisha,2021,1,Others,141032,97693172.7305285
odisha,2021,2,Peer-to-peer payments,66929109,208405882369.0544
odisha,2021,2,Merchant payments,39402607,29208847674.89984
odisha,2021,2,Recharge & bill payments,25183699,8024323050.14009
odisha,2021,2,Financial Services,102474,102761986.97553992
odisha,2021,2,Others,206448,122302396.20450994
odisha,2021,3,Peer-to-peer payments,85728576,251150860524.22568
odisha,2021,3,Merchant payments,64268830,43316348173.18004
odisha,2021,3,Recharge & bill payments,26943670,9025674783.404198
odisha,2021,3,Financial Services,97213,112383446.87807697
odisha,2021,3,Others,324385,175452005.353413
odisha,2021,4,Peer-to-peer payments,107560893,310704112799.8908
odisha,2021,4,Merchant payments,99512650,63383870318.30179
odisha,2021,4,Recharge & bill payments,26302130,10728834440.697895
odisha,2021,4,Financial Services,133004,147526652.49426866
odisha,2021,4,Others,416689,286705478.5345538
odisha,2022,1,Peer-to-peer payments,118999900,364447461107.48627
odisha,2022,1,Merchant payments,118108271,74302051597.7621
odisha,2022,1,Recharge & bill payments,26083549,12133153536.781809
odisha,2022,1,Financial Services,102802,118946014.37332995
odisha,2022,1,Others,338977,225699523.4203592
odisha,2022,2,Merchant payments,148544714,90369380298.62819
odisha,2022,2,Peer-to-peer payments,134717859,405793657448.2689
odisha,2022,2,Recharge & bill payments,29843263,13602640170.909237
odisha,2022,2,Financial Services,88649,95050158.46585183
odisha,2022,2,Others,257113,174284263.75509703
odisha,2022,3,Merchant payments,188143417,102889591517.77438
odisha,2022,3,Peer-to-peer payments,161912635,444439407187.0311
odisha,2022,3,Recharge & bill payments,36270166,16916650473.363901
odisha,2022,3,Financial Services,113961,114005498.98461477
odisha,2022,3,Others,247147,185902663.39600113
odisha,2022,4,Merchant payments,222167575,121470843740.33278
odisha,2022,4,Peer-to-peer payments,186438654,512124643103.06616
odisha,2022,4,Recharge & bill payments,36735289,18266150373.351486
odisha,2022,4,Financial Services,132033,149681749.30767313
odisha,2022,4,Others,241192,205745557.94232672
odisha,2023,1,Merchant payments,243616581,133278562001.0
odisha,2023,1,Peer-to-peer payments,198553747,595933691341.0
odisha,2023,1,Recharge & bill payments,40372356,24411906758.0
odisha,2023,1,Financial Services,127296,134484035.0
odisha,2023,1,Others,226108,210333528.0
odisha,2023,2,Merchant payments,282885225,147421475866.0
odisha,2023,2,Peer-to-peer payments,217285461,625263844732.0
odisha,2023,2,Recharge & bill payments,44095331,26269101096.0
odisha,2023,2,Financial Services,145204,188423267.0
odisha,2023,2,Others,186608,189209143.0
odisha,2023,3,Merchant payments,337194096,160182679944.0
odisha,2023,3,Peer-to-peer payments,239288791,651619933183.0
odisha,2023,3,Recharge & bill payments,45575270,28052828938.0
odisha,2023,3,Financial Services,174288,272020312.0
odisha,2023,3,Others,165158,170875747.0
odisha,2023,4,Merchant payments,401974050,192706056039.0
odisha,2023,4,Peer-to-peer payments,282995042,753723955251.0
odisha,2023,4,Recharge & bill payments,46794630,31909484745.0
odisha,2023,4,Financial Services,219343,295192794.0
odisha,2023,4,Others,154411,157176808.0
odisha,2024,1,Merchant payments,480958823,229723048656.0
odisha,2024,1,Peer-to-peer payments,327868990,890454993995.0
odisha,2024,1,Recharge & bill payments,54984697,35740864005.0
odisha,2024,1,Financial Services,206264,317440749.0
odisha,2024,1,Others,159678,152375131.0
odisha,2024,2,Merchant payments,543560945,246063468363.0
odisha,2024,2,Peer-to-peer payments,342157122,881670858128.0
odisha,2024,2,Recharge & bill payments,57872828,36472333691.0
odisha,2024,2,Financial Services,259583,475998990.0
odisha,2024,2,Others,177257,156624829.0
odisha,2024,3,Merchant payments,594398252,254047831665.0
odisha,2024,3,Peer-to-peer payments,372445745,884610057048.0
odisha,2024,3,Recharge & bill payments,56600977,37869373438.0
odisha,2024,3,Financial Services,306057,542793477.0
odisha,2024,3,Others,189318,163889006.0
odisha,2024,4,Merchant payments,666763461,286924145371.0
odisha,2024,4,Peer-to-peer payments,418408615,978893406606.0
odisha,2024,4,Recharge & bill payments,56768341,38925218377.0
odisha,2024,4,Financial Services,971394,536760198.0
odisha,2024,4,Others,185757,178062687.0
puducherry,2018,1,Recharge & bill payments,53125,9704752.648983236
puducherry,2018,1,Peer-to-peer payments,40303,147834476.16250613
puducherry,2018,1,Merchant payments,4163,4427034.0315394765
puducherry,2018,1,Financial Services,2086,565799.4553442572
puducherry,2018,1,Others,4535,3293909.0714630377
puducherry,2018,2,Recharge & bill payments,59867,14607336.895731753
puducherry,2018,2,Peer-to-peer payments,57751,261299695.1891191
puducherry,2018,2,Merchant payments,6904,6103101.528770715
puducherry,2018,2,Financial Services,2105,822585.95719087
puducherry,2018,2,Others,3634,2968399.9616244407
puducherry,2018,3,Peer-to-peer payments,101817,378368361.36171496
puducherry,2018,3,Recharge & bill payments,67909,19654338.114449568
puducherry,2018,3,Merchant payments,14384,16102024.2759922
puducherry,2018,3,Financial Services,1766,395306.6421075966
puducherry,2018,3,Others,4395,3138045.0999426576
puducherry,2018,4,Peer-to-peer payments,173170,569825171.3369759
puducherry,2018,4,Recharge & bill payments,95788,25159891.51570208
puducherry,2018,4,Merchant payments,29470,25999609.7587573
puducherry,2018,4,Financial Services,3490,689170.0726864681
puducherry,2018,4,Others,6046,4017822.739373042
puducherry,2019,1,Peer-to-peer payments,313822,835983054.254643
puducherry,2019,1,Recharge & bill payments,124092,32635247.523153085
puducherry,2019,1,Merchant payments,54518,33763704.68083725
puducherry,2019,1,Financial Services,3165,337570.322842385
puducherry,2019,1,Others,5495,3753447.525046112
puducherry,2019,2,Peer-to-peer payments,331248,1109343371.746654
puducherry,2019,2,Recharge & bill payments,147585,46876569.36325147
puducherry,2019,2,Merchant payments,92941,49963601.61554676
puducherry,2019,2,Financial Services,1524,469351.5481967761
puducherry,2019,2,Others,6779,4794015.854158426
puducherry,2019,3,Peer-to-peer payments,394866,1316118199.672093
puducherry,2019,3,Recharge & bill payments,158483,57003044.29549825
puducherry,2019,3,Merchant payments,156137,82601335.47825414
puducherry,2019,3,Financial Services,1090,528680.8975952889
puducherry,2019,3,Others,6250,4457097.111970215
puducherry,2019,4,Peer-to-peer payments,559670,1725523873.442102
puducherry,2019,4,Merchant payments,249621,128039884.38667427
puducherry,2019,4,Recharge & bill payments,195707,74383571.67593375
puducherry,2019,4,Financial Services,1481,391196.1284481905
puducherry,2019,4,Others,6176,3689792.245744483
puducherry,2020,1,Peer-to-peer payments,600290,1919499665.8834748
puducherry,2020,1,Merchant payments,349788,184925417.68654612
puducherry,2020,1,Recharge & bill payments,251115,96515615.43520354
puducherry,2020,1,Financial Services,1527,858236.5498234634
puducherry,2020,1,Others,5201,3478541.524535387
puducherry,2020,2,Peer-to-peer payments,468789,1680190117.5830743
puducherry,2020,2,Recharge & bill payments,310746,115223074.03158064
puducherry,2020,2,Merchant payments,249951,160931601.28167117
puducherry,2020,2,Financial Services,1555,2339469.003658029
puducherry,2020,2,Others,2342,1346718.5876069884
puducherry,2020,3,Peer-to-peer payments,855511,3116583524.6597652
puducherry,2020,3,Merchant payments,560420,335583369.656126
puducherry,2020,3,Recharge & bill payments,306852,138925436.52727452
puducherry,2020,3,Financial Services,3039,4788490.3633705
puducherry,2020,3,Others,5080,2199408.2280669413
puducherry,2020,4,Peer-to-peer payments,1211359,4090057482.9812045
puducherry,2020,4,Merchant payments,1108292,647985607.5763036
puducherry,2020,4,Recharge & bill payments,383707,184037245.74375987
puducherry,2020,4,Financial Services,3783,3888988.236763457
puducherry,2020,4,Others,8862,4556893.133174548
puducherry,2021,1,Peer-to-peer payments,1406958,4798646712.501943
puducherry,2021,1,Merchant payments,1385444,857787315.6292762
puducherry,2021,1,Recharge & bill payments,504499,231829246.92353857
puducherry,2021,1,Financial Services,5073,5953397.434996936
puducherry,2021,1,Others,7458,5092899.253895952
puducherry,2021,2,Peer-to-peer payments,1581221,5266478797.142263
puducherry,2021,2,Merchant payments,1437110,932602617.3169692
puducherry,2021,2,Recharge & bill payments,719252,289799593.1571478
puducherry,2021,2,Financial Services,4851,4980243.907969391
puducherry,2021,2,Others,8953,4973445.019544071
puducherry,2021,3,Merchant payments,2273996,1443176801.0606492
puducherry,2021,3,Peer-to-peer payments,2089199,6918396493.778431
puducherry,2021,3,Recharge & bill payments,741388,356068931.7441095
puducherry,2021,3,Financial Services,4733,5523949.081350253
puducherry,2021,3,Others,12410,6808255.349929206
puducherry,2021,4,Merchant payments,3052713,1864951565.928207
puducherry,2021,4,Peer-to-peer payments,2530821,8113722339.447034
puducherry,2021,4,Recharge & bill payments,762641,428453211.3120815
puducherry,2021,4,Financial Services,5995,7655925.10855468
puducherry,2021,4,Others,16640,8868759.43463589
puducherry,2022,1,Merchant payments,3723135,2199614586.4039083
puducherry,2022,1,Peer-to-peer payments,2901199,9407577501.769796
puducherry,2022,1,Recharge & bill payments,715338,460522863.7855054
puducherry,2022,1,Financial Services,6203,8184455.912082582
puducherry,2022,1,Others,13301,7575497.515363299
puducherry,2022,2,Merchant payments,4613049,2693234774.5574756
puducherry,2022,2,Peer-to-peer payments,3242208,10537267921.61604
puducherry,2022,2,Recharge & bill payments,773154,535604974.57621765
puducherry,2022,2,Financial Services,4914,6556452.522381971
puducherry,2022,2,Others,10362,6081132.496780836
puducherry,2022,3,Merchant payments,3992974,2322908508.7835197
puducherry,2022,3,Peer-to-peer payments,2474932,8058325855.623236
puducherry,2022,3,Recharge & bill payments,564285,463054690.5826355
puducherry,2022,3,Financial Services,4621,5514275.578545391
puducherry,2022,3,Others,5915,4514380.573011656
puducherry,2022,4,Merchant payments,4464977,2534351530.8368397
puducherry,2022,4,Peer-to-peer payments,2547018,8141612224.034059
puducherry,2022,4,Recharge & bill payments,531963,453692483.7752487
puducherry,2022,4,Financial Services,6073,7875178.045195433
puducherry,2022,4,Others,6096,4673460.483150147
puducherry,2023,1,Merchant payments,6210806,3316530650.0
puducherry,2023,1,Peer-to-peer payments,3253673,10233359658.0
puducherry,2023,1,Recharge & bill payments,665403,659444437.0
puducherry,2023,1,Financial Services,6899,7467930.0
puducherry,2023,1,Others,7514,5585831.0
puducherry,2023,2,Merchant payments,6947299,3741027689.0
puducherry,2023,2,Peer-to-peer payments,3454536,10911578720.0
puducherry,2023,2,Recharge & bill payments,716315,721293051.0
puducherry,2023,2,Financial Services,5894,7597615.0
puducherry,2023,2,Others,6282,5236182.0
puducherry,2023,3,Merchant payments,7931739,4179109351.0
puducherry,2023,3,Peer-to-peer payments,3700961,11504274941.0
puducherry,2023,3,Recharge & bill payments,733610,749217503.0
puducherry,2023,3,Financial Services,7290,7192768.0
puducherry,2023,3,Others,6041,4697276.0
puducherry,2023,4,Merchant payments,8375075,4370563512.0
puducherry,2023,4,Peer-to-peer payments,3860142,11819316619.0
puducherry,2023,4,Recharge & bill payments,737154,820859102.0
puducherry,2023,4,Financial Services,7952,9479756.0
puducherry,2023,4,Others,5840,4291561.0
puducherry,2024,1,Merchant payments,8721907,4329956028.0
puducherry,2024,1,Peer-to-peer payments,3970891,12177414629.0
puducherry,2024,1,Recharge & bill payments,740529,864726690.0
puducherry,2024,1,Financial Services,8561,10368835.0
puducherry,2024,1,Others,5062,4015795.0
puducherry,2024,2,Merchant payments,9644255,4716626511.0
puducherry,2024,2,Peer-to-peer payments,4156839,12651154981.0
puducherry,2024,2,Recharge & bill payments,749291,855888787.0
puducherry,2024,2,Financial Services,8978,12912682.0
puducherry,2024,2,Others,5532,5426775.0
puducherry,2024,3,Merchant payments,10635002,5125352228.0
puducherry,2024,3,Peer-to-peer payments,4591074,13471904720.0
puducherry,2024,3,Recharge & bill payments,768057,915335917.0
puducherry,2024,3,Financial Services,9013,16592842.0
puducherry,2024,3,Others,5565,5818689.0
puducherry,2024,4,Merchant payments,11056472,5370645087.0
puducherry,2024,4,Peer-to-peer payments,4714040,13672653365.0
puducherry,2024,4,Recharge & bill payments,750373,899779153.0
puducherry,2024,4,Financial Services,33413,17161928.0
puducherry,2024,4,Others,5379,5153014.0
punjab,2018,1,Recharge & bill payments,946338,196018621.35851485
punjab,2018,1,Peer-to-peer payments,690684,2412434633.5413933
punjab,2018,1,Merchant payments,87477,83873893.96204324
punjab,2018,1,Financial Services,60688,11162488.423236402
punjab,2018,1,Others,85246,77268587.56920797
punjab,2018,2,Recharge & bill payments,1262450,395417027.849745
punjab,2018,2,Peer-to-peer payments,1017159,4036457553.7177477
punjab,2018,2,Merchant payments,147667,159406610.2632674
punjab,2018,2,Financial Services,82256,17719391.411258094
punjab,2018,2,Others,71631,75671628.7650177
punjab,2018,3,Peer-to-peer payments,1684209,6173898400.559117
punjab,2018,3,Recharge & bill payments,1381730,622737633.7524918
punjab,2018,3,Merchant payments,274458,194883994.57571086
punjab,2018,3,Financial Services,54285,9429174.53468925
punjab,2018,3,Others,67426,64737840.39918464
punjab,2018,4,Peer-to-peer payments,2269375,9404088424.489891
punjab,2018,4,Recharge & bill payments,1817964,825449591.241031
punjab,2018,4,Merchant payments,648096,455091549.5918779
punjab,2018,4,Financial Services,62453,11832962.875482317
punjab,2018,4,Others,89249,85520045.45150709
punjab,2019,1,Peer-to-peer payments,4026294,12027441595.712797
punjab,2019,1,Recharge & bill payments,2304690,986004867.8072444
punjab,2019,1,Merchant payments,711152,478382600.617519
punjab,2019,1,Financial Services,45621,6871295.954710579
punjab,2019,1,Others,84380,75789641.76089522
punjab,2019,2,Peer-to-peer payments,4140474,16258891447.321405
punjab,2019,2,Recharge & bill payments,2815047,1440058991.4565237
punjab,2019,2,Merchant payments,1407963,815090878.0150015
punjab,2019,2,Financial Services,37435,6876144.454559349
punjab,2019,2,Others,108911,93875933.52482703
punjab,2019,3,Peer-to-peer payments,4726946,19146726286.636036
punjab,2019,3,Recharge & bill payments,3455594,2481094964.9170833
punjab,2019,3,Merchant payments,2374014,1183743251.2734203
punjab,2019,3,Financial Services,32359,7912219.734296376
punjab,2019,3,Others,117899,86338883.28250344
punjab,2019,4,Peer-to-peer payments,6386367,25564144629.75061
punjab,2019,4,Recharge & bill payments,4068332,2622222199.1884565
punjab,2019,4,Merchant payments,3122413,1741259163.3677325
punjab,2019,4,Financial Services,22956,6382345.429778575
punjab,2019,4,Others,98557,55793908.45587015
punjab,2020,1,Peer-to-peer payments,6339183,26350005915.230072
punjab,2020,1,Recharge & bill payments,4935115,2767419472.6505165
punjab,2020,1,Merchant payments,3838480,2196329615.3949203
punjab,2020,1,Financial Services,17924,10987850.955996178
punjab,2020,1,Others,87082,49442411.668161854
punjab,2020,2,Recharge & bill payments,6064807,3089758241.1281967
punjab,2020,2,Peer-to-peer payments,5639212,25074384847.498463
punjab,2020,2,Merchant payments,2290868,2058898904.3613408
punjab,2020,2,Financial Services,23314,23704957.876037344
punjab,2020,2,Others,63093,37907301.34960769
punjab,2020,3,Peer-to-peer payments,7354451,32477438924.476498
punjab,2020,3,Recharge & bill payments,5478668,4066750820.6407743
punjab,2020,3,Merchant payments,4261548,3490665357.291087
punjab,2020,3,Financial Services,32390,42060249.32847581
punjab,2020,3,Others,82516,46176796.076553434
punjab,2020,4,Peer-to-peer payments,9609405,43286909256.83391
punjab,2020,4,Merchant payments,7144295,6142380827.109474
punjab,2020,4,Recharge & bill payments,6072201,4201551869.9511185
punjab,2020,4,Financial Services,38820,51677182.316327386
punjab,2020,4,Others,133204,92887343.34418696
punjab,2021,1,Peer-to-peer payments,10951083,46908632143.31532
punjab,2021,1,Merchant payments,9333364,7651004598.907397
punjab,2021,1,Recharge & bill payments,6332928,3980874403.2760215
punjab,2021,1,Financial Services,43094,52009482.41407214
punjab,2021,1,Others,110366,98366463.19387978
punjab,2021,2,Peer-to-peer payments,13180933,55282486111.30394
punjab,2021,2,Merchant payments,11225598,9710508482.436422
punjab,2021,2,Recharge & bill payments,7591039,4370756868.518326
punjab,2021,2,Financial Services,46218,53309051.06501615
punjab,2021,2,Others,127460,113998049.29147904
punjab,2021,3,Peer-to-peer payments,17024782,66149902036.358826
punjab,2021,3,Merchant payments,16837685,14103740968.543571
punjab,2021,3,Recharge & bill payments,8465739,5540272095.274853
punjab,2021,3,Financial Services,43789,63576666.590925634
punjab,2021,3,Others,161494,135069073.84402025
punjab,2021,4,Merchant payments,22669743,20753662875.546524
punjab,2021,4,Peer-to-peer payments,20663881,83611403637.31992
punjab,2021,4,Recharge & bill payments,8765579,6107473171.935022
punjab,2021,4,Financial Services,58581,86356456.60324252
punjab,2021,4,Others,201576,151230100.5948589
punjab,2022,1,Merchant payments,25979197,23217511696.823074
punjab,2022,1,Peer-to-peer payments,22354946,88645204328.52362
punjab,2022,1,Recharge & bill payments,9188439,6317909908.645241
punjab,2022,1,Financial Services,57561,83933665.00820544
punjab,2022,1,Others,178159,125418506.96271203
punjab,2022,2,Merchant payments,35941880,28585688543.687046
punjab,2022,2,Peer-to-peer payments,25952349,100938068541.26062
punjab,2022,2,Recharge & bill payments,10161030,7652499714.013335
punjab,2022,2,Financial Services,50483,57234782.46271807
punjab,2022,2,Others,167081,111934787.80332904
punjab,2022,3,Merchant payments,43089589,32370885165.312702
punjab,2022,3,Peer-to-peer payments,29862592,107653378074.87231
punjab,2022,3,Recharge & bill payments,11017816,9119649328.792372
punjab,2022,3,Financial Services,57979,68249938.53956848
punjab,2022,3,Others,149921,107280498.83777893
punjab,2022,4,Merchant payments,48358802,38162493193.40967
punjab,2022,4,Peer-to-peer payments,32377106,120512767954.99376
punjab,2022,4,Recharge & bill payments,10895208,9248445985.684328
punjab,2022,4,Financial Services,62809,72160390.22791913
punjab,2022,4,Others,141255,111559653.62333827
punjab,2023,1,Merchant payments,50683710,37462999833.0
punjab,2023,1,Peer-to-peer payments,33701280,126365345151.0
punjab,2023,1,Recharge & bill payments,12305439,11478972029.0
punjab,2023,1,Financial Services,70521,79209681.0
punjab,2023,1,Others,149871,122150166.0
punjab,2023,2,Merchant payments,64565961,41553118124.0
punjab,2023,2,Peer-to-peer payments,39301140,140243650141.0
punjab,2023,2,Recharge & bill payments,13207924,12183745216.0
punjab,2023,2,Financial Services,76961,95312222.0
punjab,2023,2,Others,138303,105749751.0
punjab,2023,3,Merchant payments,74881815,46565196649.0
punjab,2023,3,Peer-to-peer payments,43379354,145286422875.0
punjab,2023,3,Recharge & bill payments,13684178,13149660821.0
punjab,2023,3,Financial Services,92473,129392229.0
punjab,2023,3,Others,123361,94910163.0
punjab,2023,4,Merchant payments,81248644,54620603519.0
punjab,2023,4,Peer-to-peer payments,47365190,161825075689.0
punjab,2023,4,Recharge & bill payments,13392115,14445536415.0
punjab,2023,4,Financial Services,102014,156978606.0
punjab,2023,4,Others,121032,91267936.0
punjab,2024,1,Merchant payments,82004146,54424588041.0
punjab,2024,1,Peer-to-peer payments,46824100,154223751669.0
punjab,2024,1,Recharge & bill payments,13489430,14372835813.0
punjab,2024,1,Financial Services,99631,178070057.0
punjab,2024,1,Others,119872,104174742.0
punjab,2024,2,Merchant payments,104440898,62100642546.0
punjab,2024,2,Peer-to-peer payments,53315081,167465027818.0
punjab,2024,2,Recharge & bill payments,13930343,14507273633.0
punjab,2024,2,Financial Services,118746,207422928.0
punjab,2024,2,Others,141069,154670059.0
punjab,2024,3,Merchant payments,114061023,66317076283.0
punjab,2024,3,Peer-to-peer payments,58974111,173913771523.0
punjab,2024,3,Recharge & bill payments,14254453,15458601083.0
punjab,2024,3,Financial Services,146791,259188448.0
punjab,2024,3,Others,118342,167519192.0
punjab,2024,4,Merchant payments,120801535,76355607365.0
punjab,2024,4,Peer-to-peer payments,64087805,197067021486.0
punjab,2024,4,Recharge & bill payments,14140889,15295409347.0
punjab,2024,4,Financial Services,367578,224863465.0
punjab,2024,4,Others,111413,182750369.0
rajasthan,2018,1,Recharge & bill payments,4305940,868358581.1737025
rajasthan,2018,1,Peer-to-peer payments,2540658,7547652852.662634
rajasthan,2018,1,Financial Services,202537,37125466.49571308
rajasthan,2018,1,Merchant payments,184127,201212697.26059398
rajasthan,2018,1,Others,358428,271943533.1341365
rajasthan,2018,2,Recharge & bill payments,5288093,1511007056.105427
rajasthan,2018,2,Peer-to-peer payments,3770555,13341587602.422176
rajasthan,2018,2,Merchant payments,345752,342809667.5935513
rajasthan,2018,2,Financial Services,279471,52145152.93902289
rajasthan,2018,2,Others,289826,311536696.6979239
rajasthan,2018,3,Peer-to-peer payments,7120792,21010614922.14291
rajasthan,2018,3,Recharge & bill payments,5894660,2252031409.939968
rajasthan,2018,3,Merchant payments,711240,445504998.0014268
rajasthan,2018,3,Financial Services,230083,30185982.18078412
rajasthan,2018,3,Others,300323,302431358.9473551
rajasthan,2018,4,Peer-to-peer payments,10752729,33578327037.682457
rajasthan,2018,4,Recharge & bill payments,7557003,2743591538.8320713
rajasthan,2018,4,Merchant payments,1985927,1172254323.9731452
rajasthan,2018,4,Financial Services,311632,40412563.014562674
rajasthan,2018,4,Others,352432,374501619.8364362
rajasthan,2019,1,Peer-to-peer payments,27621606,55246071722.22856
rajasthan,2019,1,Recharge & bill payments,11650961,3821181816.6204696
rajasthan,2019,1,Merchant payments,3921438,1664209334.5681162
rajasthan,2019,1,Financial Services,359993,36340412.57538466
rajasthan,2019,1,Others,402042,373355289.5614773
rajasthan,2019,2,Peer-to-peer payments,25257679,79466464089.34059
rajasthan,2019,2,Recharge & bill payments,14968290,5709279550.854211
rajasthan,2019,2,Merchant payments,9026751,3435472167.201069
rajasthan,2019,2,Financial Services,182685,34134486.762421735
rajasthan,2019,2,Others,573881,461962878.5071422
rajasthan,2019,3,Peer-to-peer payments,29885618,97443950786.5758
rajasthan,2019,3,Merchant payments,19646612,6705923742.563935
rajasthan,2019,3,Recharge & bill payments,16970783,7872719571.602099
rajasthan,2019,3,Financial Services,217029,37899900.33366185
rajasthan,2019,3,Others,583575,407796030.8547787
rajasthan,2019,4,Peer-to-peer payments,43354317,140449134717.291
rajasthan,2019,4,Recharge & bill payments,20604852,9028860435.054995
rajasthan,2019,4,Merchant payments,20544791,9721826538.354998
rajasthan,2019,4,Financial Services,101805,25014672.38444693
rajasthan,2019,4,Others,468477,227573686.58499068
rajasthan,2020,1,Peer-to-peer payments,48269912,165468574323.88968
rajasthan,2020,1,Merchant payments,27880848,13643061482.35596
rajasthan,2020,1,Recharge & bill payments,25631131,10961167179.81334
rajasthan,2020,1,Financial Services,72604,34466606.25327997
rajasthan,2020,1,Others,404317,200968968.6958118
rajasthan,2020,2,Peer-to-peer payments,49160792,166176386876.30048
rajasthan,2020,2,Recharge & bill payments,31681776,13014051935.53691
rajasthan,2020,2,Merchant payments,20756594,14354151782.39264
rajasthan,2020,2,Financial Services,92875,76662259.20544848
rajasthan,2020,2,Others,262619,142020149.829893
rajasthan,2020,3,Peer-to-peer payments,73247856,249006720239.33432
rajasthan,2020,3,Merchant payments,45149210,27714680562.343937
rajasthan,2020,3,Recharge & bill payments,30148875,16650017440.553333
rajasthan,2020,3,Financial Services,146383,113675141.51464571
rajasthan,2020,3,Others,396352,193212778.7117864
rajasthan,2020,4,Peer-to-peer payments,88730951,321280847680.95026
rajasthan,2020,4,Merchant payments,67367264,46142484518.08269
rajasthan,2020,4,Recharge & bill payments,33455755,18123908525.97014
rajasthan,2020,4,Financial Services,169294,136058685.85299307
rajasthan,2020,4,Others,560171,351480425.6482615
rajasthan,2021,1,Peer-to-peer payments,116733195,408190388154.2274
rajasthan,2021,1,Merchant payments,96394132,61936457709.223076
rajasthan,2021,1,Recharge & bill payments,38919519,20855464604.344055
rajasthan,2021,1,Financial Services,192936,162581466.93308985
rajasthan,2021,1,Others,491137,347689722.9177618
rajasthan,2021,2,Peer-to-peer payments,139277445,467784146764.7472
rajasthan,2021,2,Merchant payments,97860493,69922875807.46701
rajasthan,2021,2,Recharge & bill payments,49501703,23387103755.819714
rajasthan,2021,2,Financial Services,216441,186606893.61035594
rajasthan,2021,2,Others,620957,422031947.60023904
rajasthan,2021,3,Peer-to-peer payments,181742972,575912799217.8965
rajasthan,2021,3,Merchant payments,167819345,105548321875.05884
rajasthan,2021,3,Recharge & bill payments,49709657,28335516739.41771
rajasthan,2021,3,Financial Services,197211,190362135.86135098
rajasthan,2021,3,Others,815568,524328574.25040925
rajasthan,2021,4,Merchant payments,221774624,151967969235.0213
rajasthan,2021,4,Peer-to-peer payments,212937264,718215327365.9165
rajasthan,2021,4,Recharge & bill payments,51610607,32831163302.92643
rajasthan,2021,4,Financial Services,265091,263180819.6932125
rajasthan,2021,4,Others,1034011,656777820.7586894
rajasthan,2022,1,Merchant payments,267467038,171182113048.26318
rajasthan,2022,1,Peer-to-peer payments,241739380,814525435614.1678
rajasthan,2022,1,Recharge & bill payments,54555117,35542881861.07577
rajasthan,2022,1,Financial Services,244029,243340851.71204624
rajasthan,2022,1,Others,956656,556409604.9103613
rajasthan,2022,2,Merchant payments,336900860,208238945148.44
rajasthan,2022,2,Peer-to-peer payments,263380560,905641041298.7231
rajasthan,2022,2,Recharge & bill payments,59879660,38325678033.564705
rajasthan,2022,2,Financial Services,170705,175399371.37748802
rajasthan,2022,2,Others,838365,452454748.2866859
rajasthan,2022,3,Merchant payments,398104319,230609701751.02283
rajasthan,2022,3,Peer-to-peer payments,299383118,961209376585.5621
rajasthan,2022,3,Recharge & bill payments,69118763,46000391408.24405
rajasthan,2022,3,Financial Services,215235,220271929.84233993
rajasthan,2022,3,Others,719925,449514643.6055006
rajasthan,2022,4,Merchant payments,457778005,275194969877.524
rajasthan,2022,4,Peer-to-peer payments,334316758,1130380720682.5203
rajasthan,2022,4,Recharge & bill payments,72510470,50609988781.94313
rajasthan,2022,4,Financial Services,244442,270658680.97924906
rajasthan,2022,4,Others,725173,500361375.69058275
rajasthan,2023,1,Merchant payments,484552414,276693132279.0
rajasthan,2023,1,Peer-to-peer payments,353301155,1216864232698.0
rajasthan,2023,1,Recharge & bill payments,82232131,60583110261.0
rajasthan,2023,1,Financial Services,259195,274450998.0
rajasthan,2023,1,Others,751791,498449614.0
rajasthan,2023,2,Merchant payments,592487449,310487787699.0
rajasthan,2023,2,Peer-to-peer payments,389865502,1321457235324.0
rajasthan,2023,2,Recharge & bill payments,90082184,65720609268.0
rajasthan,2023,2,Financial Services,289948,328805088.0
rajasthan,2023,2,Others,734255,461148921.0
rajasthan,2023,3,Merchant payments,704324393,341799936129.0
rajasthan,2023,3,Peer-to-peer payments,438800339,1385976868598.0
rajasthan,2023,3,Recharge & bill payments,93085762,71540658202.0
rajasthan,2023,3,Financial Services,359675,484002475.0
rajasthan,2023,3,Others,661998,423978212.0
rajasthan,2023,4,Merchant payments,766981185,396873110176.0
rajasthan,2023,4,Peer-to-peer payments,484250991,1587157118494.0
rajasthan,2023,4,Recharge & bill payments,97092812,81348244193.0
rajasthan,2023,4,Financial Services,443168,570385125.0
rajasthan,2023,4,Others,703998,430749813.0
rajasthan,2024,1,Merchant payments,919893321,461976302970.0
rajasthan,2024,1,Peer-to-peer payments,566762679,1797249393778.0
rajasthan,2024,1,Recharge & bill payments,111655206,90033046149.0
rajasthan,2024,1,Financial Services,475140,770584971.0
rajasthan,2024,1,Others,687661,470845922.0
rajasthan,2024,2,Merchant payments,1096672010,523282312007.0
rajasthan,2024,2,Peer-to-peer payments,603947443,1879643438141.0
rajasthan,2024,2,Recharge & bill payments,116905611,92675346901.0
rajasthan,2024,2,Financial Services,580197,900517039.0
rajasthan,2024,2,Others,749845,592923836.0
rajasthan,2024,3,Merchant payments,1180358044,539372910912.0
rajasthan,2024,3,Peer-to-peer payments,638917092,1829890897007.0
rajasthan,2024,3,Recharge & bill payments,114791455,101313424056.0
rajasthan,2024,3,Financial Services,740449,1135779724.0
rajasthan,2024,3,Others,597995,544704206.0
rajasthan,2024,4,Merchant payments,1255692535,612426670218.0
rajasthan,2024,4,Peer-to-peer payments,672419613,2073546444802.0
rajasthan,2024,4,Recharge & bill payments,112704437,105312390698.0
rajasthan,2024,4,Financial Services,2077251,1154736814.0
rajasthan,2024,4,Others,575711,609128876.0
sikkim,2018,1,Recharge & bill payments,26965,4823943.542263939
sikkim,2018,1,Peer-to-peer payments,13559,56334584.632872
sikkim,2018,1,Merchant payments,1349,1677583.1440411464
sikkim,2018,1,Financial Services,608,86906.81958101383
sikkim,2018,1,Others,1597,1727920.8016103164
sikkim,2018,2,Recharge & bill payments,45435,9465769.856051585
sikkim,2018,2,Peer-to-peer payments,24237,127051984.3879841
sikkim,2018,2,Merchant payments,2556,4713227.148135973
sikkim,2018,2,Financial Services,562,218130.12995975127
sikkim,2018,2,Others,1788,2243974.0076642134
sikkim,2018,3,Recharge & bill payments,58421,12221506.18938216
sikkim,2018,3,Peer-to-peer payments,43195,215547415.4557628
sikkim,2018,3,Merchant payments,4521,5322296.747954514
sikkim,2018,3,Financial Services,562,261766.8021705601
sikkim,2018,3,Others,1801,1727241.758047811
sikkim,2018,4,Recharge & bill payments,79232,16713780.628117373
sikkim,2018,4,Peer-to-peer payments,65451,351253329.74205655
sikkim,2018,4,Merchant payments,7452,12637809.239460425
sikkim,2018,4,Financial Services,717,596472.7145790398
sikkim,2018,4,Others,1681,1939965.7540404093
sikkim,2019,1,Peer-to-peer payments,121984,422987999.89472675
sikkim,2019,1,Recharge & bill payments,96878,20711589.874598008
sikkim,2019,1,Merchant payments,18346,11837344.846847566
sikkim,2019,1,Financial Services,1225,191594.23340424805
sikkim,2019,1,Others,1854,2265105.53451732
sikkim,2019,2,Peer-to-peer payments,172125,674044301.8399961
sikkim,2019,2,Recharge & bill payments,142582,32535297.489453897
sikkim,2019,2,Merchant payments,66722,28248001.02647286
sikkim,2019,2,Financial Services,2294,310197.54774877685
sikkim,2019,2,Others,4521,3756445.53226958
sikkim,2019,3,Peer-to-peer payments,203052,794235862.6317357
sikkim,2019,3,Merchant payments,188753,52337322.5262961
sikkim,2019,3,Recharge & bill payments,156125,33922224.892257094
sikkim,2019,3,Financial Services,288,548142.8999844441
sikkim,2019,3,Others,4218,3672895.4901549704
sikkim,2019,4,Peer-to-peer payments,508471,1086457147.940953
sikkim,2019,4,Recharge & bill payments,181287,42705664.08625737
sikkim,2019,4,Merchant payments,73992,43954548.804204434
sikkim,2019,4,Financial Services,373,494076.3450829056
sikkim,2019,4,Others,2947,2898164.4797200123
sikkim,2020,1,Peer-to-peer payments,230413,954765350.1856782
sikkim,2020,1,Recharge & bill payments,215586,53588505.838823974
sikkim,2020,1,Merchant payments,79881,43201695.38937264
sikkim,2020,1,Financial Services,345,175569.53933206247
sikkim,2020,1,Others,1893,1745150.991195219
sikkim,2020,2,Recharge & bill payments,297620,78397187.10935993
sikkim,2020,2,Peer-to-peer payments,186495,939900165.9422412
sikkim,2020,2,Merchant payments,31442,34385184.65717751
sikkim,2020,2,Financial Services,883,999656.0722047673
sikkim,2020,2,Others,1291,936594.480283038
sikkim,2020,3,Recharge & bill payments,298885,83894642.6709112
sikkim,2020,3,Peer-to-peer payments,245087,1255521152.966514
sikkim,2020,3,Merchant payments,49299,58337178.67223759
sikkim,2020,3,Financial Services,1252,1795366.733436462
sikkim,2020,3,Others,1912,1378387.6172995246
sikkim,2020,4,Peer-to-peer payments,334069,1711730126.584541
sikkim,2020,4,Recharge & bill payments,301382,90168624.05415541
sikkim,2020,4,Merchant payments,95503,112478003.86391157
sikkim,2020,4,Financial Services,1427,2361187.592392395
sikkim,2020,4,Others,2654,2537863.027923054
sikkim,2021,1,Peer-to-peer payments,403703,1965492629.578867
sikkim,2021,1,Recharge & bill payments,279679,93174110.112334
sikkim,2021,1,Merchant payments,112925,154183320.1372872
sikkim,2021,1,Financial Services,1844,3027799.2784099854
sikkim,2021,1,Others,2038,1789867.7338266163
sikkim,2021,2,Peer-to-peer payments,473141,2125758496.616091
sikkim,2021,2,Recharge & bill payments,345495,103846501.52404109
sikkim,2021,2,Merchant payments,153671,190473176.21848944
sikkim,2021,2,Financial Services,1865,2851874.287465013
sikkim,2021,2,Others,2542,1969531.0292125773
sikkim,2021,3,Peer-to-peer payments,595826,2582075089.383399
sikkim,2021,3,Recharge & bill payments,346173,111613776.75942023
sikkim,2021,3,Merchant payments,213808,290732930.46291006
sikkim,2021,3,Financial Services,1689,2624558.3857180667
sikkim,2021,3,Others,3098,2290508.8169457563
sikkim,2021,4,Peer-to-peer payments,831597,3548508409.656125
sikkim,2021,4,Recharge & bill payments,376078,136473754.40071422
sikkim,2021,4,Merchant payments,369343,504586163.5569785
sikkim,2021,4,Financial Services,2269,3162023.7210206646
sikkim,2021,4,Others,5058,4052910.300969372
sikkim,2022,1,Peer-to-peer payments,916940,3650961081.00263
sikkim,2022,1,Merchant payments,449273,570784579.6670712
sikkim,2022,1,Recharge & bill payments,371579,139135962.10369253
sikkim,2022,1,Financial Services,2124,3062332.163804472
sikkim,2022,1,Others,4386,3487320.9262269526
sikkim,2022,2,Peer-to-peer payments,1198014,4596501308.195931
sikkim,2022,2,Merchant payments,706658,847497607.0893551
sikkim,2022,2,Recharge & bill payments,411189,162174479.6973383
sikkim,2022,2,Financial Services,1758,1861284.7969863976
sikkim,2022,2,Others,4462,3070990.527526753
sikkim,2022,3,Peer-to-peer payments,1222037,4173703593.656705
sikkim,2022,3,Merchant payments,772650,830361400.9603965
sikkim,2022,3,Recharge & bill payments,397207,153567926.32171312
sikkim,2022,3,Financial Services,1538,2851319.5479129553
sikkim,2022,3,Others,3326,2396303.4047308513
sikkim,2022,4,Peer-to-peer payments,1548662,5175155338.821596
sikkim,2022,4,Merchant payments,1033541,1096220774.255463
sikkim,2022,4,Recharge & bill payments,470639,181281682.32208142
sikkim,2022,4,Financial Services,2049,2701971.788609252
sikkim,2022,4,Others,3448,3025622.2320622765
sikkim,2023,1,Peer-to-peer payments,1779090,5451626602.0
sikkim,2023,1,Merchant payments,1067585,1091745064.0
sikkim,2023,1,Recharge & bill payments,543957,213517668.0
sikkim,2023,1,Financial Services,2603,2801184.0
sikkim,2023,1,Others,2893,2877504.0
sikkim,2023,2,Peer-to-peer payments,2196285,6799375282.0
sikkim,2023,2,Merchant payments,1616549,1523202088.0
sikkim,2023,2,Recharge & bill payments,594826,251468530.0
sikkim,2023,2,Financial Services,2790,3457083.0
sikkim,2023,2,Others,2517,2847453.0
sikkim,2023,3,Peer-to-peer payments,2187102,6245427022.0
sikkim,2023,3,Merchant payments,2011690,1619166618.0
sikkim,2023,3,Recharge & bill payments,600784,233423001.0
sikkim,2023,3,Financial Services,3289,7262131.0
sikkim,2023,3,Others,2072,1958649.0
sikkim,2023,4,Peer-to-peer payments,2165502,6467541154.0
sikkim,2023,4,Merchant payments,2124031,1877772225.0
sikkim,2023,4,Recharge & bill payments,562618,235242389.0
sikkim,2023,4,Financial Services,3357,7657246.0
sikkim,2023,4,Others,1816,2395457.0
sikkim,2024,1,Merchant payments,2707037,2172007531.0
sikkim,2024,1,Peer-to-peer payments,2501457,6989057055.0
sikkim,2024,1,Recharge & bill payments,605942,278107861.0
sikkim,2024,1,Financial Services,3962,14632590.0
sikkim,2024,1,Others,1748,1916486.0
sikkim,2024,2,Merchant payments,3610564,2756669498.0
sikkim,2024,2,Peer-to-peer payments,2927640,8213879109.0
sikkim,2024,2,Recharge & bill payments,642240,310411870.0
sikkim,2024,2,Financial Services,5988,12875123.0
sikkim,2024,2,Others,1890,2682555.0
sikkim,2024,3,Merchant payments,3967262,2720586221.0
sikkim,2024,3,Peer-to-peer payments,3060298,7537324304.0
sikkim,2024,3,Recharge & bill payments,677635,293314207.0
sikkim,2024,3,Financial Services,6715,15986708.0
sikkim,2024,3,Others,1871,2617632.0
sikkim,2024,4,Merchant payments,4746814,3358031205.0
sikkim,2024,4,Peer-to-peer payments,3464526,8951460155.0
sikkim,2024,4,Recharge & bill payments,682763,312543062.0
sikkim,2024,4,Financial Services,20851,15322191.0
sikkim,2024,4,Others,1916,3744785.0
tamil-nadu,2018,1,Recharge & bill payments,3308548,646028338.3951533
tamil-nadu,2018,1,Peer-to-peer payments,2670613,10031518934.085688
tamil-nadu,2018,1,Merchant payments,326510,272002057.1736871
tamil-nadu,2018,1,Financial Services,115363,31876073.74792233
tamil-nadu,2018,1,Others,305588,280132294.11422664
tamil-nadu,2018,2,Recharge & bill payments,4464677,1189892955.8051775
tamil-nadu,2018,2,Peer-to-peer payments,4433762,18067624388.09562
tamil-nadu,2018,2,Merchant payments,627918,517130320.4660308
tamil-nadu,2018,2,Financial Services,167035,65402385.25640666
tamil-nadu,2018,2,Others,298736,285794226.64323723
tamil-nadu,2018,3,Peer-to-peer payments,8810836,26792462660.044968
tamil-nadu,2018,3,Recharge & bill payments,5148411,1521551955.205038
tamil-nadu,2018,3,Merchant payments,1290978,733189649.5729834
tamil-nadu,2018,3,Financial Services,191732,37049222.36590697
tamil-nadu,2018,3,Others,332121,245838753.995272
tamil-nadu,2018,4,Peer-to-peer payments,11538547,39180083690.57276
tamil-nadu,2018,4,Recharge & bill payments,7093764,2020329567.8245385
tamil-nadu,2018,4,Merchant payments,3145621,1742903221.432857
tamil-nadu,2018,4,Financial Services,228398,46571758.68242933
tamil-nadu,2018,4,Others,451114,312185737.38152075
tamil-nadu,2019,1,Peer-to-peer payments,18645926,51296299081.44436
tamil-nadu,2019,1,Recharge & bill payments,8863289,2695317014.8660007
tamil-nadu,2019,1,Merchant payments,4195222,1924461188.9900146
tamil-nadu,2019,1,Financial Services,193261,31217137.545322973
tamil-nadu,2019,1,Others,377347,256742393.28426796
tamil-nadu,2019,2,Peer-to-peer payments,16952961,57924128549.06981
tamil-nadu,2019,2,Recharge & bill payments,8414514,3280033639.8500404
tamil-nadu,2019,2,Merchant payments,6296995,2690331792.5060787
tamil-nadu,2019,2,Financial Services,70142,18334602.389631532
tamil-nadu,2019,2,Others,437125,294847441.9421142
tamil-nadu,2019,3,Peer-to-peer payments,21277636,70615331408.53966
tamil-nadu,2019,3,Merchant payments,10344027,4079315732.661683
tamil-nadu,2019,3,Recharge & bill payments,9246678,3964144354.4161515
tamil-nadu,2019,3,Financial Services,88261,27213741.831077334
tamil-nadu,2019,3,Others,453581,273599406.1898495
tamil-nadu,2019,4,Peer-to-peer payments,28814008,91858026341.27563
tamil-nadu,2019,4,Merchant payments,16153034,6420193204.780616
tamil-nadu,2019,4,Recharge & bill payments,11157765,4681454397.562926
tamil-nadu,2019,4,Financial Services,60624,24332240.65556671
tamil-nadu,2019,4,Others,410980,206859328.2685905
tamil-nadu,2020,1,Peer-to-peer payments,30880360,101907683045.28436
tamil-nadu,2020,1,Merchant payments,21541556,8950736938.223478
tamil-nadu,2020,1,Recharge & bill payments,14134259,5493239429.7322235
tamil-nadu,2020,1,Financial Services,61427,41422107.813630365
tamil-nadu,2020,1,Others,335871,176604658.386683
tamil-nadu,2020,2,Peer-to-peer payments,21700844,82347647064.12332
tamil-nadu,2020,2,Recharge & bill payments,18474731,6414781159.484189
tamil-nadu,2020,2,Merchant payments,11477546,6909361871.628206
tamil-nadu,2020,2,Financial Services,78584,89189349.84916353
tamil-nadu,2020,2,Others,138405,65529451.74366937
tamil-nadu,2020,3,Peer-to-peer payments,31754077,123561080533.04672
tamil-nadu,2020,3,Merchant payments,20664887,12554589575.504852
tamil-nadu,2020,3,Recharge & bill payments,17521756,7476952307.406668
tamil-nadu,2020,3,Financial Services,129671,158512062.54590106
tamil-nadu,2020,3,Others,207434,90281020.15995154
tamil-nadu,2020,4,Peer-to-peer payments,47800741,172196381789.491
tamil-nadu,2020,4,Merchant payments,41297305,24417758781.65223
tamil-nadu,2020,4,Recharge & bill payments,21563946,9462546013.163391
tamil-nadu,2020,4,Financial Services,153044,186775413.14290395
tamil-nadu,2020,4,Others,364665,209735503.54521424
tamil-nadu,2021,1,Peer-to-peer payments,57446279,206405230307.9611
tamil-nadu,2021,1,Merchant payments,53811885,30722779534.582508
tamil-nadu,2021,1,Recharge & bill payments,24826273,11115915388.739548
tamil-nadu,2021,1,Financial Services,170620,215319360.4840321
tamil-nadu,2021,1,Others,301617,208899281.88347316
tamil-nadu,2021,2,Peer-to-peer payments,60812902,216379027686.30246
tamil-nadu,2021,2,Merchant payments,52048347,33504798112.88382
tamil-nadu,2021,2,Recharge & bill payments,32753032,13155346942.255478
tamil-nadu,2021,2,Financial Services,192614,225113402.6634022
tamil-nadu,2021,2,Others,351547,223054882.44675264
tamil-nadu,2021,3,Merchant payments,85074941,52932187058.575195
tamil-nadu,2021,3,Peer-to-peer payments,83833356,296121079294.8346
tamil-nadu,2021,3,Recharge & bill payments,34751691,15613287081.611631
tamil-nadu,2021,3,Financial Services,182097,246146707.2790811
tamil-nadu,2021,3,Others,515319,294622911.6328684
tamil-nadu,2021,4,Merchant payments,117578360,70539086832.13815
tamil-nadu,2021,4,Peer-to-peer payments,104493071,353529424598.23047
tamil-nadu,2021,4,Recharge & bill payments,36163870,18979178477.53405
tamil-nadu,2021,4,Financial Services,228761,275850497.094934
tamil-nadu,2021,4,Others,691914,400412189.80491126
tamil-nadu,2022,1,Merchant payments,139788772,81798208975.87326
tamil-nadu,2022,1,Peer-to-peer payments,119383791,409631710258.4541
tamil-nadu,2022,1,Recharge & bill payments,34579431,20705079141.096962
tamil-nadu,2022,1,Financial Services,241201,298216135.377552
tamil-nadu,2022,1,Others,579955,355987089.8306444
tamil-nadu,2022,2,Merchant payments,179245529,100813133534.0309
tamil-nadu,2022,2,Peer-to-peer payments,136341691,464333108374.5711
tamil-nadu,2022,2,Recharge & bill payments,38257271,24477663683.793488
tamil-nadu,2022,2,Financial Services,202498,233054908.96978933
tamil-nadu,2022,2,Others,459948,277767177.03123105
tamil-nadu,2022,3,Merchant payments,202149276,109801011246.16069
tamil-nadu,2022,3,Peer-to-peer payments,148805657,493880482824.984
tamil-nadu,2022,3,Recharge & bill payments,41919063,27694221703.16715
tamil-nadu,2022,3,Financial Services,217741,238069828.1652185
tamil-nadu,2022,3,Others,404438,265434770.79138052
tamil-nadu,2022,4,Merchant payments,229308285,118847998736.56468
tamil-nadu,2022,4,Peer-to-peer payments,162920305,526511418812.7734
tamil-nadu,2022,4,Recharge & bill payments,43391904,29719449171.386997
tamil-nadu,2022,4,Financial Services,295740,334812023.56560165
tamil-nadu,2022,4,Others,400402,275988847.1474179
tamil-nadu,2023,1,Merchant payments,248540772,124250251559.0
tamil-nadu,2023,1,Peer-to-peer payments,169269032,554678365256.0
tamil-nadu,2023,1,Recharge & bill payments,42745926,36069237413.0
tamil-nadu,2023,1,Financial Services,281287,303893116.0
tamil-nadu,2023,1,Others,375370,281926174.0
tamil-nadu,2023,2,Merchant payments,270279446,132952561597.0
tamil-nadu,2023,2,Peer-to-peer payments,181169979,603065358975.0
tamil-nadu,2023,2,Recharge & bill payments,46387359,39784453434.0
tamil-nadu,2023,2,Financial Services,273888,317118374.0
tamil-nadu,2023,2,Others,318966,243058635.0
tamil-nadu,2023,3,Merchant payments,309648502,147481033140.0
tamil-nadu,2023,3,Peer-to-peer payments,198678217,641624213537.0
tamil-nadu,2023,3,Recharge & bill payments,47138716,43398412878.0
tamil-nadu,2023,3,Financial Services,320645,373041817.0
tamil-nadu,2023,3,Others,298928,228563326.0
tamil-nadu,2023,4,Merchant payments,336838248,162776066943.0
tamil-nadu,2023,4,Peer-to-peer payments,208592985,662522423764.0
tamil-nadu,2023,4,Recharge & bill payments,47390155,46923336165.0
tamil-nadu,2023,4,Financial Services,381269,421861473.0
tamil-nadu,2023,4,Others,278724,226976660.0
tamil-nadu,2024,1,Merchant payments,372666269,174040000374.0
tamil-nadu,2024,1,Peer-to-peer payments,219277542,689079882786.0
tamil-nadu,2024,1,Recharge & bill payments,47746915,50024181672.0
tamil-nadu,2024,1,Financial Services,374620,495981410.0
tamil-nadu,2024,1,Others,261851,221064820.0
tamil-nadu,2024,2,Merchant payments,421976763,197165267684.0
tamil-nadu,2024,2,Peer-to-peer payments,232946490,735720936629.0
tamil-nadu,2024,2,Recharge & bill payments,49473659,51378465692.0
tamil-nadu,2024,2,Financial Services,423814,610399506.0
tamil-nadu,2024,2,Others,262960,276080355.0
tamil-nadu,2024,3,Merchant payments,465377405,211903749095.0
tamil-nadu,2024,3,Peer-to-peer payments,261706244,784327647260.0
tamil-nadu,2024,3,Recharge & bill payments,50701926,53589777402.0
tamil-nadu,2024,3,Financial Services,499913,641815710.0
tamil-nadu,2024,3,Others,251213,316605354.0
tamil-nadu,2024,4,Merchant payments,495976852,225671459942.0
tamil-nadu,2024,4,Peer-to-peer payments,272513152,807642909750.0
tamil-nadu,2024,4,Recharge & bill payments,50037730,53242042381.0
tamil-nadu,2024,4,Financial Services,1645600,715680931.0
tamil-nadu,2024,4,Others,250554,360782602.0
telangana,2018,1,Recharge & bill payments,4209319,831912767.5937189
telangana,2018,1,Peer-to-peer payments,3307245,11748268950.760422
telangana,2018,1,Merchant payments,351474,282899066.6137372
telangana,2018,1,Financial Services,262876,57011875.36233704
telangana,2018,1,Others,391852,388111458.2121352
telangana,2018,2,Peer-to-peer payments,4784079,20748520742.57553
telangana,2018,2,Recharge & bill payments,4686542,1274130053.834579
telangana,2018,2,Merchant payments,701082,551696487.3185428
telangana,2018,2,Financial Services,277805,85498213.25384143
telangana,2018,2,Others,315162,357356020.669816
telangana,2018,3,Peer-to-peer payments,11560952,29253505738.828743
telangana,2018,3,Recharge & bill payments,5328881,1568136060.627837
telangana,2018,3,Merchant payments,1770075,855534175.4794186
telangana,2018,3,Financial Services,307312,52554123.97376218
telangana,2018,3,Others,365483,300363110.81379545
telangana,2018,4,Peer-to-peer payments,15571288,44541667501.74112
telangana,2018,4,Recharge & bill payments,7121135,2165870863.16865
telangana,2018,4,Merchant payments,5315161,2356841304.9649296
telangana,2018,4,Financial Services,392423,64569231.23559249
telangana,2018,4,Others,521147,380139546.93821603
telangana,2019,1,Peer-to-peer payments,40488967,87361237975.49301
telangana,2019,1,Merchant payments,12341901,4144368545.535969
telangana,2019,1,Recharge & bill payments,11525394,3619117615.485172
telangana,2019,1,Financial Services,463688,54547989.275453925
telangana,2019,1,Others,470752,343989909.8750894
telangana,2019,2,Peer-to-peer payments,46741594,141095702899.16147
telangana,2019,2,Merchant payments,25682382,8442740781.469844
telangana,2019,2,Recharge & bill payments,16225017,5603477828.5489645
telangana,2019,2,Financial Services,252173,43627344.86329399
telangana,2019,2,Others,709213,490894328.3915366
telangana,2019,3,Peer-to-peer payments,59981113,180342868388.36203
telangana,2019,3,Merchant payments,44035953,14308557740.55424
telangana,2019,3,Recharge & bill payments,16437222,6793699069.387364
telangana,2019,3,Financial Services,183163,39617186.74048498
telangana,2019,3,Others,857925,445278745.3818412
telangana,2019,4,Peer-to-peer payments,82587060,249346680995.99316
telangana,2019,4,Merchant payments,59347809,21510626607.08445
telangana,2019,4,Recharge & bill payments,20797056,9561315124.602655
telangana,2019,4,Financial Services,137291,33453857.404595934
telangana,2019,4,Others,703042,294688962.659046
telangana,2020,1,Peer-to-peer payments,95668911,327641798044.80554
telangana,2020,1,Merchant payments,76818285,31076431477.91269
telangana,2020,1,Recharge & bill payments,26324268,12324266104.564993
telangana,2020,1,Financial Services,88184,59500639.38684589
telangana,2020,1,Others,509877,241784101.54604858
telangana,2020,2,Peer-to-peer payments,76683293,279478553909.7438
telangana,2020,2,Merchant payments,44181999,26712043204.891262
telangana,2020,2,Recharge & bill payments,30885875,15106945863.857046
telangana,2020,2,Financial Services,116776,134169906.74750492
telangana,2020,2,Others,187200,100126467.191328
telangana,2020,3,Peer-to-peer payments,116668399,437459188905.0534
telangana,2020,3,Merchant payments,86836471,49743225885.179474
telangana,2020,3,Recharge & bill payments,32352860,18378477087.576897
telangana,2020,3,Financial Services,195857,223377023.50525153
telangana,2020,3,Others,318539,156875854.55487928
telangana,2020,4,Peer-to-peer payments,160607487,591976601278.5154
telangana,2020,4,Merchant payments,143897953,81725950703.21272
telangana,2020,4,Recharge & bill payments,38174710,22006183348.80398
telangana,2020,4,Financial Services,230134,275357720.01805824
telangana,2020,4,Others,733503,366346176.40682477
telangana,2021,1,Merchant payments,185230619,95927278280.53006
telangana,2021,1,Peer-to-peer payments,179738195,676276353116.8419
telangana,2021,1,Recharge & bill payments,46371555,26447601338.53346
telangana,2021,1,Financial Services,262473,320153410.17969453
telangana,2021,1,Others,969268,387877900.5044867
telangana,2021,2,Peer-to-peer payments,230861833,872151973637.885
telangana,2021,2,Merchant payments,205232899,123207789311.2962
telangana,2021,2,Recharge & bill payments,58637866,31877277168.343227
telangana,2021,2,Financial Services,278546,300569264.1443888
telangana,2021,2,Others,856400,420723415.91505665
telangana,2021,3,Merchant payments,286735350,159227310549.39368
telangana,2021,3,Peer-to-peer payments,271436926,981754679241.0405
telangana,2021,3,Recharge & bill payments,62744121,36434881136.01624
telangana,2021,3,Financial Services,235519,329138539.4612142
telangana,2021,3,Others,1734852,543116826.3422191
telangana,2021,4,Merchant payments,376584215,212974766412.01556
telangana,2021,4,Peer-to-peer payments,331774591,1204991223519.016
telangana,2021,4,Recharge & bill payments,66477036,44760398983.30789
telangana,2021,4,Financial Services,298871,392141743.6705663
telangana,2021,4,Others,855060,639658842.8998816
telangana,2022,1,Merchant payments,449186799,243841863780.6793
telangana,2022,1,Peer-to-peer payments,368048408,1375289566667.7056
telangana,2022,1,Recharge & bill payments,66352138,50470450179.88254
telangana,2022,1,Financial Services,284035,394283511.9410973
telangana,2022,1,Others,2582005,642005688.7661512
telangana,2022,2,Merchant payments,565370506,307468406704.909
telangana,2022,2,Peer-to-peer payments,422056582,1580014085694.835
telangana,2022,2,Recharge & bill payments,75099130,63136761649.3931
telangana,2022,2,Financial Services,245023,324857780.5553103
telangana,2022,2,Others,611316,470432687.3850265
telangana,2022,3,Merchant payments,880414292,447150646953.73706
telangana,2022,3,Peer-to-peer payments,626830752,2170173323588.53
telangana,2022,3,Recharge & bill payments,119779835,87937210666.27194
telangana,2022,3,Financial Services,340458,442783619.09123904
telangana,2022,3,Others,800064,621900924.4423015
telangana,2022,4,Merchant payments,1002521735,491556008133.53546
telangana,2022,4,Peer-to-peer payments,694612831,2393380395296.8516
telangana,2022,4,Recharge & bill payments,121188131,92136759501.42021
telangana,2022,4,Financial Services,401838,498719426.0054372
telangana,2022,4,Others,782297,680680558.3343163
telangana,2023,1,Merchant payments,830385203,369961744486.0
telangana,2023,1,Peer-to-peer payments,522865792,1898813645344.0
telangana,2023,1,Recharge & bill payments,86187673,102787343319.0
telangana,2023,1,Financial Services,326874,458821191.0
telangana,2023,1,Others,565916,560179944.0
telangana,2023,2,Merchant payments,977182965,429169888297.0
telangana,2023,2,Peer-to-peer payments,593322476,2155918289810.0
telangana,2023,2,Recharge & bill payments,94107914,112036624317.0
telangana,2023,2,Financial Services,354045,517795343.0
telangana,2023,2,Others,463571,507337241.0
telangana,2023,3,Merchant payments,1128208049,480552979790.0
telangana,2023,3,Peer-to-peer payments,647331506,2272184853961.0
telangana,2023,3,Recharge & bill payments,98661838,116319676778.0
telangana,2023,3,Financial Services,420147,666845736.0
telangana,2023,3,Others,424384,478544808.0
telangana,2023,4,Merchant payments,1225132365,532737433404.0
telangana,2023,4,Peer-to-peer payments,695789540,2453419152855.0
telangana,2023,4,Recharge & bill payments,99012602,129036561862.0
telangana,2023,4,Financial Services,483067,734596496.0
telangana,2023,4,Others,404604,489730148.0
telangana,2024,1,Merchant payments,1341371332,554207756092.0
telangana,2024,1,Peer-to-peer payments,735409951,2516930587879.0
telangana,2024,1,Recharge & bill payments,101670893,131284438344.0
telangana,2024,1,Financial Services,494360,861174964.0
telangana,2024,1,Others,438771,485343794.0
telangana,2024,2,Merchant payments,1526789940,632844110484.0
telangana,2024,2,Peer-to-peer payments,782892642,2696304021334.0
telangana,2024,2,Recharge & bill payments,106504222,130765020697.0
telangana,2024,2,Financial Services,612770,1074628255.0
telangana,2024,2,Others,464783,554652542.0
telangana,2024,3,Merchant payments,1664638136,684200679447.0
telangana,2024,3,Peer-to-peer payments,841546198,2740602255389.0
telangana,2024,3,Recharge & bill payments,102792228,124734574180.0
telangana,2024,3,Financial Services,714030,1263598650.0
telangana,2024,3,Others,447243,515868932.0
telangana,2024,4,Merchant payments,1807552234,746607282900.0
telangana,2024,4,Peer-to-peer payments,905771898,2978379284690.0
telangana,2024,4,Recharge & bill payments,106373063,132027650387.0
telangana,2024,4,Financial Services,2272332,1391283281.0
telangana,2024,4,Others,482076,645034160.0
tripura,2018,1,Recharge & bill payments,86819,14079439.569905948
tripura,2018,1,Peer-to-peer payments,44844,112229994.97675678
tripura,2018,1,Financial Services,4842,672247.5881710155
tripura,2018,1,Merchant payments,4833,6080959.882836086
tripura,2018,1,Others,6819,4916272.512952799
tripura,2018,2,Recharge & bill payments,118171,22554398.15273035
tripura,2018,2,Peer-to-peer payments,73821,197666881.8729688
tripura,2018,2,Merchant payments,9621,10570951.151568789
tripura,2018,2,Financial Services,6925,1264101.904810368
tripura,2018,2,Others,6021,4835385.634057636
tripura,2018,3,Peer-to-peer payments,186065,398867427.32463384
tripura,2018,3,Recharge & bill payments,156308,33484811.21282282
tripura,2018,3,Merchant payments,21476,16092396.41113394
tripura,2018,3,Financial Services,8106,1080000.0112896338
tripura,2018,3,Others,5748,4338753.080712541
tripura,2018,4,Recharge & bill payments,204720,38334816.66379926
tripura,2018,4,Peer-to-peer payments,179739,549068822.3729683
tripura,2018,4,Merchant payments,50888,31066467.633390322
tripura,2018,4,Financial Services,6441,1023126.8205747404
tripura,2018,4,Others,6271,5392365.973713988
tripura,2019,1,Peer-to-peer payments,296993,679165332.8123899
tripura,2019,1,Recharge & bill payments,227997,44429378.42277926
tripura,2019,1,Merchant payments,46642,28109966.31994779
tripura,2019,1,Financial Services,4189,461473.58856435167
tripura,2019,1,Others,5105,4728790.472138839
tripura,2019,2,Peer-to-peer payments,240776,751113516.2256755
tripura,2019,2,Recharge & bill payments,218649,48989430.60730426
tripura,2019,2,Merchant payments,64829,35275706.82877502
tripura,2019,2,Financial Services,1899,339184.3344705297
tripura,2019,2,Others,6405,6103644.851151889
tripura,2019,3,Recharge & bill payments,339539,81845425.35425141
tripura,2019,3,Peer-to-peer payments,270163,884623553.9011384
tripura,2019,3,Merchant payments,68399,44802063.64430427
tripura,2019,3,Financial Services,27970,582020.9903208594
tripura,2019,3,Others,5646,5524358.927209696
tripura,2019,4,Recharge & bill payments,373779,88001651.28693296
tripura,2019,4,Peer-to-peer payments,359076,1071507585.9983547
tripura,2019,4,Merchant payments,62458,51274033.720727704
tripura,2019,4,Financial Services,2239,377097.66713108413
tripura,2019,4,Others,4272,4239791.585043055
tripura,2020,1,Recharge & bill payments,449584,114355218.03514045
tripura,2020,1,Peer-to-peer payments,366218,1400694933.570157
tripura,2020,1,Merchant payments,102861,68590603.6377098
tripura,2020,1,Financial Services,1722,1066651.521721911
tripura,2020,1,Others,4117,4071399.6237732675
tripura,2020,2,Recharge & bill payments,600206,163220166.76643574
tripura,2020,2,Peer-to-peer payments,346863,1501452755.6890237
tripura,2020,2,Merchant payments,97816,99795973.60794038
tripura,2020,2,Financial Services,2904,2247782.5219734698
tripura,2020,2,Others,4731,2459205.000588993
tripura,2020,3,Recharge & bill payments,627363,185201997.2796099
tripura,2020,3,Peer-to-peer payments,477769,1959371082.9173033
tripura,2020,3,Merchant payments,202106,190218136.2808841
tripura,2020,3,Financial Services,3828,3141391.5755430083
tripura,2020,3,Others,6819,3886908.1625436572
tripura,2020,4,Peer-to-peer payments,650386,2683789889.83192
tripura,2020,4,Recharge & bill payments,631611,192385823.43220186
tripura,2020,4,Merchant payments,357567,296872485.4156503
tripura,2020,4,Financial Services,4084,3666639.308697606
tripura,2020,4,Others,8242,5416158.232838955
tripura,2021,1,Peer-to-peer payments,643366,2821226150.5919185
tripura,2021,1,Recharge & bill payments,508718,173211140.89346513
tripura,2021,1,Merchant payments,350366,333743281.32103896
tripura,2021,1,Financial Services,3146,2879929.222833151
tripura,2021,1,Others,5827,4281067.764165951
tripura,2021,2,Peer-to-peer payments,703728,2865655130.4313264
tripura,2021,2,Recharge & bill payments,589839,189808502.9050523
tripura,2021,2,Merchant payments,440060,404915546.5177107
tripura,2021,2,Financial Services,3656,3503925.3381061675
tripura,2021,2,Others,7146,4271255.844077852
tripura,2021,3,Peer-to-peer payments,864329,3491901741.1594186
tripura,2021,3,Recharge & bill payments,620991,215226019.57596284
tripura,2021,3,Merchant payments,584079,648504775.623629
tripura,2021,3,Financial Services,2886,3473153.087671739
tripura,2021,3,Others,8915,5028078.734792852
tripura,2021,4,Peer-to-peer payments,1060915,4368786747.103016
tripura,2021,4,Merchant payments,793636,874005407.7140213
tripura,2021,4,Recharge & bill payments,650251,241225282.07451886
tripura,2021,4,Financial Services,3635,5073898.6076811645
tripura,2021,4,Others,12256,7838128.800210228
tripura,2022,1,Peer-to-peer payments,1221863,4934712034.365204
tripura,2022,1,Merchant payments,992891,1037265262.6570499
tripura,2022,1,Recharge & bill payments,641170,262348230.9954375
tripura,2022,1,Financial Services,4351,5782533.2422681665
tripura,2022,1,Others,10915,7221703.089884497
tripura,2022,2,Peer-to-peer payments,1443647,5354182193.788111
tripura,2022,2,Merchant payments,1322009,1235804019.563663
tripura,2022,2,Recharge & bill payments,638643,278018856.17835283
tripura,2022,2,Financial Services,3812,4533635.768901512
tripura,2022,2,Others,10553,5732336.736273008
tripura,2022,3,Peer-to-peer payments,1836678,6718925839.047781
tripura,2022,3,Merchant payments,1660497,1589078400.2615328
tripura,2022,3,Recharge & bill payments,745382,329401812.4140819
tripura,2022,3,Financial Services,4343,5330626.119674753
tripura,2022,3,Others,9679,5616127.06807068
tripura,2022,4,Peer-to-peer payments,2252390,8142233538.414012
tripura,2022,4,Merchant payments,2054988,1925282618.8109846
tripura,2022,4,Recharge & bill payments,874800,373875271.19878656
tripura,2022,4,Financial Services,5787,5028488.55453164
tripura,2022,4,Others,10225,6551901.175783692
tripura,2023,1,Merchant payments,2991978,2538146159.0
tripura,2023,1,Peer-to-peer payments,2961284,10170883076.0
tripura,2023,1,Recharge & bill payments,1146228,565902758.0
tripura,2023,1,Financial Services,7716,6190362.0
tripura,2023,1,Others,11481,7160536.0
tripura,2023,2,Merchant payments,3654027,2936486824.0
tripura,2023,2,Peer-to-peer payments,3144448,10396364428.0
tripura,2023,2,Recharge & bill payments,1112236,570797284.0
tripura,2023,2,Financial Services,8100,8721399.0
tripura,2023,2,Others,10732,6760147.0
tripura,2023,3,Merchant payments,4388876,3335231974.0
tripura,2023,3,Peer-to-peer payments,3553878,11300910781.0
tripura,2023,3,Recharge & bill payments,1144676,597050057.0
tripura,2023,3,Financial Services,11060,9972113.0
tripura,2023,3,Others,10272,6058405.0
tripura,2023,4,Merchant payments,5112814,3958280687.0
tripura,2023,4,Peer-to-peer payments,3854572,12207187199.0
tripura,2023,4,Recharge & bill payments,1152820,638954177.0
tripura,2023,4,Financial Services,10341,9913640.0
tripura,2023,4,Others,10363,5561091.0
tripura,2024,1,Merchant payments,5721862,4318458993.0
tripura,2024,1,Peer-to-peer payments,4085450,12732805697.0
tripura,2024,1,Recharge & bill payments,1215498,683732258.0
tripura,2024,1,Financial Services,10290,12617991.0
tripura,2024,1,Others,9539,4574435.0
tripura,2024,2,Merchant payments,7120453,4810482925.0
tripura,2024,2,Peer-to-peer payments,4365398,12591709691.0
tripura,2024,2,Recharge & bill payments,1278785,711343884.0
tripura,2024,2,Financial Services,12106,15777203.0
tripura,2024,2,Others,10805,8117365.0
tripura,2024,3,Merchant payments,8023651,5277307936.0
tripura,2024,3,Peer-to-peer payments,5084144,13847946966.0
tripura,2024,3,Recharge & bill payments,1270740,799009595.0
tripura,2024,3,Financial Services,13232,18644893.0
tripura,2024,3,Others,8814,5936799.0
tripura,2024,4,Merchant payments,8992361,6011659344.0
tripura,2024,4,Peer-to-peer payments,5662500,15543764487.0
tripura,2024,4,Recharge & bill payments,1232968,823760709.0
tripura,2024,4,Financial Services,49550,21746350.0
tripura,2024,4,Others,7780,8974378.0
uttar-pradesh,2018,1,Recharge & bill payments,7003704,1201827543.8816488
uttar-pradesh,2018,1,Peer-to-peer payments,4123625,11786969148.760597
uttar-pradesh,2018,1,Merchant payments,442436,428301434.2754866
uttar-pradesh,2018,1,Financial Services,397328,75150444.99108115
uttar-pradesh,2018,1,Others,570712,447722351.3138524
uttar-pradesh,2018,2,Recharge & bill payments,9232131,2044535461.482608
uttar-pradesh,2018,2,Peer-to-peer payments,6484369,22197440015.945545
uttar-pradesh,2018,2,Merchant payments,909545,799920463.267408
uttar-pradesh,2018,2,Financial Services,563213,105536911.84026654
uttar-pradesh,2018,2,Others,521685,572768843.1641636
uttar-pradesh,2018,3,Peer-to-peer payments,13828768,32944051606.98276
uttar-pradesh,2018,3,Recharge & bill payments,9140873,2485029062.8899517
uttar-pradesh,2018,3,Merchant payments,2397448,1012726185.1169598
uttar-pradesh,2018,3,Financial Services,603303,76605144.65776658
uttar-pradesh,2018,3,Others,544964,493702369.5936288
uttar-pradesh,2018,4,Peer-to-peer payments,15804910,48836291123.914734
uttar-pradesh,2018,4,Recharge & bill payments,11976808,3040717446.728788
uttar-pradesh,2018,4,Merchant payments,6953857,2480267671.259793
uttar-pradesh,2018,4,Financial Services,517619,76250539.85851902
uttar-pradesh,2018,4,Others,847573,663216794.1554663
uttar-pradesh,2019,1,Peer-to-peer payments,32062452,68506766330.45149
uttar-pradesh,2019,1,Recharge & bill payments,15400713,4231102032.9564486
uttar-pradesh,2019,1,Merchant payments,8558766,3105904146.2085333
uttar-pradesh,2019,1,Financial Services,389733,43341558.48535549
uttar-pradesh,2019,1,Others,912840,637066065.9078369
uttar-pradesh,2019,2,Peer-to-peer payments,27105049,87581482658.94861
uttar-pradesh,2019,2,Recharge & bill payments,17551537,5627886175.9093685
uttar-pradesh,2019,2,Merchant payments,12733089,4894223107.452321
uttar-pradesh,2019,2,Financial Services,264091,38169259.945291094
uttar-pradesh,2019,2,Others,1229734,775758168.4201038
uttar-pradesh,2019,3,Peer-to-peer payments,26990786,95134023863.97964
uttar-pradesh,2019,3,Recharge & bill payments,20359672,8000160942.595396
uttar-pradesh,2019,3,Merchant payments,19625935,7399443975.24218
uttar-pradesh,2019,3,Financial Services,258548,51363215.14597865
uttar-pradesh,2019,3,Others,1389018,683145478.0865316
uttar-pradesh,2019,4,Peer-to-peer payments,40540310,126564888408.1326
uttar-pradesh,2019,4,Recharge & bill payments,24299776,9082140369.774977
uttar-pradesh,2019,4,Merchant payments,20582052,9412924984.9687
uttar-pradesh,2019,4,Financial Services,242936,45686806.83093811
uttar-pradesh,2019,4,Others,1239931,433285937.588854
uttar-pradesh,2020,1,Peer-to-peer payments,39581157,147734706846.56177
uttar-pradesh,2020,1,Recharge & bill payments,29777603,11168417430.652225
uttar-pradesh,2020,1,Merchant payments,26741638,13072371616.871723
uttar-pradesh,2020,1,Financial Services,139990,64365117.409359045
uttar-pradesh,2020,1,Others,998744,376573949.20359
uttar-pradesh,2020,2,Recharge & bill payments,42229417,14668026056.368128
uttar-pradesh,2020,2,Peer-to-peer payments,39434202,150079524408.8693
uttar-pradesh,2020,2,Merchant payments,18625913,13655151082.574724
uttar-pradesh,2020,2,Financial Services,150360,131930242.90371712
uttar-pradesh,2020,2,Others,412073,209384339.5723213
uttar-pradesh,2020,3,Peer-to-peer payments,54449911,207530912756.73047
uttar-pradesh,2020,3,Recharge & bill payments,37465163,16437365640.853413
uttar-pradesh,2020,3,Merchant payments,34697942,24224433240.836243
uttar-pradesh,2020,3,Financial Services,206210,194129227.54374278
uttar-pradesh,2020,3,Others,586033,303114557.0989778
uttar-pradesh,2020,4,Peer-to-peer payments,75433782,294401153346.76337
uttar-pradesh,2020,4,Merchant payments,61922138,44438824680.670944
uttar-pradesh,2020,4,Recharge & bill payments,39570153,17793973968.761925
uttar-pradesh,2020,4,Financial Services,246868,255803306.13741985
uttar-pradesh,2020,4,Others,994576,539071475.9342327
uttar-pradesh,2021,1,Peer-to-peer payments,85539321,321609613378.6789
uttar-pradesh,2021,1,Merchant payments,78873969,55362244381.43686
uttar-pradesh,2021,1,Recharge & bill payments,38981894,18563189222.328217
uttar-pradesh,2021,1,Financial Services,250656,266104783.7449573
uttar-pradesh,2021,1,Others,853707,486435811.3771204
uttar-pradesh,2021,2,Peer-to-peer payments,102927942,388761820128.4563
uttar-pradesh,2021,2,Merchant payments,84860582,70351401159.78787
uttar-pradesh,2021,2,Recharge & bill payments,53030710,22266927128.75408
uttar-pradesh,2021,2,Financial Services,270944,266853066.82962543
uttar-pradesh,2021,2,Others,858953,525487682.5584012
uttar-pradesh,2021,3,Peer-to-peer payments,127945827,440726915882.17084
uttar-pradesh,2021,3,Merchant payments,126699830,91089049637.02377
uttar-pradesh,2021,3,Recharge & bill payments,50414232,24348150109.635994
uttar-pradesh,2021,3,Financial Services,253418,292009129.0296748
uttar-pradesh,2021,3,Others,1230077,624716522.0745409
uttar-pradesh,2021,4,Merchant payments,183966052,142889329646.05463
uttar-pradesh,2021,4,Peer-to-peer payments,167503176,600973581946.6772
uttar-pradesh,2021,4,Recharge & bill payments,52863531,28812549097.65689
uttar-pradesh,2021,4,Financial Services,353219,386356976.48969895
uttar-pradesh,2021,4,Others,1471954,829152405.3448995
uttar-pradesh,2022,1,Merchant payments,221556930,165543931419.27045
uttar-pradesh,2022,1,Peer-to-peer payments,195592648,684758883172.6667
uttar-pradesh,2022,1,Recharge & bill payments,54873261,31683813998.386055
uttar-pradesh,2022,1,Financial Services,358499,386218170.5981607
uttar-pradesh,2022,1,Others,1571908,750327356.10464
uttar-pradesh,2022,2,Merchant payments,298721048,216176289528.43256
uttar-pradesh,2022,2,Peer-to-peer payments,232444860,812579156783.274
uttar-pradesh,2022,2,Recharge & bill payments,62659780,37867966758.88997
uttar-pradesh,2022,2,Financial Services,268349,285646084.3258523
uttar-pradesh,2022,2,Others,1204739,606123265.0864555
uttar-pradesh,2022,3,Merchant payments,361972506,232005905549.1372
uttar-pradesh,2022,3,Peer-to-peer payments,267205027,844564255684.5037
uttar-pradesh,2022,3,Recharge & bill payments,72984811,43854148172.58542
uttar-pradesh,2022,3,Financial Services,367887,344330142.1388885
uttar-pradesh,2022,3,Others,1058841,601411350.4106325
uttar-pradesh,2022,4,Merchant payments,439247166,296781967366.6535
uttar-pradesh,2022,4,Peer-to-peer payments,317613698,1030345562935.8824
uttar-pradesh,2022,4,Recharge & bill payments,78025017,48159073834.94295
uttar-pradesh,2022,4,Financial Services,418329,430212917.27641135
uttar-pradesh,2022,4,Others,1064861,661985014.756895
uttar-pradesh,2023,1,Merchant payments,520911142,323614616766.0
uttar-pradesh,2023,1,Peer-to-peer payments,383752815,1246010023301.0
uttar-pradesh,2023,1,Recharge & bill payments,96225086,66101414555.0
uttar-pradesh,2023,1,Financial Services,486982,483872123.0
uttar-pradesh,2023,1,Others,1181697,726338627.0
uttar-pradesh,2023,2,Merchant payments,653469610,372223301627.0
uttar-pradesh,2023,2,Peer-to-peer payments,446787898,1389827653278.0
uttar-pradesh,2023,2,Recharge & bill payments,109571801,73352450074.0
uttar-pradesh,2023,2,Financial Services,506431,562369291.0
uttar-pradesh,2023,2,Others,1074842,656302256.0
uttar-pradesh,2023,3,Merchant payments,754249074,389288397238.0
uttar-pradesh,2023,3,Peer-to-peer payments,488395790,1394085756434.0
uttar-pradesh,2023,3,Recharge & bill payments,110408404,76981859735.0
uttar-pradesh,2023,3,Financial Services,624941,798613229.0
uttar-pradesh,2023,3,Others,944257,593735370.0
uttar-pradesh,2023,4,Merchant payments,875617035,489746639610.0
uttar-pradesh,2023,4,Peer-to-peer payments,575043255,1677661668298.0
uttar-pradesh,2023,4,Recharge & bill payments,114346855,88481840260.0
uttar-pradesh,2023,4,Financial Services,736922,950129225.0
uttar-pradesh,2023,4,Others,961315,600884259.0
uttar-pradesh,2024,1,Merchant payments,999820226,541585227379.0
uttar-pradesh,2024,1,Peer-to-peer payments,651752866,1836048765763.0
uttar-pradesh,2024,1,Recharge & bill payments,132055620,98012574974.0
uttar-pradesh,2024,1,Financial Services,705575,1192696922.0
uttar-pradesh,2024,1,Others,962661,703841601.0
uttar-pradesh,2024,2,Merchant payments,1255823323,633438040735.0
uttar-pradesh,2024,2,Peer-to-peer payments,734688684,1964379490164.0
uttar-pradesh,2024,2,Recharge & bill payments,143138259,103981718976.0
uttar-pradesh,2024,2,Financial Services,858026,1406687894.0
uttar-pradesh,2024,2,Others,1030366,1017422298.0
uttar-pradesh,2024,3,Merchant payments,1363617969,651628890228.0
uttar-pradesh,2024,3,Peer-to-peer payments,784039367,1951953897864.0
uttar-pradesh,2024,3,Recharge & bill payments,136431456,111138475190.0
uttar-pradesh,2024,3,Financial Services,1043768,1777001054.0
uttar-pradesh,2024,3,Others,823273,976940898.0
uttar-pradesh,2024,4,Merchant payments,1526062566,788377059975.0
uttar-pradesh,2024,4,Peer-to-peer payments,880161951,2305698271263.0
uttar-pradesh,2024,4,Recharge & bill payments,134632683,117186551580.0
uttar-pradesh,2024,4,Financial Services,3239088,1758794365.0
uttar-pradesh,2024,4,Others,793977,1085845276.0
uttarakhand,2018,1,Recharge & bill payments,730428,124377517.3349145
uttarakhand,2018,1,Peer-to-peer payments,399545,1296603346.334598
uttarakhand,2018,1,Merchant payments,35382,39372913.10424411
uttarakhand,2018,1,Financial Services,27761,5637758.5563494945
uttarakhand,2018,1,Others,53569,42553823.19378027
uttarakhand,2018,2,Recharge & bill payments,946332,193802092.8234874
uttarakhand,2018,2,Peer-to-peer payments,620490,2358941864.7682114
uttarakhand,2018,2,Merchant payments,60494,66946005.75890133
uttarakhand,2018,2,Financial Services,29919,7913276.778501136
uttarakhand,2018,2,Others,46887,52152138.42194019
uttarakhand,2018,3,Peer-to-peer payments,1049725,3356030294.930648
uttarakhand,2018,3,Recharge & bill payments,1004356,239244556.76646537
uttarakhand,2018,3,Merchant payments,112342,84447374.86583523
uttarakhand,2018,3,Financial Services,22792,4334709.909645849
uttarakhand,2018,3,Others,39917,42516103.38590273
uttarakhand,2018,4,Peer-to-peer payments,1556731,5072621132.343549
uttarakhand,2018,4,Recharge & bill payments,1252124,292877734.33795583
uttarakhand,2018,4,Merchant payments,289733,228453045.85460952
uttarakhand,2018,4,Financial Services,29916,6035161.098892693
uttarakhand,2018,4,Others,50257,54285064.328889735
uttarakhand,2019,1,Peer-to-peer payments,3499130,6512361464.496071
uttarakhand,2019,1,Recharge & bill payments,1590269,394631055.6931843
uttarakhand,2019,1,Merchant payments,372290,226281078.7699414
uttarakhand,2019,1,Financial Services,28784,3951610.30495379
uttarakhand,2019,1,Others,55528,46303966.00979781
uttarakhand,2019,2,Peer-to-peer payments,2383662,7752954670.580209
uttarakhand,2019,2,Recharge & bill payments,1616176,454962951.9136597
uttarakhand,2019,2,Merchant payments,721858,323876953.4104364
uttarakhand,2019,2,Financial Services,21852,2550386.4774141517
uttarakhand,2019,2,Others,69727,54187888.53677146
uttarakhand,2019,3,Peer-to-peer payments,2313544,8512622076.436331
uttarakhand,2019,3,Recharge & bill payments,2201606,683772296.9748493
uttarakhand,2019,3,Merchant payments,1121052,480794827.1193007
uttarakhand,2019,3,Financial Services,12119,4570326.192004257
uttarakhand,2019,3,Others,62155,47272543.294839665
uttarakhand,2019,4,Peer-to-peer payments,3210116,11020339546.604958
uttarakhand,2019,4,Recharge & bill payments,2547173,817728111.4576316
uttarakhand,2019,4,Merchant payments,1542944,701746516.8731368
uttarakhand,2019,4,Financial Services,11585,3555524.3767221333
uttarakhand,2019,4,Others,50298,30336605.83833359
uttarakhand,2020,1,Peer-to-peer payments,3792776,13999676596.865887
uttarakhand,2020,1,Recharge & bill payments,2990764,1028598924.445406
uttarakhand,2020,1,Merchant payments,2289657,1094245197.2356641
uttarakhand,2020,1,Financial Services,10246,8180881.808693047
uttarakhand,2020,1,Others,48341,27378658.631921414
uttarakhand,2020,2,Recharge & bill payments,3755695,1303523584.942265
uttarakhand,2020,2,Peer-to-peer payments,3656029,13572964169.690296
uttarakhand,2020,2,Merchant payments,1587042,1181497493.0283294
uttarakhand,2020,2,Financial Services,15023,17612288.05771955
uttarakhand,2020,2,Others,33981,18590166.382408556
uttarakhand,2020,3,Peer-to-peer payments,4836512,18377468807.44993
uttarakhand,2020,3,Recharge & bill payments,3751993,1509373287.697055
uttarakhand,2020,3,Merchant payments,3164623,2166776519.8536706
uttarakhand,2020,3,Financial Services,20455,26449980.584111303
uttarakhand,2020,3,Others,45352,23442372.42176825
uttarakhand,2020,4,Peer-to-peer payments,6748183,25748737002.1362
uttarakhand,2020,4,Merchant payments,6629201,4274032856.6465273
uttarakhand,2020,4,Recharge & bill payments,4140391,1697819950.5564795
uttarakhand,2020,4,Financial Services,27120,29791064.761797357
uttarakhand,2020,4,Others,68376,42358455.00938001
uttarakhand,2021,1,Merchant payments,8393767,5283142247.065777
uttarakhand,2021,1,Peer-to-peer payments,7981710,29202365442.63442
uttarakhand,2021,1,Recharge & bill payments,4146569,1727960484.030287
uttarakhand,2021,1,Financial Services,30208,38400863.99560504
uttarakhand,2021,1,Others,56148,36320362.17233381
uttarakhand,2021,2,Peer-to-peer payments,9374939,32674145244.390625
uttarakhand,2021,2,Merchant payments,9134389,6257528832.057196
uttarakhand,2021,2,Recharge & bill payments,5388285,1979824048.8157122
uttarakhand,2021,2,Financial Services,31497,35404991.874676295
uttarakhand,2021,2,Others,71322,43914757.70001851
uttarakhand,2021,3,Merchant payments,13673085,9001414756.070686
uttarakhand,2021,3,Peer-to-peer payments,11867174,39256650720.01872
uttarakhand,2021,3,Recharge & bill payments,5388011,2182554095.263321
uttarakhand,2021,3,Financial Services,27839,38013969.98341857
uttarakhand,2021,3,Others,86175,48863242.2282843
uttarakhand,2021,4,Merchant payments,19850878,13515464697.761791
uttarakhand,2021,4,Peer-to-peer payments,14819203,49969580473.07786
uttarakhand,2021,4,Recharge & bill payments,5536262,2540546090.023079
uttarakhand,2021,4,Financial Services,38764,51212042.381750934
uttarakhand,2021,4,Others,116173,71304856.17664191
uttarakhand,2022,1,Merchant payments,22595602,14585438346.473846
uttarakhand,2022,1,Peer-to-peer payments,16201632,53535521438.95823
uttarakhand,2022,1,Recharge & bill payments,5617605,2745987927.683198
uttarakhand,2022,1,Financial Services,39033,49695999.71828518
uttarakhand,2022,1,Others,106900,62138787.2410843
uttarakhand,2022,2,Merchant payments,32087670,19479185362.296963
uttarakhand,2022,2,Peer-to-peer payments,19677409,65563901300.31024
uttarakhand,2022,2,Recharge & bill payments,6263098,3174160697.8567643
uttarakhand,2022,2,Financial Services,32284,37217548.78562989
uttarakhand,2022,2,Others,106417,58906116.08464594
uttarakhand,2022,3,Merchant payments,35069444,20528059274.248493
uttarakhand,2022,3,Peer-to-peer payments,22031045,68377272372.60579
uttarakhand,2022,3,Recharge & bill payments,6765699,3633710468.801753
uttarakhand,2022,3,Financial Services,38061,44669245.26821817
uttarakhand,2022,3,Others,92270,57548577.43879978
uttarakhand,2022,4,Merchant payments,43185705,26026949674.245083
uttarakhand,2022,4,Peer-to-peer payments,27043038,85220041974.58176
uttarakhand,2022,4,Recharge & bill payments,7610775,4128624164.749209
uttarakhand,2022,4,Financial Services,44569,55762460.39159953
uttarakhand,2022,4,Others,99793,64668557.391687945
uttarakhand,2023,1,Merchant payments,46150691,24023994792.0
uttarakhand,2023,1,Peer-to-peer payments,25105743,78202343600.0
uttarakhand,2023,1,Recharge & bill payments,7974874,4828592096.0
uttarakhand,2023,1,Financial Services,49836,56455666.0
uttarakhand,2023,1,Others,104531,68521431.0
uttarakhand,2023,2,Merchant payments,61652430,30881251416.0
uttarakhand,2023,2,Peer-to-peer payments,31690416,97448517076.0
uttarakhand,2023,2,Recharge & bill payments,9247601,5608284038.0
uttarakhand,2023,2,Financial Services,58524,66971615.0
uttarakhand,2023,2,Others,109243,67848253.0
uttarakhand,2023,3,Merchant payments,64872613,30958940671.0
uttarakhand,2023,3,Peer-to-peer payments,32232624,92015204778.0
uttarakhand,2023,3,Recharge & bill payments,9017620,5630443171.0
uttarakhand,2023,3,Financial Services,63561,101529618.0
uttarakhand,2023,3,Others,98269,56279883.0
uttarakhand,2023,4,Merchant payments,73028369,36848560480.0
uttarakhand,2023,4,Peer-to-peer payments,36069901,104875896612.0
uttarakhand,2023,4,Recharge & bill payments,8790080,6186779834.0
uttarakhand,2023,4,Financial Services,77149,113625124.0
uttarakhand,2023,4,Others,105941,58585212.0
uttarakhand,2024,1,Merchant payments,75999065,37219956903.0
uttarakhand,2024,1,Peer-to-peer payments,37578194,106154267360.0
uttarakhand,2024,1,Recharge & bill payments,9496796,6717063555.0
uttarakhand,2024,1,Financial Services,68863,124505361.0
uttarakhand,2024,1,Others,91659,61042084.0
uttarakhand,2024,2,Merchant payments,101799178,47867822861.0
uttarakhand,2024,2,Peer-to-peer payments,46195948,125141334948.0
uttarakhand,2024,2,Recharge & bill payments,10382543,7361821576.0
uttarakhand,2024,2,Financial Services,86678,151603938.0
uttarakhand,2024,2,Others,100635,90332467.0
uttarakhand,2024,3,Merchant payments,101832975,46698002493.0
uttarakhand,2024,3,Peer-to-peer payments,47044704,118899137486.0
uttarakhand,2024,3,Recharge & bill payments,10221487,7541478924.0
uttarakhand,2024,3,Financial Services,102685,186436320.0
uttarakhand,2024,3,Others,76964,89812326.0
uttarakhand,2024,4,Merchant payments,110248263,53868322980.0
uttarakhand,2024,4,Peer-to-peer payments,50768426,133114128957.0
uttarakhand,2024,4,Recharge & bill payments,9770042,7616990794.0
uttarakhand,2024,4,Financial Services,277135,203261412.0
uttarakhand,2024,4,Others,72266,106086816.0
west-bengal,2018,1,Recharge & bill payments,5773831,964309485.9592385
west-bengal,2018,1,Peer-to-peer payments,4383075,8874266825.985771
west-bengal,2018,1,Financial Services,665171,119502271.66944443
west-bengal,2018,1,Merchant payments,443378,366788699.65713125
west-bengal,2018,1,Others,444770,301111268.86863834
west-bengal,2018,2,Peer-to-peer payments,8284944,15889890046.862814
west-bengal,2018,2,Recharge & bill payments,7360522,1563841173.839662
west-bengal,2018,2,Financial Services,1121570,160809685.93886387
west-bengal,2018,2,Merchant payments,937608,715914360.819237
west-bengal,2018,2,Others,377802,298728202.7433254
west-bengal,2018,3,Peer-to-peer payments,41882429,38439798815.23789
west-bengal,2018,3,Recharge & bill payments,7596315,1992473341.2750623
west-bengal,2018,3,Merchant payments,2252265,979603555.1397107
west-bengal,2018,3,Financial Services,1619524,185187032.8965006
west-bengal,2018,3,Others,354883,246871438.6293067
west-bengal,2018,4,Peer-to-peer payments,17154995,35303180047.06148
west-bengal,2018,4,Recharge & bill payments,9425082,2467741143.2258015
west-bengal,2018,4,Merchant payments,8633569,2294203496.6575317
west-bengal,2018,4,Financial Services,734796,93755616.52283625
west-bengal,2018,4,Others,565106,330738908.23670936
west-bengal,2019,1,Peer-to-peer payments,27374206,44170923881.744286
west-bengal,2019,1,Recharge & bill payments,11659948,3021107711.9021683
west-bengal,2019,1,Merchant payments,7636726,2645438308.338478
west-bengal,2019,1,Financial Services,525650,47986448.46936697
west-bengal,2019,1,Others,429858,279216273.42549
west-bengal,2019,2,Peer-to-peer payments,20285958,48394974398.37831
west-bengal,2019,2,Merchant payments,13646142,4657258459.145545
west-bengal,2019,2,Recharge & bill payments,12129638,3676123279.3800926
west-bengal,2019,2,Financial Services,421037,45646046.98846317
west-bengal,2019,2,Others,540760,331688935.22631323
west-bengal,2019,3,Merchant payments,30804036,8273187167.0788555
west-bengal,2019,3,Peer-to-peer payments,21522913,57058405341.48096
west-bengal,2019,3,Recharge & bill payments,13011501,4832486821.888576
west-bengal,2019,3,Financial Services,558653,57054414.83597401
west-bengal,2019,3,Others,547726,319398871.5461071
west-bengal,2019,4,Peer-to-peer payments,67037576,76593333397.8665
west-bengal,2019,4,Recharge & bill payments,14511711,4859794689.902503
west-bengal,2019,4,Merchant payments,14187744,6477138700.812115
west-bengal,2019,4,Financial Services,653648,77047243.72974005
west-bengal,2019,4,Others,415159,196296222.33587587
west-bengal,2020,1,Peer-to-peer payments,28457404,82770282623.80914
west-bengal,2020,1,Merchant payments,19779392,8097859088.519976
west-bengal,2020,1,Recharge & bill payments,17448908,5550815439.734788
west-bengal,2020,1,Financial Services,210068,58280893.55150119
west-bengal,2020,1,Others,354609,176067145.3227705
west-bengal,2020,2,Peer-to-peer payments,24855687,84984004330.7718
west-bengal,2020,2,Recharge & bill payments,22220012,7496845561.868595
west-bengal,2020,2,Merchant payments,10225729,7404190137.669086
west-bengal,2020,2,Financial Services,130595,89987205.23090403
west-bengal,2020,2,Others,244774,124404641.81495729
west-bengal,2020,3,Peer-to-peer payments,37556349,133120676151.84232
west-bengal,2020,3,Recharge & bill payments,22284079,8768630922.970161
west-bengal,2020,3,Merchant payments,19599024,14614394375.389553
west-bengal,2020,3,Financial Services,151996,125973420.85650632
west-bengal,2020,3,Others,363056,183680984.08253318
west-bengal,2020,4,Peer-to-peer payments,46437233,166391874596.30487
west-bengal,2020,4,Merchant payments,30077510,22241302940.832962
west-bengal,2020,4,Recharge & bill payments,23158305,10074605883.201237
west-bengal,2020,4,Financial Services,178455,164241191.7401362
west-bengal,2020,4,Others,489142,293466753.56894124
west-bengal,2021,1,Peer-to-peer payments,53869075,202240249482.85385
west-bengal,2021,1,Merchant payments,37143701,28918343691.018497
west-bengal,2021,1,Recharge & bill payments,26673733,11339665944.69124
west-bengal,2021,1,Financial Services,166727,175445811.88444334
west-bengal,2021,1,Others,400816,263502545.07389978
west-bengal,2021,2,Peer-to-peer payments,64661051,230812278789.29965
west-bengal,2021,2,Merchant payments,41696787,34787867208.31932
west-bengal,2021,2,Recharge & bill payments,34799709,13331453857.609217
west-bengal,2021,2,Financial Services,190537,186466487.6307634
west-bengal,2021,2,Others,549353,316744715.7049847
west-bengal,2021,3,Peer-to-peer payments,84353949,294799731350.5536
west-bengal,2021,3,Merchant payments,58800005,50971169851.15668
west-bengal,2021,3,Recharge & bill payments,37556310,16045754099.005053
west-bengal,2021,3,Financial Services,189087,213411736.37376124
west-bengal,2021,3,Others,813637,426999219.42323273
west-bengal,2021,4,Peer-to-peer payments,105728377,372240891205.5542
west-bengal,2021,4,Merchant payments,80248673,71231577538.7114
west-bengal,2021,4,Recharge & bill payments,37801439,17813903244.663807
west-bengal,2021,4,Financial Services,252535,270791056.674143
west-bengal,2021,4,Others,998536,660874216.4934742
west-bengal,2022,1,Peer-to-peer payments,124787028,446343740437.97784
west-bengal,2022,1,Merchant payments,97315025,85854730616.41321
west-bengal,2022,1,Recharge & bill payments,37317865,18435424277.725906
west-bengal,2022,1,Financial Services,239530,261096608.80560598
west-bengal,2022,1,Others,845644,531671268.6395414
west-bengal,2022,2,Peer-to-peer payments,145395450,520190680811.79974
west-bengal,2022,2,Merchant payments,126682135,107049019781.85823
west-bengal,2022,2,Recharge & bill payments,42712193,20697301165.41855
west-bengal,2022,2,Financial Services,191724,199770753.23061734
west-bengal,2022,2,Others,760639,438407071.93834406
west-bengal,2022,3,Peer-to-peer payments,163523844,556258142870.3699
west-bengal,2022,3,Merchant payments,145181044,123577123532.40588
west-bengal,2022,3,Recharge & bill payments,47208496,24221425246.93133
west-bengal,2022,3,Financial Services,238746,241288774.23230746
west-bengal,2022,3,Others,640258,451918188.20472723
west-bengal,2022,4,Peer-to-peer payments,184380244,620222191587.5906
west-bengal,2022,4,Merchant payments,171667404,140807748126.1634
west-bengal,2022,4,Recharge & bill payments,48921147,26026633153.201996
west-bengal,2022,4,Financial Services,268388,261122865.47893512
west-bengal,2022,4,Others,610414,457937874.8149981
west-bengal,2023,1,Peer-to-peer payments,209399898,712039303982.0
west-bengal,2023,1,Merchant payments,196695397,152528979798.0
west-bengal,2023,1,Recharge & bill payments,52273240,31580090540.0
west-bengal,2023,1,Financial Services,287719,266872934.0
west-bengal,2023,1,Others,622090,467935301.0
west-bengal,2023,2,Merchant payments,245111000,176704613449.0
west-bengal,2023,2,Peer-to-peer payments,240347041,797054798425.0
west-bengal,2023,2,Recharge & bill payments,58950434,34789238757.0
west-bengal,2023,2,Financial Services,327537,317467007.0
west-bengal,2023,2,Others,581674,448989334.0
west-bengal,2023,3,Merchant payments,296965002,200440391406.0
west-bengal,2023,3,Peer-to-peer payments,271150280,831050092805.0
west-bengal,2023,3,Recharge & bill payments,63055684,39209851435.0
west-bengal,2023,3,Financial Services,389751,424985591.0
west-bengal,2023,3,Others,532474,423285145.0
west-bengal,2023,4,Merchant payments,354067997,239073842398.0
west-bengal,2023,4,Peer-to-peer payments,317959249,964138540494.0
west-bengal,2023,4,Recharge & bill payments,64920775,45319429210.0
west-bengal,2023,4,Financial Services,480740,459007296.0
west-bengal,2023,4,Others,524477,404156680.0
west-bengal,2024,1,Merchant payments,407607197,273213691928.0
west-bengal,2024,1,Peer-to-peer payments,355646156,1100744138548.0
west-bengal,2024,1,Recharge & bill payments,72216060,47161916445.0
west-bengal,2024,1,Financial Services,451008,530738282.0
west-bengal,2024,1,Others,488166,375021630.0
west-bengal,2024,2,Merchant payments,505063040,312997770316.0
west-bengal,2024,2,Peer-to-peer payments,393935166,1182044126793.0
west-bengal,2024,2,Recharge & bill payments,80431842,51186387144.0
west-bengal,2024,2,Financial Services,545945,683056741.0
west-bengal,2024,2,Others,504714,432474570.0
west-bengal,2024,3,Merchant payments,568524147,341810430112.0
west-bengal,2024,3,Peer-to-peer payments,436521674,1208750564666.0
west-bengal,2024,3,Recharge & bill payments,78735491,55797986276.0
west-bengal,2024,3,Financial Services,690027,816380541.0
west-bengal,2024,3,Others,445106,468420642.0
west-bengal,2024,4,Merchant payments,655100809,389286175909.0
west-bengal,2024,4,Peer-to-peer payments,493217788,1361927136312.0
west-bengal,2024,4,Recharge & bill payments,76043195,57534056540.0
west-bengal,2024,4,Financial Services,2352084,847296537.0
west-bengal,2024,4,Others,421806,505364108.0
India,2018,1,Recharge & bill payments,72550406,14472713558.652578
India,2018,1,Peer-to-peer payments,46982705,147245883542.77402
India,2018,1,Merchant payments,5368669,4656678915.140091
India,2018,1,Financial Services,3762820,815853105.1000277
India,2018,1,Others,5761576,4643217301.269438
India,2018,2,Recharge & bill payments,92033715,24351225616.36898
India,2018,2,Peer-to-peer payments,74558816,264767671095.31842
India,2018,2,Merchant payments,10613941,9052859939.339659
India,2018,2,Financial Services,5186569,1176991419.239996
India,2018,2,Others,4973199,5027454207.140578
India,2018,3,Peer-to-peer payments,202021587,425967421714.0399
India,2018,3,Recharge & bill payments,102290514,31364311860.394596
India,2018,3,Merchant payments,25175938,12433150984.830223
India,2018,3,Financial Services,6218596,891447809.4200314
India,2018,3,Others,5594554,4449556277.54975
India,2018,4,Peer-to-peer payments,200235002,594995709377.7327
India,2018,4,Recharge & bill payments,131917248,39578607327.024284
India,2018,4,Merchant payments,71498510,30497289208.339787
India,2018,4,Financial Services,5216165,868584631.5900131
India,2018,4,Others,8246415,5802659774.449921
India,2019,1,Peer-to-peer payments,404841331,887893108631.5128
India,2019,1,Recharge & bill payments,180504739,55473071028.87885
India,2019,1,Merchant payments,110496541,40575915112.522
India,2019,1,Financial Services,4627353,603852042.0000324
India,2019,1,Others,8526177,5484252454.8204155
India,2019,2,Peer-to-peer payments,384711008,1196425281586.9927
India,2019,2,Recharge & bill payments,209898072,76865848586.98372
India,2019,2,Merchant payments,206467182,73415840739.88434
India,2019,2,Financial Services,2650384,545329308.0899862
India,2019,2,Others,11656557,6969423863.830339
India,2019,3,Peer-to-peer payments,461911865,1440512511470.7004
India,2019,3,Merchant payments,376320628,123209398484.44376
India,2019,3,Recharge & bill payments,240103872,101520929811.06812
India,2019,3,Financial Services,2870292,617120839.9299941
India,2019,3,Others,13804992,6705143103.510092
India,2019,4,Peer-to-peer payments,703497002,1963952535223.0903
India,2019,4,Merchant payments,456578271,174239646473.03162
India,2019,4,Recharge & bill payments,285310032,116344996244.26738
India,2019,4,Financial Services,2476840,551204225.4200497
India,2019,4,Others,12583379,4811822509.649999
India,2020,1,Peer-to-peer payments,693998661,2320557268853.593
India,2020,1,Merchant payments,566355270,231298042209.83606
India,2020,1,Recharge & bill payments,351300991,140373550367.1558
India,2020,1,Financial Services,1358171,773848137.0300016
India,2020,1,Others,10027019,4116905195.8207293
India,2020,2,Peer-to-peer payments,631031364,2243915932390.771
India,2020,2,Recharge & bill payments,448842692,171590686463.15784
India,2020,2,Merchant payments,363275861,226908226049.51398
India,2020,2,Financial Services,1682062,1751767444.1000087
India,2020,2,Others,3779461,1987466180.2098684
India,2020,3,Peer-to-peer payments,916790263,3287051873253.504
India,2020,3,Merchant payments,672019839,405291207894.2984
India,2020,3,Recharge & bill payments,436172619,204262355709.72183
India,2020,3,Financial Services,2531978,2673063432.9600067
India,2020,3,Others,5541374,2789907563.6502213
India,2020,4,Peer-to-peer payments,1249512647,4474548495095.518
India,2020,4,Merchant payments,1127490136,684873639322.252
India,2020,4,Recharge & bill payments,479784084,227875840842.1121
India,2020,4,Financial Services,2942567,3259168195.749941
India,2020,4,Others,9556404,5323095366.309718
India,2021,1,Merchant payments,1467948823,844466633896.8679
India,2021,1,Peer-to-peer payments,1447600942,5170856441552.582
India,2021,1,Recharge & bill payments,530118545,260182440730.4327
India,2021,1,Financial Services,3075296,3573884778.5300817
India,2021,1,Others,8851525,5199901891.8900385
India,2021,2,Peer-to-peer payments,1744272888,6163165772736.494
India,2021,2,Merchant payments,1499626469,1003530942287.5988
India,2021,2,Recharge & bill payments,685024821,300559461295.9022
India,2021,2,Financial Services,3397384,3651996523.4499955
India,2021,2,Others,9061732,5598131364.820071
India,2021,3,Merchant payments,2316924871,1426965558783.5557
India,2021,3,Peer-to-peer payments,2215575286,7429357587018.912
India,2021,3,Recharge & bill payments,714583744,349234592690.4992
India,2021,3,Financial Services,3112160,4043342762.3300233
India,2021,3,Others,13558464,7146868847.2897215
India,2021,4,Merchant payments,3152394530,1995855822160.6426
India,2021,4,Peer-to-peer payments,2716561423,9203910371491.78
India,2021,4,Recharge & bill payments,738096162,407266894783.10693
India,2021,4,Financial Services,4141629,5028434834.240034
India,2021,4,Others,14562602,9296993478.869577
India,2022,1,Merchant payments,3748851071,2272818129376.5205
India,2022,1,Peer-to-peer payments,3074250150,10505936803336.926
India,2022,1,Recharge & bill payments,749674246,447599848131.41187
India,2022,1,Financial Services,4035100,4921211866.489969
India,2022,1,Others,16393502,8422766458.459174
India,2022,2,Merchant payments,4765203787,2847096877386.341
India,2022,2,Peer-to-peer payments,3506141323,12123524700463.535
India,2022,2,Recharge & bill payments,845751926,523046092987.93964
India,2022,2,Financial Services,3272822,3889787479.819907
India,2022,2,Others,11241480,6711034131.16017
India,2022,3,Merchant payments,5618132071,3151614767860.314
India,2022,3,Peer-to-peer payments,3957113406,12837803371386.29
India,2022,3,Recharge & bill payments,956164949,607048699730.3645
India,2022,3,Financial Services,3959631,4514223164.469998
India,2022,3,Others,10005043,6725900102.770244
India,2022,4,Merchant payments,6565690145,3673601044800.037
India,2022,4,Peer-to-peer payments,4459859921,14578874324207.227
India,2022,4,Recharge & bill payments,991049281,649776847580.25
India,2022,4,Financial Services,4623387,5360528394.309982
India,2022,4,Others,10013085,7361492606.590162
India,2023,1,Merchant payments,7205999708,3745994748195.0
India,2023,1,Peer-to-peer payments,4792478560,15924876501456.0
India,2023,1,Recharge & bill payments,1076952638,829952832616.0
India,2023,1,Financial Services,4884759,5673343900.0
India,2023,1,Others,10259195,7571900579.0
India,2023,2,Merchant payments,8529595637,4277821161887.0
India,2023,2,Peer-to-peer payments,5374546962,17722778868673.0
India,2023,2,Recharge & bill payments,1190947064,904758857308.0
India,2023,2,Financial Services,5195942,6364033676.0
India,2023,2,Others,9341245,6919677602.0
India,2023,3,Merchant payments,9868299757,4686944326058.0
India,2023,3,Peer-to-peer payments,5929662466,18342686827713.0
India,2023,3,Recharge & bill payments,1229068434,967694654180.0
India,2023,3,Financial Services,6273522,8553479441.0
India,2023,3,Others,8491944,6397985054.0
India,2023,4,Merchant payments,11107996161,5419672580085.0
India,2023,4,Peer-to-peer payments,6643982862,20533815852133.0
India,2023,4,Recharge & bill payments,1247192050,1077506924551.0
India,2023,4,Financial Services,7517384,9998159518.0
India,2023,4,Others,8651416,6391200449.0
India,2024,1,Merchant payments,12520741960,5962442621632.0
India,2024,1,Peer-to-peer payments,7335480797,22327480157794.0
India,2024,1,Recharge & bill payments,1365204965,1150335013422.0
India,2024,1,Financial Services,7419656,11806228360.0
India,2024,1,Others,8290191,6518078355.0
India,2024,2,Merchant payments,14634736361,6800938567813.0
India,2024,2,Peer-to-peer payments,7929923251,23817818323139.0
India,2024,2,Recharge & bill payments,1443979969,1179029035046.0
India,2024,2,Financial Services,8865844,14501331707.0
India,2024,2,Others,8700101,8229697142.0
India,2024,3,Merchant payments,15826083595,7132485242978.0
India,2024,3,Peer-to-peer payments,8566984108,23963938754607.0
India,2024,3,Recharge & bill payments,1409788062,1224783540794.0
India,2024,3,Financial Services,10798565,17450358563.0
India,2024,3,Others,7361054,8309733368.0
India,2024,4,Merchant payments,17419191808,8081429560226.0
India,2024,4,Peer-to-peer payments,9368204284,26633866936498.0
India,2024,4,Recharge & bill payments,1392529171,1255972669825.0
India,2024,4,Financial Services,32113340,18162331751.0
India,2024,4,Others,7217236,9369386297.0
andaman-&-nicobar-islands,2018,1,Recharge & bill payments,4200,1845307.4673655091
andaman-&-nicobar-islands,2018,1,Peer-to-peer payments,1871,12138655.299749982
andaman-&-nicobar-islands,2018,1,Merchant payments,298,452507.168646613
andaman-&-nicobar-islands,2018,1,Financial Services,33,10601.419933464953
andaman-&-nicobar-islands,2018,1,Others,256,184689.8662902223
andaman-&-nicobar-islands,2018,2,Recharge & bill payments,6735,2320944.731074479
andaman-&-nicobar-islands,2018,2,Peer-to-peer payments,3575,24511925.231047668
andaman-&-nicobar-islands,2018,2,Merchant payments,603,1024491.0133579008
andaman-&-nicobar-islands,2018,2,Financial Services,59,121336.0270987509
andaman-&-nicobar-islands,2018,2,Others,368,359838.50537474576
andaman-&-nicobar-islands,2018,3,Recharge & bill payments,8636,4343504.868377829
andaman-&-nicobar-islands,2018,3,Peer-to-peer payments,6448,49270781.541635044
andaman-&-nicobar-islands,2018,3,Merchant payments,945,1627359.8394868043
andaman-&-nicobar-islands,2018,3,Financial Services,42,1481.4907042806485
andaman-&-nicobar-islands,2018,3,Others,194,314343.39410715323
andaman-&-nicobar-islands,2018,4,Recharge & bill payments,11517,5450549.512294375
andaman-&-nicobar-islands,2018,4,Peer-to-peer payments,10451,81001456.97825177
andaman-&-nicobar-islands,2018,4,Merchant payments,1421,3552027.735492656
andaman-&-nicobar-islands,2018,4,Financial Services,29,76035.7877393286
andaman-&-nicobar-islands,2018,4,Others,340,468266.0606770435
andaman-&-nicobar-islands,2019,1,Recharge & bill payments,15263,6611459.8729725825
andaman-&-nicobar-islands,2019,1,Peer-to-peer payments,13119,91808345.86839552
andaman-&-nicobar-islands,2019,1,Merchant payments,1759,3266589.8469614363
andaman-&-nicobar-islands,2019,1,Financial Services,62,116250.43671861099
andaman-&-nicobar-islands,2019,1,Others,283,497094.6484417205
andaman-&-nicobar-islands,2019,2,Recharge & bill payments,14676,7242448.256212333
andaman-&-nicobar-islands,2019,2,Peer-to-peer payments,14481,107525358.66652842
andaman-&-nicobar-islands,2019,2,Merchant payments,4031,4702152.616619372
andaman-&-nicobar-islands,2019,2,Financial Services,124,113278.91371326067
andaman-&-nicobar-islands,2019,2,Others,377,671471.222589792
andaman-&-nicobar-islands,2019,3,Recharge & bill payments,16219,8171737.705916681
andaman-&-nicobar-islands,2019,3,Peer-to-peer payments,13767,101079821.10344616
andaman-&-nicobar-islands,2019,3,Merchant payments,3519,4428734.574846684
andaman-&-nicobar-islands,2019,3,Financial Services,50,158857.94315586874
andaman-&-nicobar-islands,2019,3,Others,215,232624.75992853564
andaman-&-nicobar-islands,2019,4,Peer-to-peer payments,18128,121493224.30754511
andaman-&-nicobar-islands,2019,4,Recharge & bill payments,13851,9538690.916424634
andaman-&-nicobar-islands,2019,4,Merchant payments,2920,5247500.487902376
andaman-&-nicobar-islands,2019,4,Financial Services,60,295937.2110898865
andaman-&-nicobar-islands,2019,4,Others,200,263177.5944158883
andaman-&-nicobar-islands,2020,1,Peer-to-peer payments,18324,142332401.79234773
andaman-&-nicobar-islands,2020,1,Recharge & bill payments,18268,10850414.023977457
andaman-&-nicobar-islands,2020,1,Merchant payments,4424,7752871.558217709
andaman-&-nicobar-islands,2020,1,Financial Services,66,208231.73071652642
andaman-&-nicobar-islands,2020,1,Others,216,332393.19201521645
andaman-&-nicobar-islands,2020,2,Recharge & bill payments,38125,17659622.73418829
andaman-&-nicobar-islands,2020,2,Peer-to-peer payments,20303,141728757.73517442
andaman-&-nicobar-islands,2020,2,Merchant payments,4004,9236375.740471343
andaman-&-nicobar-islands,2020,2,Financial Services,175,706932.1397115812
andaman-&-nicobar-islands,2020,2,Others,355,313313.0646014327
andaman-&-nicobar-islands,2020,3,Recharge & bill payments,59310,24756220.875469353
andaman-&-nicobar-islands,2020,3,Peer-to-peer payments,40697,289078946.7312394
andaman-&-nicobar-islands,2020,3,Merchant payments,16096,22682992.238478824
andaman-&-nicobar-islands,2020,3,Financial Services,572,961836.7129860274
andaman-&-nicobar-islands,2020,3,Others,808,539449.7721868362
andaman-&-nicobar-islands,2020,4,Peer-to-peer payments,81439,533316526.1814983
andaman-&-nicobar-islands,2020,4,Recharge & bill payments,80811,33710030.534383245
andaman-&-nicobar-islands,2020,4,Merchant payments,59391,56867468.940003954
andaman-&-nicobar-islands,2020,4,Financial Services,965,1880546.9672370641
andaman-&-nicobar-islands,2020,4,Others,1925,1508083.6917299272
andaman-&-nicobar-islands,2021,1,Peer-to-peer payments,105458,665391395.715478
andaman-&-nicobar-islands,2021,1,Recharge & bill payments,84119,37160922.86506996
andaman-&-nicobar-islands,2021,1,Merchant payments,53090,78606979.05751458
andaman-&-nicobar-islands,2021,1,Financial Services,884,1469351.0852598653
andaman-&-nicobar-islands,2021,1,Others,1201,1077918.666433228
andaman-&-nicobar-islands,2021,2,Peer-to-peer payments,132772,748382044.7707307
andaman-&-nicobar-islands,2021,2,Recharge & bill payments,120911,43691961.26275121
andaman-&-nicobar-islands,2021,2,Merchant payments,85143,103707408.50908463
andaman-&-nicobar-islands,2021,2,Financial Services,960,2038521.5136710338
andaman-&-nicobar-islands,2021,2,Others,1628,1327080.0560584562
andaman-&-nicobar-islands,2021,3,Peer-to-peer payments,192321,1077787837.1562996
andaman-&-nicobar-islands,2021,3,Recharge & bill payments,136010,51243450.85925055
andaman-&-nicobar-islands,2021,3,Merchant payments,118340,176991328.21761328
andaman-&-nicobar-islands,2021,3,Financial Services,990,2351013.441729573
andaman-&-nicobar-islands,2021,3,Others,2103,1650766.1267105162
andaman-&-nicobar-islands,2021,4,Peer-to-peer payments,285778,1544932663.2744582
andaman-&-nicobar-islands,2021,4,Merchant payments,210164,322842314.62433755
andaman-&-nicobar-islands,2021,4,Recharge & bill payments,135608,59243518.11464358
andaman-&-nicobar-islands,2021,4,Financial Services,1718,3137965.167474068
andaman-&-nicobar-islands,2021,4,Others,2855,2453640.142743944
andaman-&-nicobar-islands,2022,1,Peer-to-peer payments,342649,1682328505.7254477
andaman-&-nicobar-islands,2022,1,Merchant payments,284298,370091558.68373305
andaman-&-nicobar-islands,2022,1,Recharge & bill payments,163401,71300133.66101266
andaman-&-nicobar-islands,2022,1,Financial Services,1757,2869682.0229511866
andaman-&-nicobar-islands,2022,1,Others,2643,2440321.9820225406
andaman-&-nicobar-islands,2022,2,Merchant payments,449540,510838980.9061847
andaman-&-nicobar-islands,2022,2,Peer-to-peer payments,437606,2088309073.4552848
andaman-&-nicobar-islands,2022,2,Recharge & bill payments,179515,82232936.61795366
andaman-&-nicobar-islands,2022,2,Financial Services,1448,2089862.3927160464
andaman-&-nicobar-islands,2022,2,Others,3108,2449496.7081265687
andaman-&-nicobar-islands,2022,3,Merchant payments,716105,693438186.296541
andaman-&-nicobar-islands,2022,3,Peer-to-peer payments,622217,2514535154.56483
andaman-&-nicobar-islands,2022,3,Recharge & bill payments,240766,97748065.62714244
andaman-&-nicobar-islands,2022,3,Financial Services,1814,2166304.9779766416
andaman-&-nicobar-islands,2022,3,Others,3477,2744060.670897343
andaman-&-nicobar-islands,2022,4,Merchant payments,956536,906365300.6585041
andaman-&-nicobar-islands,2022,4,Peer-to-peer payments,768758,2961630584.8271313
andaman-&-nicobar-islands,2022,4,Recharge & bill payments,256050,110037119.66941178
andaman-&-nicobar-islands,2022,4,Financial Services,2499,3533987.2301130476
andaman-&-nicobar-islands,2022,4,Others,3692,3107412.043626394
andaman-&-nicobar-islands,2023,1,Merchant payments,1122063,1008821751.0
andaman-&-nicobar-islands,2023,1,Peer-to-peer payments,862347,3299762230.0
andaman-&-nicobar-islands,2023,1,Recharge & bill payments,286024,146338470.0
andaman-&-nicobar-islands,2023,1,Financial Services,2515,3556954.0
andaman-&-nicobar-islands,2023,1,Others,3443,3049182.0
andaman-&-nicobar-islands,2023,2,Merchant payments,1410653,1159905474.0
andaman-&-nicobar-islands,2023,2,Peer-to-peer payments,970525,3664415887.0
andaman-&-nicobar-islands,2023,2,Recharge & bill payments,320922,158455723.0
andaman-&-nicobar-islands,2023,2,Financial Services,2158,4161814.0
andaman-&-nicobar-islands,2023,2,Others,3517,3405338.0
andaman-&-nicobar-islands,2023,3,Merchant payments,1657848,1289780198.0
andaman-&-nicobar-islands,2023,3,Peer-to-peer payments,1111211,3757627272.0
andaman-&-nicobar-islands,2023,3,Recharge & bill payments,323935,157992380.0
andaman-&-nicobar-islands,2023,3,Financial Services,2199,3850023.0
andaman-&-nicobar-islands,2023,3,Others,3183,2346918.0
andaman-&-nicobar-islands,2023,4,Merchant payments,2039888,1653303276.0
andaman-&-nicobar-islands,2023,4,Peer-to-peer payments,1321796,4420459049.0
andaman-&-nicobar-islands,2023,4,Recharge & bill payments,327460,185028400.0
andaman-&-nicobar-islands,2023,4,Financial Services,3276,7836466.0
andaman-&-nicobar-islands,2023,4,Others,3363,2925308.0
andaman-&-nicobar-islands,2024,1,Merchant payments,2401038,1887811915.0
andaman-&-nicobar-islands,2024,1,Peer-to-peer payments,1436380,4771886847.0
andaman-&-nicobar-islands,2024,1,Recharge & bill payments,341224,188939343.0
andaman-&-nicobar-islands,2024,1,Financial Services,3761,7962745.0
andaman-&-nicobar-islands,2024,1,Others,2517,2550985.0
andaman-&-nicobar-islands,2024,2,Merchant payments,2769052,2053269052.0
andaman-&-nicobar-islands,2024,2,Peer-to-peer payments,1513157,5033712226.0
andaman-&-nicobar-islands,2024,2,Recharge & bill payments,365214,196987648.0
andaman-&-nicobar-islands,2024,2,Financial Services,3371,9550750.0
andaman-&-nicobar-islands,2024,2,Others,2430,2260654.0
andaman-&-nicobar-islands,2024,3,Merchant payments,3158032,2132361939.0
andaman-&-nicobar-islands,2024,3,Peer-to-peer payments,1733054,5305660809.0
andaman-&-nicobar-islands,2024,3,Recharge & bill payments,382130,213105223.0
andaman-&-nicobar-islands,2024,3,Financial Services,4169,10756400.0
andaman-&-nicobar-islands,2024,3,Others,1865,1960638.0
andaman-&-nicobar-islands,2024,4,Merchant payments,3666060,2546601178.0
andaman-&-nicobar-islands,2024,4,Peer-to-peer payments,1993301,6142805445.0
andaman-&-nicobar-islands,2024,4,Recharge & bill payments,389318,214912264.0
andaman-&-nicobar-islands,2024,4,Financial Services,12889,12789955.0
andaman-&-nicobar-islands,2024,4,Others,2332,3835931.0
andhra-pradesh,2018,1,Recharge & bill payments,5027448,892293975.6698562
andhra-pradesh,2018,1,Peer-to-peer payments,3049646,10524250283.178782
andhra-pradesh,2018,1,Merchant payments,362672,247297640.24000686
andhra-pradesh,2018,1,Financial Services,204305,44808449.7639544
andhra-pradesh,2018,1,Others,395514,287626042.970705
andhra-pradesh,2018,2,Recharge & bill payments,6456387,1598591488.4880352
andhra-pradesh,2018,2,Peer-to-peer payments,4745000,20451493098.8953
andhra-pradesh,2018,2,Merchant payments,604847,436785223.86032957
andhra-pradesh,2018,2,Financial Services,225621,68952114.81374599
andhra-pradesh,2018,2,Others,322063,328092346.575651
andhra-pradesh,2018,3,Peer-to-peer payments,16129591,32738630444.668724
andhra-pradesh,2018,3,Recharge & bill payments,7542005,1949098146.8941927
andhra-pradesh,2018,3,Merchant payments,1225416,685277254.5076212
andhra-pradesh,2018,3,Financial Services,380324,60790077.57437308
andhra-pradesh,2018,3,Others,348725,284248675.5700202
andhra-pradesh,2018,4,Peer-to-peer payments,17580086,47011639726.13608
andhra-pradesh,2018,4,Recharge & bill payments,9767083,2418164314.470957
andhra-pradesh,2018,4,Merchant payments,2622131,1671585888.568256
andhra-pradesh,2018,4,Financial Services,400837,57178116.40322068
andhra-pradesh,2018,4,Others,389411,315211361.26249415
andhra-pradesh,2019,1,Peer-to-peer payments,37420988,77524329742.2595
andhra-pradesh,2019,1,Recharge & bill payments,14022264,3480641602.3771377
andhra-pradesh,2019,1,Merchant payments,5043682,2423536770.3706346
andhra-pradesh,2019,1,Financial Services,416325,47150177.52982048
andhra-pradesh,2019,1,Others,361263,284937624.5393019
andhra-pradesh,2019,2,Peer-to-peer payments,32494402,103924649232.47021
andhra-pradesh,2019,2,Recharge & bill payments,14093964,4708345387.9101095
andhra-pradesh,2019,2,Merchant payments,9226537,4613405202.681959
andhra-pradesh,2019,2,Financial Services,145310,26626696.771042537
andhra-pradesh,2019,2,Others,448802,361492238.3966455
andhra-pradesh,2019,3,Peer-to-peer payments,39023491,124338645329.51532
andhra-pradesh,2019,3,Recharge & bill payments,20147629,6893984676.598906
andhra-pradesh,2019,3,Merchant payments,16581787,7887394038.066369
andhra-pradesh,2019,3,Financial Services,122270,29778183.027080443
andhra-pradesh,2019,3,Others,413437,298142027.58625776
andhra-pradesh,2019,4,Peer-to-peer payments,57181511,178893550050.68753
andhra-pradesh,2019,4,Merchant payments,25122370,13476303367.50486
andhra-pradesh,2019,4,Recharge & bill payments,24469888,8335168605.691999
andhra-pradesh,2019,4,Financial Services,105662,26796571.745749153
andhra-pradesh,2019,4,Others,338672,216496893.16102877
andhra-pradesh,2020,1,Peer-to-peer payments,65452143,223088554055.04755
andhra-pradesh,2020,1,Merchant payments,31408022,18603161784.496994
andhra-pradesh,2020,1,Recharge & bill payments,30449644,10813530777.973532
andhra-pradesh,2020,1,Financial Services,75238,43739133.169823855
andhra-pradesh,2020,1,Others,292310,188228538.37489766
andhra-pradesh,2020,2,Peer-to-peer payments,73609921,262731724130.7907
andhra-pradesh,2020,2,Recharge & bill payments,41013987,16991006436.573467
andhra-pradesh,2020,2,Merchant payments,29976765,22625596525.44269
andhra-pradesh,2020,2,Financial Services,140941,145274999.15679634
andhra-pradesh,2020,2,Others,176241,90087654.60009979
andhra-pradesh,2020,3,Peer-to-peer payments,106791894,406461788252.32056
andhra-pradesh,2020,3,Merchant payments,54055557,40739580213.86052
andhra-pradesh,2020,3,Recharge & bill payments,43500067,19475104674.827175
andhra-pradesh,2020,3,Financial Services,243088,256074924.7187529
andhra-pradesh,2020,3,Others,312329,151582519.18136686
andhra-pradesh,2020,4,Peer-to-peer payments,152003791,566639138543.7708
andhra-pradesh,2020,4,Merchant payments,86581460,66654048149.95168
andhra-pradesh,2020,4,Recharge & bill payments,46810304,20936337211.557747
andhra-pradesh,2020,4,Financial Services,265470,305168772.45601684
andhra-pradesh,2020,4,Others,457527,306853355.59473807
andhra-pradesh,2021,1,Peer-to-peer payments,149313738,580542193013.0018
andhra-pradesh,2021,1,Merchant payments,97920281,70813192713.43477
andhra-pradesh,2021,1,Recharge & bill payments,41940689,20546424964.14482
andhra-pradesh,2021,1,Financial Services,225355,270313028.48452014
andhra-pradesh,2021,1,Others,347907,272546457.5502677
andhra-pradesh,2021,2,Peer-to-peer payments,189614879,737004484057.439
andhra-pradesh,2021,2,Merchant payments,112875274,88512429436.91248
andhra-pradesh,2021,2,Recharge & bill payments,49626902,24646800345.106976
andhra-pradesh,2021,2,Financial Services,243237,265483044.40124667
andhra-pradesh,2021,2,Others,406842,308302224.3856007
andhra-pradesh,2021,3,Peer-to-peer payments,221280317,837841124664.307
andhra-pradesh,2021,3,Merchant payments,158290953,118164377968.16754
andhra-pradesh,2021,3,Recharge & bill payments,51702350,27511344958.24361
andhra-pradesh,2021,3,Financial Services,211171,297239697.83073866
andhra-pradesh,2021,3,Others,547759,403948275.56756073
andhra-pradesh,2021,4,Peer-to-peer payments,262006450,971269765249.1282
andhra-pradesh,2021,4,Merchant payments,207538904,152883933596.5386
andhra-pradesh,2021,4,Recharge & bill payments,51762842,31232784713.985794
andhra-pradesh,2021,4,Financial Services,243951,332740108.6635881
andhra-pradesh,2021,4,Others,701856,545223415.6638832
andhra-pradesh,2022,1,Peer-to-peer payments,288488560,1089629182596.4781
andhra-pradesh,2022,1,Merchant payments,242031836,169419685917.19562
andhra-pradesh,2022,1,Recharge & bill payments,51224170,34473036841.83001
andhra-pradesh,2022,1,Financial Services,231651,324358965.11859065
andhra-pradesh,2022,1,Others,627694,474382234.25397474
andhra-pradesh,2022,2,Peer-to-peer payments,321362337,1231408926513.7114
andhra-pradesh,2022,2,Merchant payments,292530048,205433660654.20898
andhra-pradesh,2022,2,Recharge & bill payments,56606969,42408541939.06145
andhra-pradesh,2022,2,Financial Services,192751,245783011.04455262
andhra-pradesh,2022,2,Others,441925,357036084.9071137
andhra-pradesh,2022,3,Peer-to-peer payments,298804000,1140164525892.7397
andhra-pradesh,2022,3,Merchant payments,291033653,202910820650.0824
andhra-pradesh,2022,3,Recharge & bill payments,52467708,41438764826.20322
andhra-pradesh,2022,3,Financial Services,187190,239347241.54655045
andhra-pradesh,2022,3,Others,362484,323951101.5715289
andhra-pradesh,2022,4,Merchant payments,321632104,211898851397.09848
andhra-pradesh,2022,4,Peer-to-peer payments,315734006,1170249585983.0112
andhra-pradesh,2022,4,Recharge & bill payments,52098850,41986837706.47902
andhra-pradesh,2022,4,Financial Services,206459,250596592.06465048
andhra-pradesh,2022,4,Others,345658,339211363.0027188
andhra-pradesh,2023,1,Merchant payments,540680395,311606731877.0
andhra-pradesh,2023,1,Peer-to-peer payments,514931308,1857818168755.0
andhra-pradesh,2023,1,Recharge & bill payments,89143939,78817989795.0
andhra-pradesh,2023,1,Financial Services,288150,331233097.0
andhra-pradesh,2023,1,Others,488672,477193006.0
andhra-pradesh,2023,2,Merchant payments,634303064,349602824539.0
andhra-pradesh,2023,2,Peer-to-peer payments,573455382,2067288068882.0
andhra-pradesh,2023,2,Recharge & bill payments,97202487,88352183038.0
andhra-pradesh,2023,2,Financial Services,316533,386071375.0
andhra-pradesh,2023,2,Others,379498,409939082.0
andhra-pradesh,2023,3,Merchant payments,750265405,395042164275.0
andhra-pradesh,2023,3,Peer-to-peer payments,623202203,2163464730936.0
andhra-pradesh,2023,3,Recharge & bill payments,101000645,94077774967.0
andhra-pradesh,2023,3,Financial Services,361584,466791218.0
andhra-pradesh,2023,3,Others,334566,362636702.0
andhra-pradesh,2023,4,Merchant payments,822516631,427677236042.0
andhra-pradesh,2023,4,Peer-to-peer payments,673002314,2270766948881.0
andhra-pradesh,2023,4,Recharge & bill payments,100733697,103186953776.0
andhra-pradesh,2023,4,Financial Services,431705,535202901.0
andhra-pradesh,2023,4,Others,303079,348636223.0
andhra-pradesh,2024,1,Merchant payments,926373997,468462542792.0
andhra-pradesh,2024,1,Peer-to-peer payments,721764113,2436665736212.0
andhra-pradesh,2024,1,Recharge & bill payments,106564415,106646957337.0
andhra-pradesh,2024,1,Financial Services,427720,634184211.0
andhra-pradesh,2024,1,Others,298240,316249197.0
andhra-pradesh,2024,2,Merchant payments,1068247800,526363160284.0
andhra-pradesh,2024,2,Peer-to-peer payments,748553253,2545133436133.0
andhra-pradesh,2024,2,Recharge & bill payments,112475183,109301693605.0
andhra-pradesh,2024,2,Financial Services,558924,799915709.0
andhra-pradesh,2024,2,Others,287140,324214357.0
andhra-pradesh,2024,3,Merchant payments,1186825685,569822447748.0
andhra-pradesh,2024,3,Peer-to-peer payments,802972632,2555369227206.0
andhra-pradesh,2024,3,Recharge & bill payments,100644574,100291968047.0
andhra-pradesh,2024,3,Financial Services,633983,857014703.0
andhra-pradesh,2024,3,Others,294488,304949785.0
andhra-pradesh,2024,4,Merchant payments,1319061337,622805238380.0
andhra-pradesh,2024,4,Peer-to-peer payments,872917507,2723665407515.0
andhra-pradesh,2024,4,Recharge & bill payments,101888917,104194996949.0
andhra-pradesh,2024,4,Financial Services,2255721,977916755.0
andhra-pradesh,2024,4,Others,322062,372009367.0
arunachal-pradesh,2018,1,Recharge & bill payments,28729,5184132.514934338
arunachal-pradesh,2018,1,Peer-to-peer payments,13320,82889682.72418305
arunachal-pradesh,2018,1,Merchant payments,1042,2420374.1905855755
arunachal-pradesh,2018,1,Financial Services,416,58893.76201533088
arunachal-pradesh,2018,1,Others,1990,1834252.8176908877
arunachal-pradesh,2018,2,Recharge & bill payments,50700,10468878.537107183
arunachal-pradesh,2018,2,Peer-to-peer payments,26477,181576281.19464755
arunachal-pradesh,2018,2,Merchant payments,2378,4718953.439561011
arunachal-pradesh,2018,2,Financial Services,559,363761.80159549194
arunachal-pradesh,2018,2,Others,2043,1842317.3691352482
arunachal-pradesh,2018,3,Recharge & bill payments,74122,15997565.906016497
arunachal-pradesh,2018,3,Peer-to-peer payments,49740,308106303.45342577
arunachal-pradesh,2018,3,Merchant payments,4738,5505694.567913429
arunachal-pradesh,2018,3,Financial Services,507,72133.845254878
arunachal-pradesh,2018,3,Others,2039,2044708.9687807972
arunachal-pradesh,2018,4,Recharge & bill payments,97751,20662691.882313278
arunachal-pradesh,2018,4,Peer-to-peer payments,68169,468831493.2328036
arunachal-pradesh,2018,4,Merchant payments,7726,11998974.1040326
arunachal-pradesh,2018,4,Financial Services,561,100597.90379906222
arunachal-pradesh,2018,4,Others,2222,2446271.9688117937
arunachal-pradesh,2019,1,Recharge & bill payments,121303,26796894.998233315
arunachal-pradesh,2019,1,Peer-to-peer payments,93494,568554821.4456317
arunachal-pradesh,2019,1,Merchant payments,9214,11727218.401334248
arunachal-pradesh,2019,1,Financial Services,256,140622.87093631705
arunachal-pradesh,2019,1,Others,2239,2730548.5978140826
arunachal-pradesh,2019,2,Recharge & bill payments,131988,30420803.41271234
arunachal-pradesh,2019,2,Peer-to-peer payments,106527,704237943.4054435
arunachal-pradesh,2019,2,Merchant payments,16828,13955724.130712911
arunachal-pradesh,2019,2,Financial Services,267,160660.8821362781
arunachal-pradesh,2019,2,Others,3046,3880742.524023137
arunachal-pradesh,2019,3,Recharge & bill payments,216228,50946104.94289842
arunachal-pradesh,2019,3,Peer-to-peer payments,133484,841037395.2474606
arunachal-pradesh,2019,3,Merchant payments,16900,17178248.07427002
arunachal-pradesh,2019,3,Financial Services,864,64089.11350267195
arunachal-pradesh,2019,3,Others,2758,3419197.4177385764
arunachal-pradesh,2019,4,Recharge & bill payments,259183,63516906.09060433
arunachal-pradesh,2019,4,Peer-to-peer payments,177833,1100137447.9340453
arunachal-pradesh,2019,4,Merchant payments,19769,23192271.691576812
arunachal-pradesh,2019,4,Financial Services,314,305379.7987782319
arunachal-pradesh,2019,4,Others,2376,3421174.01227797
arunachal-pradesh,2020,1,Recharge & bill payments,329834,86011654.77474582
arunachal-pradesh,2020,1,Peer-to-peer payments,203429,1263912288.4066367
arunachal-pradesh,2020,1,Merchant payments,31181,28553052.133918796
arunachal-pradesh,2020,1,Financial Services,470,337812.94816169393
arunachal-pradesh,2020,1,Others,2261,2943873.0666838237
arunachal-pradesh,2020,2,Recharge & bill payments,522495,145198528.22961134
arunachal-pradesh,2020,2,Peer-to-peer payments,247861,1630654426.0441835
arunachal-pradesh,2020,2,Merchant payments,35169,46446966.612447515
arunachal-pradesh,2020,2,Financial Services,1310,2655507.6964110374
arunachal-pradesh,2020,2,Others,1939,1761404.4023099935
arunachal-pradesh,2020,3,Recharge & bill payments,514907,153463816.21184397
arunachal-pradesh,2020,3,Peer-to-peer payments,370418,2361603431.37578
arunachal-pradesh,2020,3,Merchant payments,72736,88145178.69272713
arunachal-pradesh,2020,3,Financial Services,1761,4030599.9171272423
arunachal-pradesh,2020,3,Others,3005,2695539.3607389224
arunachal-pradesh,2020,4,Peer-to-peer payments,522019,3254744938.4105625
arunachal-pradesh,2020,4,Recharge & bill payments,513895,152389181.21743062
arunachal-pradesh,2020,4,Merchant payments,167387,156682926.02384603
arunachal-pradesh,2020,4,Financial Services,1749,2391651.8783250954
arunachal-pradesh,2020,4,Others,4079,4055324.315454754
arunachal-pradesh,2021,1,Peer-to-peer payments,566209,3460488558.9436507
arunachal-pradesh,2021,1,Recharge & bill payments,450649,142358376.9003836
arunachal-pradesh,2021,1,Merchant payments,155966,204958020.0891498
arunachal-pradesh,2021,1,Financial Services,1558,2672460.4740365944
arunachal-pradesh,2021,1,Others,3074,3301662.6094231335
arunachal-pradesh,2021,2,Peer-to-peer payments,762946,4000960152.0755496
arunachal-pradesh,2021,2,Recharge & bill payments,556680,165579844.25105897
arunachal-pradesh,2021,2,Merchant payments,243375,283709438.5363142
arunachal-pradesh,2021,2,Financial Services,1582,2761076.7934988844
arunachal-pradesh,2021,2,Others,3755,3415105.3379601175
arunachal-pradesh,2021,3,Peer-to-peer payments,986088,5033603845.032885
arunachal-pradesh,2021,3,Recharge & bill payments,600102,187390578.30403775
arunachal-pradesh,2021,3,Merchant payments,314658,449869060.7842621
arunachal-pradesh,2021,3,Financial Services,1934,3348547.8272713376
arunachal-pradesh,2021,3,Others,4185,3912143.3503634185
arunachal-pradesh,2021,4,Peer-to-peer payments,1227616,6022733378.120082
arunachal-pradesh,2021,4,Recharge & bill payments,633248,207784816.33218512
arunachal-pradesh,2021,4,Merchant payments,521447,704195694.9939187
arunachal-pradesh,2021,4,Financial Services,2386,3933557.2795471298
arunachal-pradesh,2021,4,Others,5901,4862905.885615055
arunachal-pradesh,2022,1,Peer-to-peer payments,1403584,6670641250.45945
arunachal-pradesh,2022,1,Merchant payments,720803,917155358.7177179
arunachal-pradesh,2022,1,Recharge & bill payments,670576,231933129.00412333
arunachal-pradesh,2022,1,Financial Services,3053,3359625.792926075
arunachal-pradesh,2022,1,Others,6052,5002264.113148138
arunachal-pradesh,2022,2,Peer-to-peer payments,1751568,7627061474.687715
arunachal-pradesh,2022,2,Merchant payments,1108353,1255513517.3639429
arunachal-pradesh,2022,2,Recharge & bill payments,688770,241162643.19480157
arunachal-pradesh,2022,2,Financial Services,2466,4063469.0998270046
arunachal-pradesh,2022,2,Others,5768,3864269.879579009
arunachal-pradesh,2022,3,Peer-to-peer payments,1967086,7365427284.274204
arunachal-pradesh,2022,3,Merchant payments,1316326,1413247143.4889917
arunachal-pradesh,2022,3,Recharge & bill payments,649322,238448083.80779752
arunachal-pradesh,2022,3,Financial Services,1997,4763324.776043448
arunachal-pradesh,2022,3,Others,4687,3224948.7015704075
arunachal-pradesh,2022,4,Peer-to-peer payments,2251135,7768088687.67791
arunachal-pradesh,2022,4,Merchant payments,1704968,1669602212.9174638
arunachal-pradesh,2022,4,Recharge & bill payments,669151,239412553.61214688
arunachal-pradesh,2022,4,Financial Services,2617,3785469.3993366556
arunachal-pradesh,2022,4,Others,4838,4020773.8953960314
arunachal-pradesh,2023,1,Peer-to-peer payments,3879583,13170741327.0
arunachal-pradesh,2023,1,Merchant payments,2922784,2802762028.0
arunachal-pradesh,2023,1,Recharge & bill payments,1229475,409663161.0
arunachal-pradesh,2023,1,Financial Services,4142,6310412.0
arunachal-pradesh,2023,1,Others,6841,5101526.0
arunachal-pradesh,2023,2,Peer-to-peer payments,4883817,15695323405.0
arunachal-pradesh,2023,2,Merchant payments,4091876,3651614280.0
arunachal-pradesh,2023,2,Recharge & bill payments,1374689,447452168.0
arunachal-pradesh,2023,2,Financial Services,3392,5815474.0
arunachal-pradesh,2023,2,Others,6714,5493337.0
arunachal-pradesh,2023,3,Peer-to-peer payments,5889357,16351752522.0
arunachal-pradesh,2023,3,Merchant payments,5451474,4277046551.0
arunachal-pradesh,2023,3,Recharge & bill payments,1450780,482412481.0
arunachal-pradesh,2023,3,Financial Services,4825,11365670.0
arunachal-pradesh,2023,3,Others,5997,4813862.0
arunachal-pradesh,2023,4,Peer-to-peer payments,6678381,18554712209.0
arunachal-pradesh,2023,4,Merchant payments,6435278,5043099494.0
arunachal-pradesh,2023,4,Recharge & bill payments,1491471,515181105.0
arunachal-pradesh,2023,4,Financial Services,5573,11079378.0
arunachal-pradesh,2023,4,Others,7039,4727608.0
arunachal-pradesh,2024,1,Merchant payments,7491171,5669482843.0
arunachal-pradesh,2024,1,Peer-to-peer payments,7238315,19793142980.0
arunachal-pradesh,2024,1,Recharge & bill payments,1664938,568014875.0
arunachal-pradesh,2024,1,Financial Services,6408,13072238.0
arunachal-pradesh,2024,1,Others,5582,3331540.0
arunachal-pradesh,2024,2,Merchant payments,9567105,6815204405.0
arunachal-pradesh,2024,2,Peer-to-peer payments,8120757,22271137791.0
arunachal-pradesh,2024,2,Recharge & bill payments,1776684,595957635.0
arunachal-pradesh,2024,2,Financial Services,7896,20769976.0
arunachal-pradesh,2024,2,Others,5930,3281823.0
arunachal-pradesh,2024,3,Merchant payments,12464040,7709848647.0
arunachal-pradesh,2024,3,Peer-to-peer payments,10083155,23214155044.0
arunachal-pradesh,2024,3,Recharge & bill payments,1886589,653172013.0
arunachal-pradesh,2024,3,Financial Services,8170,21220623.0
arunachal-pradesh,2024,3,Others,5188,3560378.0
arunachal-pradesh,2024,4,Merchant payments,14117429,8515314488.0
arunachal-pradesh,2024,4,Peer-to-peer payments,10758583,25848886063.0
arunachal-pradesh,2024,4,Recharge & bill payments,1886780,695358159.0
arunachal-pradesh,2024,4,Financial Services,25593,16838759.0
arunachal-pradesh,2024,4,Others,5072,3489404.0
assam,2018,1,Recharge & bill payments,632092,93491181.14056379
assam,2018,1,Peer-to-peer payments,318025,993525195.9818655
assam,2018,1,Merchant payments,40482,34501622.89266755
assam,2018,1,Financial Services,18172,4936862.200688562
assam,2018,1,Others,48110,31349593.99668264
assam,2018,2,Recharge & bill payments,984160,174427478.21340805
assam,2018,2,Peer-to-peer payments,530781,2064314053.1339972
assam,2018,2,Merchant payments,79307,73366344.80739225
assam,2018,2,Financial Services,22773,7051504.657611102
assam,2018,2,Others,46852,31425754.725386057
assam,2018,3,Recharge & bill payments,1275136,254569069.32411742
assam,2018,3,Peer-to-peer payments,843571,3424136709.5088205
assam,2018,3,Merchant payments,159532,96783839.37466942
assam,2018,3,Financial Services,22677,4741123.821880115
assam,2018,3,Others,50935,30904247.884785894
assam,2018,4,Recharge & bill payments,1703488,317661277.3470997
assam,2018,4,Peer-to-peer payments,1279089,5284776455.070784
assam,2018,4,Merchant payments,667293,240563395.2777939
assam,2018,4,Financial Services,28035,6331912.52655252
assam,2018,4,Others,56267,38689818.79087821
assam,2019,1,Recharge & bill payments,1993220,400281677.94382846
assam,2019,1,Peer-to-peer payments,1976310,7291433300.700247
assam,2019,1,Merchant payments,494871,266644645.74929428
assam,2019,1,Financial Services,20162,4612454.1127945455
assam,2019,1,Others,48442,39127457.944687635
assam,2019,2,Recharge & bill payments,2512932,539315772.8606573
assam,2019,2,Peer-to-peer payments,2293770,10035232820.852964
assam,2019,2,Merchant payments,573646,326844709.5879724
assam,2019,2,Financial Services,13654,4037222.414240564
assam,2019,2,Others,60927,49538663.41037582
assam,2019,3,Peer-to-peer payments,2713539,11835800855.176552
assam,2019,3,Recharge & bill payments,2645302,639885372.7480905
assam,2019,3,Merchant payments,513728,421380275.4207429
assam,2019,3,Financial Services,8606,6403456.344768786
assam,2019,3,Others,61396,46973660.73634353
assam,2019,4,Peer-to-peer payments,3222143,14083346879.361855
assam,2019,4,Recharge & bill payments,2937800,704118873.972094
assam,2019,4,Merchant payments,544053,456318130.082201
assam,2019,4,Financial Services,9621,3492255.0860687294
assam,2019,4,Others,46893,34707757.009855896
assam,2020,1,Peer-to-peer payments,4058740,18977446151.768826
assam,2020,1,Recharge & bill payments,3897975,971722606.1579468
assam,2020,1,Merchant payments,792646,675423852.9512749
assam,2020,1,Financial Services,10173,7054325.507515656
assam,2020,1,Others,49326,36781411.34368035
assam,2020,2,Recharge & bill payments,6045321,1612522828.7163475
assam,2020,2,Peer-to-peer payments,3648386,17358374071.26616
assam,2020,2,Merchant payments,742400,749018053.2400584
assam,2020,2,Financial Services,19814,18130004.687672265
assam,2020,2,Others,49278,28255168.009208795
assam,2020,3,Peer-to-peer payments,5637893,26646565777.43919
assam,2020,3,Recharge & bill payments,5292154,1627282415.9451878
assam,2020,3,Merchant payments,1383230,1492484153.3873158
assam,2020,3,Financial Services,24954,28452966.026372254
assam,2020,3,Others,59480,36605946.74600269
assam,2020,4,Peer-to-peer payments,7538478,36013292450.814384
assam,2020,4,Recharge & bill payments,5383505,1662189124.4177454
assam,2020,4,Merchant payments,2392184,2466913305.59039
assam,2020,4,Financial Services,29764,32314809.975261033
assam,2020,4,Others,79523,51901628.46643049
assam,2021,1,Peer-to-peer payments,9449096,45476079487.10464
assam,2021,1,Recharge & bill payments,6494111,2103017761.546533
assam,2021,1,Merchant payments,3459132,3657261586.2001615
assam,2021,1,Financial Services,34049,41291047.3832124
assam,2021,1,Others,75672,48814663.88782827
assam,2021,2,Peer-to-peer payments,11668399,51521387890.61253
assam,2021,2,Recharge & bill payments,9058005,2657676415.2458973
assam,2021,2,Merchant payments,4562669,4914753140.040101
assam,2021,2,Financial Services,49671,46106001.498141706
assam,2021,2,Others,94161,52549929.267157935
assam,2021,3,Peer-to-peer payments,15617592,64131823895.235466
assam,2021,3,Recharge & bill payments,10284267,3248364164.1984267
assam,2021,3,Merchant payments,7431371,8208706348.034584
assam,2021,3,Financial Services,39479,43889820.495989755
assam,2021,3,Others,131732,67715045.34317216
assam,2021,4,Peer-to-peer payments,21393962,86801625126.53499
assam,2021,4,Merchant payments,12895755,13378765005.905182
assam,2021,4,Recharge & bill payments,11484376,3842004488.3733196
assam,2021,4,Financial Services,60724,65456475.826191336
assam,2021,4,Others,185544,97116796.57575196
assam,2022,1,Peer-to-peer payments,27156085,108855352347.44865
assam,2022,1,Merchant payments,19011883,18833132506.022354
assam,2022,1,Recharge & bill payments,12474674,4424035840.366192
assam,2022,1,Financial Services,68432,73257991.39188361
assam,2022,1,Others,178812,94659207.47378007
assam,2022,2,Peer-to-peer payments,33879530,123829913105.31845
assam,2022,2,Merchant payments,28377534,24333260089.826862
assam,2022,2,Recharge & bill payments,13858113,4814695679.877083
assam,2022,2,Financial Services,50785,55549153.74320389
assam,2022,2,Others,168763,77624058.0178437
assam,2022,3,Peer-to-peer payments,37000266,127264703851.96637
assam,2022,3,Merchant payments,34935460,28789992307.161205
assam,2022,3,Recharge & bill payments,13974568,5295136932.037907
assam,2022,3,Financial Services,65066,62882386.459812224
assam,2022,3,Others,138451,76363577.27323309
assam,2022,4,Peer-to-peer payments,44828832,150693397669.18314
assam,2022,4,Merchant payments,43605784,36033810141.574844
assam,2022,4,Recharge & bill payments,15344794,5773980885.270762
assam,2022,4,Financial Services,74414,75960367.91633397
assam,2022,4,Others,127443,76370123.60102956
assam,2023,1,Merchant payments,48987048,39416860194.0
assam,2023,1,Peer-to-peer payments,48461200,166509153749.0
assam,2023,1,Recharge & bill payments,16113464,6266406177.0
assam,2023,1,Financial Services,82270,86978703.0
assam,2023,1,Others,116656,74768264.0
assam,2023,2,Merchant payments,62403711,45515248236.0
assam,2023,2,Peer-to-peer payments,57852989,182809282981.0
assam,2023,2,Recharge & bill payments,17858409,6631355080.0
assam,2023,2,Financial Services,81172,84797972.0
assam,2023,2,Others,94672,70104514.0
assam,2023,3,Merchant payments,82126315,51533166362.0
assam,2023,3,Peer-to-peer payments,66737077,185030502675.0
assam,2023,3,Recharge & bill payments,18524152,7310558505.0
assam,2023,3,Financial Services,105975,118529318.0
assam,2023,3,Others,81832,65257542.0
assam,2023,4,Merchant payments,95438754,60513904505.0
assam,2023,4,Peer-to-peer payments,79797949,216875937740.0
assam,2023,4,Recharge & bill payments,18323202,8011077428.0
assam,2023,4,Financial Services,119386,142552746.0
assam,2023,4,Others,72866,60164512.0
assam,2024,1,Merchant payments,110124616,68499650021.0
assam,2024,1,Peer-to-peer payments,90992228,244008762377.0
assam,2024,1,Recharge & bill payments,20239264,8488075878.0
assam,2024,1,Financial Services,102326,135951454.0
assam,2024,1,Others,66622,51466300.0
assam,2024,2,Merchant payments,143699277,78145261323.0
assam,2024,2,Peer-to-peer payments,105356010,258191846219.0
assam,2024,2,Recharge & bill payments,22086844,8765311662.0
assam,2024,2,Financial Services,120443,151366643.0
assam,2024,2,Others,64513,54884363.0
assam,2024,3,Merchant payments,161259693,79570459117.0
assam,2024,3,Peer-to-peer payments,112031342,244082572337.0
assam,2024,3,Recharge & bill payments,21850799,9670483722.0
assam,2024,3,Financial Services,131635,175945223.0
assam,2024,3,Others,72122,58848151.0
assam,2024,4,Merchant payments,181752000,90150626448.0
assam,2024,4,Peer-to-peer payments,129207094,282320195685.0
assam,2024,4,Recharge & bill payments,20970477,10067635906.0
assam,2024,4,Financial Services,438162,173496870.0
assam,2024,4,Others,73798,74451050.0
bihar,2018,1,Recharge & bill payments,3159922,375559206.7727593
bihar,2018,1,Peer-to-peer payments,2052089,5295346761.45083
bihar,2018,1,Financial Services,194295,33999413.87739952
bihar,2018,1,Merchant payments,138885,139827755.73655012
bihar,2018,1,Others,279111,201025034.17960182
bihar,2018,2,Recharge & bill payments,4346849,700649777.0602969
bihar,2018,2,Peer-to-peer payments,3447898,12141448845.077621
bihar,2018,2,Merchant payments,311487,318571872.8216527
bihar,2018,2,Financial Services,267433,45332532.096432865
bihar,2018,2,Others,258711,300128082.6160458
bihar,2018,3,Peer-to-peer payments,8893764,18695889187.89432
bihar,2018,3,Recharge & bill payments,4401439,804061398.5166465
bihar,2018,3,Merchant payments,586862,367608510.7261781
bihar,2018,3,Financial Services,274510,33276460.45213346
bihar,2018,3,Others,211229,234968821.31206354
bihar,2018,4,Peer-to-peer payments,8094296,26224303882.80399
bihar,2018,4,Recharge & bill payments,5469096,986310785.0093702
bihar,2018,4,Merchant payments,1680664,848968693.0665624
bihar,2018,4,Financial Services,237247,36199427.51318769
bihar,2018,4,Others,251098,302214380.18458414
bihar,2019,1,Peer-to-peer payments,16807040,38824078062.32093
bihar,2019,1,Recharge & bill payments,7036367,1333688182.5386746
bihar,2019,1,Merchant payments,2055267,1024996999.5279309
bihar,2019,1,Financial Services,204689,28599535.734409343
bihar,2019,1,Others,252871,291464734.4043106
bihar,2019,2,Peer-to-peer payments,15837449,58381285240.80835
bihar,2019,2,Recharge & bill payments,9279442,1996804238.2749753
bihar,2019,2,Merchant payments,4365465,2308145849.844257
bihar,2019,2,Financial Services,129603,63338108.53755434
bihar,2019,2,Others,348520,382864846.0767575
bihar,2019,3,Peer-to-peer payments,15446119,61831776093.09613
bihar,2019,3,Recharge & bill payments,9115040,2140566974.705637
bihar,2019,3,Merchant payments,7206001,3413490288.3137074
bihar,2019,3,Financial Services,89997,20145460.42764103
bihar,2019,3,Others,282743,286804437.7358033
bihar,2019,4,Peer-to-peer payments,26337842,86340631422.24606
bihar,2019,4,Recharge & bill payments,11358597,2649616529.830146
bihar,2019,4,Merchant payments,5519582,4177574379.0405855
bihar,2019,4,Financial Services,100192,18815964.761792127
bihar,2019,4,Others,214101,126788281.9306988
bihar,2020,1,Peer-to-peer payments,23163922,99873688132.9031
bihar,2020,1,Recharge & bill payments,13837430,3680590624.9006104
bihar,2020,1,Merchant payments,7822567,5562692116.5708065
bihar,2020,1,Financial Services,57233,23954789.407903705
bihar,2020,1,Others,200663,115927863.46366584
bihar,2020,2,Peer-to-peer payments,26572651,116244368941.33606
bihar,2020,2,Recharge & bill payments,19522564,5642294772.453551
bihar,2020,2,Merchant payments,7011681,6760404421.62296
bihar,2020,2,Financial Services,73119,54077813.2606806
bihar,2020,2,Others,206727,105377680.17075577
bihar,2020,3,Peer-to-peer payments,37294332,153664683751.53278
bihar,2020,3,Recharge & bill payments,19027978,6313780616.601829
bihar,2020,3,Merchant payments,14777337,13111735855.02769
bihar,2020,3,Financial Services,104135,81355476.16367023
bihar,2020,3,Others,299966,157309412.49242482
bihar,2020,4,Peer-to-peer payments,49432098,208484557891.42865
bihar,2020,4,Merchant payments,26750991,23185594534.30522
bihar,2020,4,Recharge & bill payments,19908687,6926960996.688756
bihar,2020,4,Financial Services,119416,100785736.00790763
bihar,2020,4,Others,380481,207713978.04223877
bihar,2021,1,Peer-to-peer payments,58566582,242013312361.31104
bihar,2021,1,Merchant payments,33959313,30171144593.369873
bihar,2021,1,Recharge & bill payments,21974086,8505455545.448764
bihar,2021,1,Financial Services,124277,112949858.25028673
bihar,2021,1,Others,308219,170787342.8481179
bihar,2021,2,Peer-to-peer payments,78694099,319758683264.15344
bihar,2021,2,Merchant payments,44686786,43458914639.77138
bihar,2021,2,Recharge & bill payments,31646149,11030849713.502428
bihar,2021,2,Financial Services,149791,116086345.91301711
bihar,2021,2,Others,426797,215721223.2386405
bihar,2021,3,Peer-to-peer payments,92785704,331514102784.2631
bihar,2021,3,Merchant payments,64094961,53849745604.9643
bihar,2021,3,Recharge & bill payments,30081746,11327303470.019915
bihar,2021,3,Financial Services,135748,130349071.61901987
bihar,2021,3,Others,572954,241260025.54569885
bihar,2021,4,Peer-to-peer payments,117340712,423665098014.2792
bihar,2021,4,Merchant payments,95992559,81729122295.53772
bihar,2021,4,Recharge & bill payments,30824177,13438634948.212643
bihar,2021,4,Financial Services,186298,173358268.82083318
bihar,2021,4,Others,783199,365400541.9114517
bihar,2022,1,Peer-to-peer payments,138085265,500024806542.69324
bihar,2022,1,Merchant payments,114892163,95507710275.50963
bihar,2022,1,Recharge & bill payments,30545266,15431605247.390364
bihar,2022,1,Financial Services,169722,148088975.22896564
bihar,2022,1,Others,698018,299484690.3236611
bihar,2022,2,Peer-to-peer payments,164119431,610448610667.7207
bihar,2022,2,Merchant payments,158289353,126423430586.42947
bihar,2022,2,Recharge & bill payments,36950622,17225668601.948982
bihar,2022,2,Financial Services,124199,116203820.91131489
bihar,2022,2,Others,661424,247541289.12967217
bihar,2022,3,Merchant payments,198273336,137873615624.72937
bihar,2022,3,Peer-to-peer payments,192304951,632747186972.1919
bihar,2022,3,Recharge & bill payments,46044353,20417791249.028316
bihar,2022,3,Financial Services,179533,161987346.1868727
bihar,2022,3,Others,565212,245905365.7791165
bihar,2022,4,Merchant payments,243777692,172924170171.63205
bihar,2022,4,Peer-to-peer payments,225487662,739870172148.0806
bihar,2022,4,Recharge & bill payments,47054083,22729599211.247635
bihar,2022,4,Financial Services,205989,199208429.5113938
bihar,2022,4,Others,559223,288999714.3604311
bihar,2023,1,Merchant payments,251601655,175053265606.0
bihar,2023,1,Peer-to-peer payments,245677870,836428049163.0
bihar,2023,1,Recharge & bill payments,49781169,27372239431.0
bihar,2023,1,Financial Services,194601,158138446.0
bihar,2023,1,Others,575900,265267298.0
bihar,2023,2,Merchant payments,330603039,214402873623.0
bihar,2023,2,Peer-to-peer payments,293616270,980139698305.0
bihar,2023,2,Recharge & bill payments,58928748,31064849666.0
bihar,2023,2,Financial Services,211722,190366037.0
bihar,2023,2,Others,573315,248957759.0
bihar,2023,3,Merchant payments,361940401,206648202575.0
bihar,2023,3,Peer-to-peer payments,311779356,908446322767.0
bihar,2023,3,Recharge & bill payments,59732275,32565513931.0
bihar,2023,3,Financial Services,270376,277782677.0
bihar,2023,3,Others,516343,215541416.0
bihar,2023,4,Merchant payments,466122317,273626740927.0
bihar,2023,4,Peer-to-peer payments,394813298,1121442567078.0
bihar,2023,4,Recharge & bill payments,62582448,39095012665.0
bihar,2023,4,Financial Services,333579,342560013.0
bihar,2023,4,Others,575632,228927732.0
bihar,2024,1,Merchant payments,548896156,316662638999.0
bihar,2024,1,Peer-to-peer payments,456038110,1275205176229.0
bihar,2024,1,Recharge & bill payments,73038449,45243630428.0
bihar,2024,1,Financial Services,295689,411700201.0
bihar,2024,1,Others,466379,213719039.0
bihar,2024,2,Merchant payments,703589936,385479716519.0
bihar,2024,2,Peer-to-peer payments,529387475,1452390033678.0
bihar,2024,2,Recharge & bill payments,80054155,48206932392.0
bihar,2024,2,Financial Services,386397,523080064.0
bihar,2024,2,Others,470422,246802023.0
bihar,2024,3,Merchant payments,730368233,370788705611.0
bihar,2024,3,Peer-to-peer payments,547897786,1358253139121.0
bihar,2024,3,Recharge & bill payments,73819834,50382123046.0
bihar,2024,3,Financial Services,458793,630950534.0
bihar,2024,3,Others,331577,225555027.0
bihar,2024,4,Merchant payments,843136457,451257296266.0
bihar,2024,4,Peer-to-peer payments,641971705,1592038209091.0
bihar,2024,4,Recharge & bill payments,72565377,54638087933.0
bihar,2024,4,Financial Services,1670253,714133013.0
bihar,2024,4,Others,323883,279749744.0
chandigarh,2018,1,Recharge & bill payments,201262,47479581.16264416
chandigarh,2018,1,Peer-to-peer payments,135136,527998849.34055936
chandigarh,2018,1,Merchant payments,21431,19477066.533276718
chandigarh,2018,1,Financial Services,8473,1865618.249949839
chandigarh,2018,1,Others,15593,16614305.58119321
chandigarh,2018,2,Recharge & bill payments,224548,76722906.67871952
chandigarh,2018,2,Peer-to-peer payments,194627,835296156.4220204
chandigarh,2018,2,Merchant payments,34606,29408471.506333277
chandigarh,2018,2,Financial Services,11927,3679451.8635118967
chandigarh,2018,2,Others,13376,16116275.274144217
chandigarh,2018,3,Peer-to-peer payments,295358,1217617705.9681761
chandigarh,2018,3,Recharge & bill payments,236445,100639674.6708905
chandigarh,2018,3,Merchant payments,64998,37560565.97386869
chandigarh,2018,3,Financial Services,7642,1302311.5967954171
chandigarh,2018,3,Others,12493,12234189.324580798
chandigarh,2018,4,Peer-to-peer payments,431461,1793871702.3196409
chandigarh,2018,4,Recharge & bill payments,310527,128130475.99274208
chandigarh,2018,4,Merchant payments,135266,94010713.60616027
chandigarh,2018,4,Financial Services,10008,2039811.3372037038
chandigarh,2018,4,Others,17854,14538888.5242277
chandigarh,2019,1,Peer-to-peer payments,689400,2123866601.6513758
chandigarh,2019,1,Recharge & bill payments,390610,161414934.10238376
chandigarh,2019,1,Merchant payments,169984,97230471.44089967
chandigarh,2019,1,Financial Services,7412,917030.9066760786
chandigarh,2019,1,Others,17070,12603012.342693318
chandigarh,2019,2,Peer-to-peer payments,604849,2339922407.523348
chandigarh,2019,2,Recharge & bill payments,342294,185659011.54417655
chandigarh,2019,2,Merchant payments,277811,152766864.66190332
chandigarh,2019,2,Financial Services,5590,839765.161351582
chandigarh,2019,2,Others,21926,13928050.053676538
chandigarh,2019,3,Peer-to-peer payments,722233,2815184152.8041325
chandigarh,2019,3,Merchant payments,447069,226535908.8355719
chandigarh,2019,3,Recharge & bill payments,308219,213884900.47217816
chandigarh,2019,3,Financial Services,2447,794918.674981478
chandigarh,2019,3,Others,26575,13282206.873976795
chandigarh,2019,4,Peer-to-peer payments,927850,3586763928.6423693
chandigarh,2019,4,Merchant payments,561630,318692521.79224944
chandigarh,2019,4,Recharge & bill payments,338203,237695594.96329552
chandigarh,2019,4,Financial Services,1911,654298.6785004465
chandigarh,2019,4,Others,21321,8707473.86293627
chandigarh,2020,1,Peer-to-peer payments,1087401,4421372542.468033
chandigarh,2020,1,Merchant payments,764832,438193845.4527705
chandigarh,2020,1,Recharge & bill payments,389851,257250007.2445577
chandigarh,2020,1,Financial Services,1574,1406138.1883251297
chandigarh,2020,1,Others,18853,8230536.662513691
chandigarh,2020,2,Peer-to-peer payments,766698,3293060119.5471582
chandigarh,2020,2,Merchant payments,390906,331423259.0003719
chandigarh,2020,2,Recharge & bill payments,361577,214425229.3354035
chandigarh,2020,2,Financial Services,1797,3982005.1176844486
chandigarh,2020,2,Others,7032,4125116.689457224
chandigarh,2020,3,Peer-to-peer payments,981986,4178346395.412492
chandigarh,2020,3,Merchant payments,796634,604271248.9262259
chandigarh,2020,3,Recharge & bill payments,366353,296964794.9657042
chandigarh,2020,3,Financial Services,2643,5254415.457263877
chandigarh,2020,3,Others,10470,4972498.603385328
chandigarh,2020,4,Merchant payments,1322026,939307675.8510206
chandigarh,2020,4,Peer-to-peer payments,1159377,4872318731.339843
chandigarh,2020,4,Recharge & bill payments,409997,320731281.94750684
chandigarh,2020,4,Financial Services,3346,4400109.748752326
chandigarh,2020,4,Others,17970,10005102.462219946
chandigarh,2021,1,Merchant payments,1799072,1210594490.0981498
chandigarh,2021,1,Peer-to-peer payments,1472084,5916467167.303293
chandigarh,2021,1,Recharge & bill payments,678396,451109555.33889335
chandigarh,2021,1,Financial Services,5111,7700394.761505902
chandigarh,2021,1,Others,15574,10549252.044153867
chandigarh,2021,2,Merchant payments,1926913,1390989390.7789688
chandigarh,2021,2,Peer-to-peer payments,1663559,6541132352.922333
chandigarh,2021,2,Recharge & bill payments,806710,467698864.6672056
chandigarh,2021,2,Financial Services,5502,7394941.032842191
chandigarh,2021,2,Others,14863,10458390.53475552
chandigarh,2021,3,Merchant payments,3179506,2245390329.2047896
chandigarh,2021,3,Peer-to-peer payments,2434417,8927868098.340746
chandigarh,2021,3,Recharge & bill payments,1008585,620437997.3899603
chandigarh,2021,3,Financial Services,5700,7960844.903971832
chandigarh,2021,3,Others,21170,14225734.853836158
chandigarh,2021,4,Merchant payments,4056249,3041038519.8233976
chandigarh,2021,4,Peer-to-peer payments,2797561,10610461952.107159
chandigarh,2021,4,Recharge & bill payments,1013153,693790747.2429855
chandigarh,2021,4,Financial Services,7038,10459431.863661807
chandigarh,2021,4,Others,24902,17832859.58125159
chandigarh,2022,1,Merchant payments,4511757,3264574793.4564357
chandigarh,2022,1,Peer-to-peer payments,3012464,11150701028.605722
chandigarh,2022,1,Recharge & bill payments,1046187,731347957.2152067
chandigarh,2022,1,Financial Services,7228,13538635.562948208
chandigarh,2022,1,Others,22855,14829134.999686666
chandigarh,2022,2,Merchant payments,6136803,3919372475.5605655
chandigarh,2022,2,Peer-to-peer payments,3489382,12549248085.111443
chandigarh,2022,2,Recharge & bill payments,1119367,792957088.5933374
chandigarh,2022,2,Financial Services,6673,8943857.181076445
chandigarh,2022,2,Others,20264,12978651.924569944
chandigarh,2022,3,Merchant payments,7665907,4713972532.82215
chandigarh,2022,3,Peer-to-peer payments,4423590,14788179156.481958
chandigarh,2022,3,Recharge & bill payments,1360342,1033530639.9360826
chandigarh,2022,3,Financial Services,8868,9918740.020967592
chandigarh,2022,3,Others,19466,14156668.144691642
chandigarh,2022,4,Merchant payments,10170372,6570336079.954211
chandigarh,2022,4,Peer-to-peer payments,5951989,20013621495.89691
chandigarh,2022,4,Recharge & bill payments,1749647,1267654269.1590745
chandigarh,2022,4,Financial Services,10778,12000766.356404984
chandigarh,2022,4,Others,22054,16141955.57281622
chandigarh,2023,1,Merchant payments,6460913,3374931077.0
chandigarh,2023,1,Peer-to-peer payments,2634119,8623572416.0
chandigarh,2023,1,Recharge & bill payments,700479,803831354.0
chandigarh,2023,1,Financial Services,8163,12527258.0
chandigarh,2023,1,Others,11931,10032289.0
chandigarh,2023,2,Merchant payments,7747501,3820964178.0
chandigarh,2023,2,Peer-to-peer payments,3048793,9726960611.0
chandigarh,2023,2,Recharge & bill payments,737650,845159777.0
chandigarh,2023,2,Financial Services,8262,11723572.0
chandigarh,2023,2,Others,11481,9600612.0
chandigarh,2023,3,Merchant payments,8849667,4339437634.0
chandigarh,2023,3,Peer-to-peer payments,3410620,10182027091.0
chandigarh,2023,3,Recharge & bill payments,771020,877282807.0
chandigarh,2023,3,Financial Services,10756,19516305.0
chandigarh,2023,3,Others,10102,8519474.0
chandigarh,2023,4,Merchant payments,9052694,4771466320.0
chandigarh,2023,4,Peer-to-peer payments,3480727,10531589834.0
chandigarh,2023,4,Recharge & bill payments,725553,944249351.0
chandigarh,2023,4,Financial Services,10241,21758309.0
chandigarh,2023,4,Others,10863,12159187.0
chandigarh,2024,1,Merchant payments,8982305,4662186840.0
chandigarh,2024,1,Peer-to-peer payments,3414122,10168258638.0
chandigarh,2024,1,Recharge & bill payments,735766,978631681.0
chandigarh,2024,1,Financial Services,10909,21881737.0
chandigarh,2024,1,Others,12071,11217285.0
chandigarh,2024,2,Merchant payments,11201413,5412395814.0
chandigarh,2024,2,Peer-to-peer payments,3948610,11123555377.0
chandigarh,2024,2,Recharge & bill payments,759642,976897042.0
chandigarh,2024,2,Financial Services,15209,26206753.0
chandigarh,2024,2,Others,16099,17848826.0
chandigarh,2024,3,Merchant payments,12322648,6042931862.0
chandigarh,2024,3,Peer-to-peer payments,4530333,12112839411.0
chandigarh,2024,3,Recharge & bill payments,824606,1038931528.0
chandigarh,2024,3,Financial Services,17447,32954399.0
chandigarh,2024,3,Others,13351,31600676.0
chandigarh,2024,4,Merchant payments,12960792,6648643038.0
chandigarh,2024,4,Peer-to-peer payments,4727760,12817849297.0
chandigarh,2024,4,Recharge & bill payments,791148,984309171.0
chandigarh,2024,4,Financial Services,35852,25202177.0
chandigarh,2024,4,Others,12892,25382206.0
chhattisgarh,2018,1,Recharge & bill payments,1177618,206518662.81014803
chhattisgarh,2018,1,Peer-to-peer payments,550697,1838238336.1663632
chhattisgarh,2018,1,Merchant payments,42411,39708474.15869055
chhattisgarh,2018,1,Financial Services,33002,7350624.274461515
chhattisgarh,2018,1,Others,87786,57339459.82710209
chhattisgarh,2018,2,Recharge & bill payments,1643461,351709628.0901169
chhattisgarh,2018,2,Peer-to-peer payments,933066,3703114547.658351
chhattisgarh,2018,2,Merchant payments,118438,129967815.18510856
chhattisgarh,2018,2,Financial Services,40299,9405941.62707696
chhattisgarh,2018,2,Others,80892,69972510.60099621
chhattisgarh,2018,3,Recharge & bill payments,1911374,443460556.77590346
chhattisgarh,2018,3,Peer-to-peer payments,1619886,5647949187.747948
chhattisgarh,2018,3,Merchant payments,220572,145342066.01377475
chhattisgarh,2018,3,Financial Services,31927,6195179.156999446
chhattisgarh,2018,3,Others,75845,59360083.75169004
chhattisgarh,2018,4,Recharge & bill payments,2438959,554514488.4121984
chhattisgarh,2018,4,Peer-to-peer payments,2342713,8450105299.480802
chhattisgarh,2018,4,Merchant payments,458091,331842964.57864183
chhattisgarh,2018,4,Financial Services,42199,9709810.436343707
chhattisgarh,2018,4,Others,83882,70240102.06349953
chhattisgarh,2019,1,Peer-to-peer payments,4068056,11417366152.388483
chhattisgarh,2019,1,Recharge & bill payments,2997095,679458794.5442779
chhattisgarh,2019,1,Merchant payments,710047,374735986.85082686
chhattisgarh,2019,1,Financial Services,33835,5075418.743007188
chhattisgarh,2019,1,Others,78636,67920032.80184662
chhattisgarh,2019,2,Peer-to-peer payments,4350167,15410038389.818308
chhattisgarh,2019,2,Recharge & bill payments,3435305,855753107.510468
chhattisgarh,2019,2,Merchant payments,1483870,654411637.0168115
chhattisgarh,2019,2,Financial Services,22563,4237631.55442897
chhattisgarh,2019,2,Others,98040,77914922.92227882
chhattisgarh,2019,3,Peer-to-peer payments,5021844,17584630267.779922
chhattisgarh,2019,3,Recharge & bill payments,4335851,1069468753.7262831
chhattisgarh,2019,3,Merchant payments,2772084,1074255588.7227576
chhattisgarh,2019,3,Financial Services,16452,4542997.939180325
chhattisgarh,2019,3,Others,96880,70361559.28538439
chhattisgarh,2019,4,Peer-to-peer payments,7241974,24112075521.017845
chhattisgarh,2019,4,Recharge & bill payments,5112337,1257371454.8604
chhattisgarh,2019,4,Merchant payments,3852716,1720930747.6285615
chhattisgarh,2019,4,Financial Services,14974,4665759.804240476
chhattisgarh,2019,4,Others,83757,48745253.90234077
chhattisgarh,2020,1,Peer-to-peer payments,8109789,28723854868.846924
chhattisgarh,2020,1,Recharge & bill payments,6400067,1688995018.2209015
chhattisgarh,2020,1,Merchant payments,4923214,2393811867.3887434
chhattisgarh,2020,1,Financial Services,12424,7378557.223060286
chhattisgarh,2020,1,Others,78497,46557359.6766012
chhattisgarh,2020,2,Recharge & bill payments,8366200,2504355746.828547
chhattisgarh,2020,2,Peer-to-peer payments,7216219,27351810047.608715
chhattisgarh,2020,2,Merchant payments,3158417,2361252112.419633
chhattisgarh,2020,2,Financial Services,19986,17814454.60563486
chhattisgarh,2020,2,Others,60103,33149845.438824516
chhattisgarh,2020,3,Peer-to-peer payments,9734445,34661165923.13037
chhattisgarh,2020,3,Recharge & bill payments,8705513,2790720003.1373434
chhattisgarh,2020,3,Merchant payments,5591916,3990179454.1880045
chhattisgarh,2020,3,Financial Services,34893,39141096.45070238
chhattisgarh,2020,3,Others,81772,45538330.62766186
chhattisgarh,2020,4,Peer-to-peer payments,14257312,50812302052.952705
chhattisgarh,2020,4,Merchant payments,11677743,8238390462.202984
chhattisgarh,2020,4,Recharge & bill payments,9423324,3033918783.208999
chhattisgarh,2020,4,Financial Services,41308,48082346.06124696
chhattisgarh,2020,4,Others,129949,82280639.52262866
chhattisgarh,2021,1,Peer-to-peer payments,15621154,55638916992.13896
chhattisgarh,2021,1,Merchant payments,15222763,10661449529.109669
chhattisgarh,2021,1,Recharge & bill payments,8456094,3000977538.840563
chhattisgarh,2021,1,Financial Services,37395,40387648.84021996
chhattisgarh,2021,1,Others,99031,68111552.62215017
chhattisgarh,2021,2,Peer-to-peer payments,18387345,62134058797.4359
chhattisgarh,2021,2,Merchant payments,15369311,12828590761.713423
chhattisgarh,2021,2,Recharge & bill payments,10764784,3640692364.165052
chhattisgarh,2021,2,Financial Services,40213,39620256.36433959
chhattisgarh,2021,2,Others,127767,85809079.54731184
chhattisgarh,2021,3,Merchant payments,27552743,19905616746.805294
chhattisgarh,2021,3,Peer-to-peer payments,25447410,80506858751.32883
chhattisgarh,2021,3,Recharge & bill payments,11039088,4045490947.2382197
chhattisgarh,2021,3,Financial Services,38817,48855662.40142638
chhattisgarh,2021,3,Others,159880,99286155.00295877
chhattisgarh,2021,4,Merchant payments,40526025,29283695601.229546
chhattisgarh,2021,4,Peer-to-peer payments,32799167,102177997315.68285
chhattisgarh,2021,4,Recharge & bill payments,11115444,4724827139.9519415
chhattisgarh,2021,4,Financial Services,55237,66445873.296120845
chhattisgarh,2021,4,Others,221621,146144588.65236923
chhattisgarh,2022,1,Merchant payments,48236094,33822547183.04485
chhattisgarh,2022,1,Peer-to-peer payments,37457039,118393860520.57216
chhattisgarh,2022,1,Recharge & bill payments,11466264,5442872986.10511
chhattisgarh,2022,1,Financial Services,52918,55991695.312008664
chhattisgarh,2022,1,Others,200977,131773069.80038045
chhattisgarh,2022,2,Merchant payments,61093916,41536371583.74904
chhattisgarh,2022,2,Peer-to-peer payments,42532112,133534947239.2497
chhattisgarh,2022,2,Recharge & bill payments,12737942,5949415519.837789
chhattisgarh,2022,2,Financial Services,41530,46037703.16128763
chhattisgarh,2022,2,Others,178548,114905117.7834119
chhattisgarh,2022,3,Merchant payments,84355775,50874051122.3736
chhattisgarh,2022,3,Peer-to-peer payments,57116149,161027214428.20593
chhattisgarh,2022,3,Recharge & bill payments,16538894,8069941553.075293
chhattisgarh,2022,3,Financial Services,55775,61881709.73674865
chhattisgarh,2022,3,Others,185994,128469268.59740639
chhattisgarh,2022,4,Merchant payments,97405954,60247141797.94961
chhattisgarh,2022,4,Peer-to-peer payments,63986789,183672880692.7266
chhattisgarh,2022,4,Recharge & bill payments,16324117,8376603987.152398
chhattisgarh,2022,4,Financial Services,63695,81169069.23462963
chhattisgarh,2022,4,Others,179891,141385263.4082809
chhattisgarh,2023,1,Merchant payments,115821237,68619935279.0
chhattisgarh,2023,1,Peer-to-peer payments,76752033,221082684005.0
chhattisgarh,2023,1,Recharge & bill payments,21896029,11162940453.0
chhattisgarh,2023,1,Financial Services,72038,65398770.0
chhattisgarh,2023,1,Others,207620,157977952.0
chhattisgarh,2023,2,Merchant payments,138222517,78172761996.0
chhattisgarh,2023,2,Peer-to-peer payments,86887081,243032806463.0
chhattisgarh,2023,2,Recharge & bill payments,24550623,11714283831.0
chhattisgarh,2023,2,Financial Services,77813,90235297.0
chhattisgarh,2023,2,Others,193602,146759167.0
chhattisgarh,2023,3,Merchant payments,161142673,85645642195.0
chhattisgarh,2023,3,Peer-to-peer payments,97060888,251466237009.0
chhattisgarh,2023,3,Recharge & bill payments,25011103,13000613447.0
chhattisgarh,2023,3,Financial Services,95807,131864372.0
chhattisgarh,2023,3,Others,182186,135322503.0
chhattisgarh,2023,4,Merchant payments,185440451,102326470529.0
chhattisgarh,2023,4,Peer-to-peer payments,110795079,287452814383.0
chhattisgarh,2023,4,Recharge & bill payments,25330600,13898322691.0
chhattisgarh,2023,4,Financial Services,115404,174278673.0
chhattisgarh,2023,4,Others,194798,133148269.0
chhattisgarh,2024,1,Merchant payments,212194065,116463019844.0
chhattisgarh,2024,1,Peer-to-peer payments,124567252,329976785438.0
chhattisgarh,2024,1,Recharge & bill payments,29121761,16237500799.0
chhattisgarh,2024,1,Financial Services,117960,205227725.0
chhattisgarh,2024,1,Others,175646,127276095.0
chhattisgarh,2024,2,Merchant payments,245595547,132662738857.0
chhattisgarh,2024,2,Peer-to-peer payments,134658010,346912119555.0
chhattisgarh,2024,2,Recharge & bill payments,31469605,16306210818.0
chhattisgarh,2024,2,Financial Services,148570,297328748.0
chhattisgarh,2024,2,Others,175973,135034441.0
chhattisgarh,2024,3,Merchant payments,267508081,136419004302.0
chhattisgarh,2024,3,Peer-to-peer payments,146302685,342236114715.0
chhattisgarh,2024,3,Recharge & bill payments,29502494,18226578889.0
chhattisgarh,2024,3,Financial Services,179562,354020024.0
chhattisgarh,2024,3,Others,147280,124415828.0
chhattisgarh,2024,4,Merchant payments,304445323,159212481149.0
chhattisgarh,2024,4,Peer-to-peer payments,166465519,398345139636.0
chhattisgarh,2024,4,Recharge & bill payments,29120062,18801380994.0
chhattisgarh,2024,4,Financial Services,477311,324186192.0
chhattisgarh,2024,4,Others,147189,145256654.0
dadra-&-nagar-haveli-&-daman-&-diu,2018,1,Recharge & bill payments,95544,17526369.5804541
dadra-&-nagar-haveli-&-daman-&-diu,2018,1,Peer-to-peer payments,44599,151966933.24607396
dadra-&-nagar-haveli-&-daman-&-diu,2018,1,Merchant payments,1531,1580762.779739072
dadra-&-nagar-haveli-&-daman-&-diu,2018,1,Financial Services,1364,353171.5523814913
dadra-&-nagar-haveli-&-daman-&-diu,2018,1,Others,5511,4231146.95056825
dadra-&-nagar-haveli-&-daman-&-diu,2018,2,Recharge & bill payments,122834,30595592.007682398
dadra-&-nagar-haveli-&-daman-&-diu,2018,2,Peer-to-peer payments,69215,261995613.05482048
dadra-&-nagar-haveli-&-daman-&-diu,2018,2,Merchant payments,3544,4685536.036433555
dadra-&-nagar-haveli-&-daman-&-diu,2018,2,Financial Services,2996,383806.08546730166
dadra-&-nagar-haveli-&-daman-&-diu,2018,2,Others,4037,4410224.471747881
dadra-&-nagar-haveli-&-daman-&-diu,2018,3,Recharge & bill payments,157113,39790820.29359456
dadra-&-nagar-haveli-&-daman-&-diu,2018,3,Peer-to-peer payments,119346,396698085.4104552
dadra-&-nagar-haveli-&-daman-&-diu,2018,3,Merchant payments,7465,5693604.7441260815
dadra-&-nagar-haveli-&-daman-&-diu,2018,3,Financial Services,1477,297647.89589848556
dadra-&-nagar-haveli-&-daman-&-diu,2018,3,Others,4174,5159437.334100959
dadra-&-nagar-haveli-&-daman-&-diu,2018,4,Peer-to-peer payments,194214,582082154.4115133
dadra-&-nagar-haveli-&-daman-&-diu,2018,4,Recharge & bill payments,185793,49972030.11285484
dadra-&-nagar-haveli-&-daman-&-diu,2018,4,Merchant payments,15739,19577328.03937304
dadra-&-nagar-haveli-&-daman-&-diu,2018,4,Financial Services,2996,371674.6991335743
dadra-&-nagar-haveli-&-daman-&-diu,2018,4,Others,5340,6747429.538011953
dadra-&-nagar-haveli-&-daman-&-diu,2019,1,Peer-to-peer payments,408465,757657638.3173952
dadra-&-nagar-haveli-&-daman-&-diu,2019,1,Recharge & bill payments,225998,62660761.88806932
dadra-&-nagar-haveli-&-daman-&-diu,2019,1,Merchant payments,20694,17043867.88608146
dadra-&-nagar-haveli-&-daman-&-diu,2019,1,Financial Services,1645,221064.6189234741
dadra-&-nagar-haveli-&-daman-&-diu,2019,1,Others,5012,5786443.339431095
dadra-&-nagar-haveli-&-daman-&-diu,2019,2,Peer-to-peer payments,244134,734034142.8087387
dadra-&-nagar-haveli-&-daman-&-diu,2019,2,Recharge & bill payments,198184,63874445.55241879
dadra-&-nagar-haveli-&-daman-&-diu,2019,2,Merchant payments,40781,20816136.241969176
dadra-&-nagar-haveli-&-daman-&-diu,2019,2,Financial Services,748,155149.75618074698
dadra-&-nagar-haveli-&-daman-&-diu,2019,2,Others,5809,5561402.205763446
dadra-&-nagar-haveli-&-daman-&-diu,2019,3,Recharge & bill payments,319142,104597035.07984878
dadra-&-nagar-haveli-&-daman-&-diu,2019,3,Peer-to-peer payments,249944,821178569.0593253
dadra-&-nagar-haveli-&-daman-&-diu,2019,3,Merchant payments,63616,30634658.237494454
dadra-&-nagar-haveli-&-daman-&-diu,2019,3,Financial Services,533,425044.05141368794
dadra-&-nagar-haveli-&-daman-&-diu,2019,3,Others,5516,4636167.420289769
dadra-&-nagar-haveli-&-daman-&-diu,2019,4,Recharge & bill payments,351819,125809568.35055912
dadra-&-nagar-haveli-&-daman-&-diu,2019,4,Peer-to-peer payments,324464,1051976410.5472054
dadra-&-nagar-haveli-&-daman-&-diu,2019,4,Merchant payments,86758,45361559.23824883
dadra-&-nagar-haveli-&-daman-&-diu,2019,4,Financial Services,1019,267762.49056630814
dadra-&-nagar-haveli-&-daman-&-diu,2019,4,Others,4911,3225961.384460643
dadra-&-nagar-haveli-&-daman-&-diu,2020,1,Recharge & bill payments,407577,153340696.30393675
dadra-&-nagar-haveli-&-daman-&-diu,2020,1,Peer-to-peer payments,329005,1119439489.5005136
dadra-&-nagar-haveli-&-daman-&-diu,2020,1,Merchant payments,137040,66713356.798143014
dadra-&-nagar-haveli-&-daman-&-diu,2020,1,Financial Services,668,418783.1260904173
dadra-&-nagar-haveli-&-daman-&-diu,2020,1,Others,4289,2851043.563834071
dadra-&-nagar-haveli-&-daman-&-diu,2020,2,Recharge & bill payments,525974,178877986.7248658
dadra-&-nagar-haveli-&-daman-&-diu,2020,2,Peer-to-peer payments,323909,1052118443.3664523
dadra-&-nagar-haveli-&-daman-&-diu,2020,2,Merchant payments,118801,68938500.71228051
dadra-&-nagar-haveli-&-daman-&-diu,2020,2,Financial Services,1826,993268.2971840606
dadra-&-nagar-haveli-&-daman-&-diu,2020,2,Others,2642,1448254.787275234
dadra-&-nagar-haveli-&-daman-&-diu,2020,3,Recharge & bill payments,455603,201223380.1868608
dadra-&-nagar-haveli-&-daman-&-diu,2020,3,Peer-to-peer payments,419524,1401020928.2319155
dadra-&-nagar-haveli-&-daman-&-diu,2020,3,Merchant payments,257572,143497844.49072367
dadra-&-nagar-haveli-&-daman-&-diu,2020,3,Financial Services,1635,1778864.0123306382
dadra-&-nagar-haveli-&-daman-&-diu,2020,3,Others,3978,2268098.077531771
dadra-&-nagar-haveli-&-daman-&-diu,2020,4,Peer-to-peer payments,666995,2153786522.547576
dadra-&-nagar-haveli-&-daman-&-diu,2020,4,Merchant payments,631443,316510115.80515665
dadra-&-nagar-haveli-&-daman-&-diu,2020,4,Recharge & bill payments,509971,224246669.7783347
dadra-&-nagar-haveli-&-daman-&-diu,2020,4,Financial Services,2453,1683959.5099964456
dadra-&-nagar-haveli-&-daman-&-diu,2020,4,Others,6929,4283833.187441602
dadra-&-nagar-haveli-&-daman-&-diu,2021,1,Peer-to-peer payments,768921,2379220756.2230163
dadra-&-nagar-haveli-&-daman-&-diu,2021,1,Merchant payments,705821,367522132.38063604
dadra-&-nagar-haveli-&-daman-&-diu,2021,1,Recharge & bill payments,442926,213177144.73200977
dadra-&-nagar-haveli-&-daman-&-diu,2021,1,Financial Services,2243,1930008.9716834244
dadra-&-nagar-haveli-&-daman-&-diu,2021,1,Others,5333,3782868.8861592514
dadra-&-nagar-haveli-&-daman-&-diu,2021,2,Peer-to-peer payments,843550,2512913026.4279447
dadra-&-nagar-haveli-&-daman-&-diu,2021,2,Merchant payments,802899,430487473.930562
dadra-&-nagar-haveli-&-daman-&-diu,2021,2,Recharge & bill payments,471136,208762964.0120024
dadra-&-nagar-haveli-&-daman-&-diu,2021,2,Financial Services,1826,1763792.6506419359
dadra-&-nagar-haveli-&-daman-&-diu,2021,2,Others,5672,3741204.3977531465
dadra-&-nagar-haveli-&-daman-&-diu,2021,3,Merchant payments,1312241,706774071.9381688
dadra-&-nagar-haveli-&-daman-&-diu,2021,3,Peer-to-peer payments,1262732,3339347400.0643554
dadra-&-nagar-haveli-&-daman-&-diu,2021,3,Recharge & bill payments,544322,253199754.8745275
dadra-&-nagar-haveli-&-daman-&-diu,2021,3,Financial Services,2065,2252116.636459231
dadra-&-nagar-haveli-&-daman-&-diu,2021,3,Others,8110,4365759.277996017
dadra-&-nagar-haveli-&-daman-&-diu,2021,4,Merchant payments,2013673,1058989463.1650428
dadra-&-nagar-haveli-&-daman-&-diu,2021,4,Peer-to-peer payments,1577168,4202291071.7106133
dadra-&-nagar-haveli-&-daman-&-diu,2021,4,Recharge & bill payments,551618,294991582.16815025
dadra-&-nagar-haveli-&-daman-&-diu,2021,4,Financial Services,2909,3159306.4175118254
dadra-&-nagar-haveli-&-daman-&-diu,2021,4,Others,11717,6407962.869342193
dadra-&-nagar-haveli-&-daman-&-diu,2022,1,Merchant payments,2507246,1227972829.6970267
dadra-&-nagar-haveli-&-daman-&-diu,2022,1,Peer-to-peer payments,1745454,4674787017.541661
dadra-&-nagar-haveli-&-daman-&-diu,2022,1,Recharge & bill payments,538134,326296370.82357025
dadra-&-nagar-haveli-&-daman-&-diu,2022,1,Financial Services,2574,2661345.5534556974
dadra-&-nagar-haveli-&-daman-&-diu,2022,1,Others,9395,5330803.646676767
dadra-&-nagar-haveli-&-daman-&-diu,2022,2,Merchant payments,3346697,1536859131.3374817
dadra-&-nagar-haveli-&-daman-&-diu,2022,2,Peer-to-peer payments,1861799,5078832140.606572
dadra-&-nagar-haveli-&-daman-&-diu,2022,2,Recharge & bill payments,539562,372921225.4254243
dadra-&-nagar-haveli-&-daman-&-diu,2022,2,Financial Services,1849,2131607.7226029015
dadra-&-nagar-haveli-&-daman-&-diu,2022,2,Others,9864,4415675.718757721
dadra-&-nagar-haveli-&-daman-&-diu,2022,3,Merchant payments,3777156,1705567002.0586467
dadra-&-nagar-haveli-&-daman-&-diu,2022,3,Peer-to-peer payments,2086741,5382949597.510585
dadra-&-nagar-haveli-&-daman-&-diu,2022,3,Recharge & bill payments,592431,425206924.5270094
dadra-&-nagar-haveli-&-daman-&-diu,2022,3,Financial Services,2237,3194409.939898855
dadra-&-nagar-haveli-&-daman-&-diu,2022,3,Others,7056,3729425.46329771
dadra-&-nagar-haveli-&-daman-&-diu,2022,4,Merchant payments,4415771,1889046056.1988354
dadra-&-nagar-haveli-&-daman-&-diu,2022,4,Peer-to-peer payments,2215052,5737539058.403507
dadra-&-nagar-haveli-&-daman-&-diu,2022,4,Recharge & bill payments,548795,426040023.1105018
dadra-&-nagar-haveli-&-daman-&-diu,2022,4,Financial Services,2495,3169199.262533775
dadra-&-nagar-haveli-&-daman-&-diu,2022,4,Others,7472,3846409.1057498828
dadra-&-nagar-haveli-&-daman-&-diu,2023,1,Merchant payments,7184933,2778820380.0
dadra-&-nagar-haveli-&-daman-&-diu,2023,1,Peer-to-peer payments,3623830,9079653826.0
dadra-&-nagar-haveli-&-daman-&-diu,2023,1,Recharge & bill payments,979503,746971431.0
dadra-&-nagar-haveli-&-daman-&-diu,2023,1,Financial Services,3546,2855684.0
dadra-&-nagar-haveli-&-daman-&-diu,2023,1,Others,12173,5789879.0
dadra-&-nagar-haveli-&-daman-&-diu,2023,2,Merchant payments,8331573,3135694669.0
dadra-&-nagar-haveli-&-daman-&-diu,2023,2,Peer-to-peer payments,3962990,9804533561.0
dadra-&-nagar-haveli-&-daman-&-diu,2023,2,Recharge & bill payments,1046280,800283519.0
dadra-&-nagar-haveli-&-daman-&-diu,2023,2,Financial Services,3985,4431276.0
dadra-&-nagar-haveli-&-daman-&-diu,2023,2,Others,12287,5595163.0
dadra-&-nagar-haveli-&-daman-&-diu,2023,3,Merchant payments,9582597,3564710651.0
dadra-&-nagar-haveli-&-daman-&-diu,2023,3,Peer-to-peer payments,4630867,10642329946.0
dadra-&-nagar-haveli-&-daman-&-diu,2023,3,Recharge & bill payments,1139193,878917740.0
dadra-&-nagar-haveli-&-daman-&-diu,2023,3,Financial Services,5572,5268269.0
dadra-&-nagar-haveli-&-daman-&-diu,2023,3,Others,12099,4839857.0
dadra-&-nagar-haveli-&-daman-&-diu,2023,4,Merchant payments,11765508,4318758826.0
dadra-&-nagar-haveli-&-daman-&-diu,2023,4,Peer-to-peer payments,5347152,12234383845.0
dadra-&-nagar-haveli-&-daman-&-diu,2023,4,Recharge & bill payments,1169931,991997355.0
dadra-&-nagar-haveli-&-daman-&-diu,2023,4,Financial Services,5597,7765262.0
dadra-&-nagar-haveli-&-daman-&-diu,2023,4,Others,14185,5154679.0
dadra-&-nagar-haveli-&-daman-&-diu,2024,1,Merchant payments,13631073,4791513247.0
dadra-&-nagar-haveli-&-daman-&-diu,2024,1,Peer-to-peer payments,6113627,13576602170.0
dadra-&-nagar-haveli-&-daman-&-diu,2024,1,Recharge & bill payments,1353851,1135863865.0
dadra-&-nagar-haveli-&-daman-&-diu,2024,1,Financial Services,6748,10924778.0
dadra-&-nagar-haveli-&-daman-&-diu,2024,1,Others,9710,4292265.0
dadra-&-nagar-haveli-&-daman-&-diu,2024,2,Merchant payments,15510300,5152049102.0
dadra-&-nagar-haveli-&-daman-&-diu,2024,2,Peer-to-peer payments,6493955,14085735502.0
dadra-&-nagar-haveli-&-daman-&-diu,2024,2,Recharge & bill payments,1370838,1073613414.0
dadra-&-nagar-haveli-&-daman-&-diu,2024,2,Financial Services,7715,10300178.0
dadra-&-nagar-haveli-&-daman-&-diu,2024,2,Others,10307,7294515.0
dadra-&-nagar-haveli-&-daman-&-diu,2024,3,Merchant payments,16778218,5563348577.0
dadra-&-nagar-haveli-&-daman-&-diu,2024,3,Peer-to-peer payments,7251757,14881287713.0
dadra-&-nagar-haveli-&-daman-&-diu,2024,3,Recharge & bill payments,1397428,1094723407.0
dadra-&-nagar-haveli-&-daman-&-diu,2024,3,Financial Services,10550,15369479.0
dadra-&-nagar-haveli-&-daman-&-diu,2024,3,Others,8317,9902390.0
dadra-&-nagar-haveli-&-daman-&-diu,2024,4,Merchant payments,19213230,6331132984.0
dadra-&-nagar-haveli-&-daman-&-diu,2024,4,Peer-to-peer payments,7882319,16487512787.0
dadra-&-nagar-haveli-&-daman-&-diu,2024,4,Recharge & bill payments,1336160,1107688213.0
dadra-&-nagar-haveli-&-daman-&-diu,2024,4,Financial Services,25423,12601733.0
dadra-&-nagar-haveli-&-daman-&-diu,2024,4,Others,6568,6285744.0
delhi,2018,1,Recharge & bill payments,3947297,1320559612.770412
delhi,2018,1,Peer-to-peer payments,2380820,9125685134.894358
delhi,2018,1,Merchant payments,339809,375393115.19131327
delhi,2018,1,Financial Services,136240,45588429.271575734
delhi,2018,1,Others,318588,344277514.7923026
delhi,2018,2,Recharge & bill payments,4511737,2078183615.8006349
delhi,2018,2,Peer-to-peer payments,3542716,14348179103.109837
delhi,2018,2,Merchant payments,837001,631597790.6002588
delhi,2018,2,Financial Services,205991,66584728.19594695
delhi,2018,2,Others,276278,321754664.4984691
delhi,2018,3,Peer-to-peer payments,8557153,22670122888.868217
delhi,2018,3,Recharge & bill payments,5305635,3261844270.537241
delhi,2018,3,Merchant payments,3808395,1048422633.7093576
delhi,2018,3,Financial Services,274526,45051151.35143036
delhi,2018,3,Others,601339,350405916.1523186
delhi,2018,4,Peer-to-peer payments,9973249,32389252494.75772
delhi,2018,4,Merchant payments,9958967,2738429838.939273
delhi,2018,4,Recharge & bill payments,7483633,3961160542.570066
delhi,2018,4,Financial Services,265004,58162003.43614492
delhi,2018,4,Others,1506866,575852739.0031943
delhi,2019,1,Peer-to-peer payments,20216287,48250023720.99173
delhi,2019,1,Merchant payments,13875931,3996618719.7994804
delhi,2019,1,Recharge & bill payments,10744978,5521320539.356212
delhi,2019,1,Financial Services,223095,30997039.697555833
delhi,2019,1,Others,1947036,670171769.6522964
delhi,2019,2,Merchant payments,20891431,6816878922.844399
delhi,2019,2,Peer-to-peer payments,20570311,65953571241.26435
delhi,2019,2,Recharge & bill payments,12869453,8035701902.391765
delhi,2019,2,Financial Services,137774,33985068.68378611
delhi,2019,2,Others,2702543,866678928.4439986
delhi,2019,3,Merchant payments,29453368,9857221391.940361
delhi,2019,3,Peer-to-peer payments,25201978,81904443496.29778
delhi,2019,3,Recharge & bill payments,11133404,10406524192.884487
delhi,2019,3,Financial Services,92061,27952186.986432005
delhi,2019,3,Others,3657065,1000670778.3478061
delhi,2019,4,Peer-to-peer payments,33040093,105858524152.38443
delhi,2019,4,Merchant payments,32537378,12864577363.070576
delhi,2019,4,Recharge & bill payments,11609898,9500486080.98845
delhi,2019,4,Financial Services,57063,21512527.973989226
delhi,2019,4,Others,3500565,779367300.4732571
delhi,2020,1,Merchant payments,33951545,14470782771.054684
delhi,2020,1,Peer-to-peer payments,32410795,108987600006.3667
delhi,2020,1,Recharge & bill payments,12822919,9498791147.929193
delhi,2020,1,Financial Services,46529,39908838.24852887
delhi,2020,1,Others,2515816,619460878.9909673
delhi,2020,2,Peer-to-peer payments,27155938,86227124454.10175
delhi,2020,2,Merchant payments,24963931,12708327043.868336
delhi,2020,2,Recharge & bill payments,13568505,8699886044.040596
delhi,2020,2,Financial Services,64790,75405868.16164647
delhi,2020,2,Others,288854,162694793.15869594
delhi,2020,3,Peer-to-peer payments,41498638,140074023548.15637
delhi,2020,3,Merchant payments,40973792,21858176583.0589
delhi,2020,3,Recharge & bill payments,13448341,12883226305.336546
delhi,2020,3,Financial Services,85689,114341865.2645722
delhi,2020,3,Others,485401,234194502.8442282
delhi,2020,4,Merchant payments,54581166,31106554562.7951
delhi,2020,4,Peer-to-peer payments,49631928,171546055992.1488
delhi,2020,4,Recharge & bill payments,14862946,12921793576.576857
delhi,2020,4,Financial Services,114862,160007919.76894268
delhi,2020,4,Others,1349515,530676173.2537967
delhi,2021,1,Merchant payments,72615587,39861532639.012344
delhi,2021,1,Peer-to-peer payments,61957428,210823551741.40936
delhi,2021,1,Recharge & bill payments,21164274,15447408658.778738
delhi,2021,1,Financial Services,153039,203106852.42387855
delhi,2021,1,Others,1468676,592745151.8683048
delhi,2021,2,Merchant payments,75620295,42933366743.23575
delhi,2021,2,Peer-to-peer payments,68497718,223034955527.75317
delhi,2021,2,Recharge & bill payments,25026678,15310096462.746447
delhi,2021,2,Financial Services,158170,190019761.49741396
delhi,2021,2,Others,854403,472659189.30861247
delhi,2021,3,Merchant payments,115250887,64006915630.53262
delhi,2021,3,Peer-to-peer payments,93292876,298005532606.47
delhi,2021,3,Recharge & bill payments,28427032,20934734871.908962
delhi,2021,3,Financial Services,144460,220660990.22066334
delhi,2021,3,Others,1645353,690472449.1489255
delhi,2021,4,Merchant payments,149204611,88990516304.07437
delhi,2021,4,Peer-to-peer payments,112380292,376556972334.1598
delhi,2021,4,Recharge & bill payments,30127352,22290161823.248642
delhi,2021,4,Financial Services,199280,287950130.24921745
delhi,2021,4,Others,771824,569713470.6592032
delhi,2022,1,Merchant payments,174454937,98212381475.57239
delhi,2022,1,Peer-to-peer payments,125111881,415305045689.30945
delhi,2022,1,Recharge & bill payments,29435981,22482865572.904938
delhi,2022,1,Financial Services,195184,271039329.10874933
delhi,2022,1,Others,1801878,693588769.393249
delhi,2022,2,Merchant payments,233412802,121657706565.01256
delhi,2022,2,Peer-to-peer payments,143447534,480685895058.7076
delhi,2022,2,Recharge & bill payments,32971294,26876059610.022118
delhi,2022,2,Financial Services,160827,209425798.82013166
delhi,2022,2,Others,641727,426563425.65446466
delhi,2022,3,Merchant payments,276635347,134292748569.06271
delhi,2022,3,Peer-to-peer payments,160580425,509428627035.3385
delhi,2022,3,Recharge & bill payments,37572389,33177115465.46472
delhi,2022,3,Financial Services,195218,265479580.4156591
delhi,2022,3,Others,608782,448676465.8346823
delhi,2022,4,Merchant payments,305621913,153114813286.24423
delhi,2022,4,Peer-to-peer payments,171970100,559069397370.8649
delhi,2022,4,Recharge & bill payments,36775874,31954251758.09231
delhi,2022,4,Financial Services,228639,299454652.77800566
delhi,2022,4,Others,606931,477098950.59646183
delhi,2023,1,Merchant payments,246682850,116053064134.0
delhi,2023,1,Peer-to-peer payments,135403837,460727324748.0
delhi,2023,1,Recharge & bill payments,26976608,33945163887.0
delhi,2023,1,Financial Services,206979,275072622.0
delhi,2023,1,Others,482829,402484189.0
delhi,2023,2,Merchant payments,300493650,126927948779.0
delhi,2023,2,Peer-to-peer payments,151909146,498879007930.0
delhi,2023,2,Recharge & bill payments,29059235,35251178665.0
delhi,2023,2,Financial Services,219538,302441499.0
delhi,2023,2,Others,457429,367938784.0
delhi,2023,3,Merchant payments,347213404,143772297471.0
delhi,2023,3,Peer-to-peer payments,167791074,523701514112.0
delhi,2023,3,Recharge & bill payments,31015600,39925428804.0
delhi,2023,3,Financial Services,275512,439989766.0
delhi,2023,3,Others,411393,360021285.0
delhi,2023,4,Merchant payments,381250463,168766495844.0
delhi,2023,4,Peer-to-peer payments,185276322,588131157564.0
delhi,2023,4,Recharge & bill payments,30903762,41889435437.0
delhi,2023,4,Financial Services,317005,501353917.0
delhi,2023,4,Others,403194,361276587.0
delhi,2024,1,Merchant payments,419098312,183390284466.0
delhi,2024,1,Peer-to-peer payments,197330105,604445932793.0
delhi,2024,1,Recharge & bill payments,33501160,43595822485.0
delhi,2024,1,Financial Services,319041,606216973.0
delhi,2024,1,Others,485440,475774396.0
delhi,2024,2,Merchant payments,519857504,208928942309.0
delhi,2024,2,Peer-to-peer payments,221272475,641147355249.0
delhi,2024,2,Recharge & bill payments,35429237,45318295969.0
delhi,2024,2,Financial Services,376570,743336505.0
delhi,2024,2,Others,604614,779746148.0
delhi,2024,3,Merchant payments,564668341,231032600851.0
delhi,2024,3,Peer-to-peer payments,242786329,672922448569.0
delhi,2024,3,Recharge & bill payments,36462771,52504961937.0
delhi,2024,3,Financial Services,463025,936446162.0
delhi,2024,3,Others,464057,806926069.0
delhi,2024,4,Merchant payments,612111214,261167204054.0
delhi,2024,4,Peer-to-peer payments,261559240,745874399814.0
delhi,2024,4,Recharge & bill payments,35326994,48224664984.0
delhi,2024,4,Financial Services,1115510,932800641.0
delhi,2024,4,Others,430124,861416410.0
goa,2018,1,Recharge & bill payments,85991,18273814.162708722
goa,2018,1,Peer-to-peer payments,59651,268175048.06992978
goa,2018,1,Merchant payments,7880,11036031.735657964
goa,2018,1,Financial Services,1191,520105.642400422
goa,2018,1,Others,6184,5851742.732386975
goa,2018,2,Recharge & bill payments,120943,30994284.17044104
goa,2018,2,Peer-to-peer payments,87878,419492232.52410376
goa,2018,2,Merchant payments,12456,20162855.70611957
goa,2018,2,Financial Services,1903,733429.427283199
goa,2018,2,Others,6395,7221023.530667527
goa,2018,3,Recharge & bill payments,158797,40314972.94208837
goa,2018,3,Peer-to-peer payments,150297,639468418.1317002
goa,2018,3,Merchant payments,21587,26634198.178851012
goa,2018,3,Financial Services,1867,468171.36483984883
goa,2018,3,Others,6963,6281208.620754639
goa,2018,4,Peer-to-peer payments,246426,1021902315.4426756
goa,2018,4,Recharge & bill payments,212122,54832855.89468471
goa,2018,4,Merchant payments,45586,66666113.92145965
goa,2018,4,Financial Services,2523,723599.2328183289
goa,2018,4,Others,8098,8880194.430766659
goa,2019,1,Peer-to-peer payments,378848,1310759847.8146646
goa,2019,1,Recharge & bill payments,275277,78212835.0406034
goa,2019,1,Merchant payments,74527,75946974.41483101
goa,2019,1,Financial Services,2013,499592.0966860995
goa,2019,1,Others,8147,9904147.90979165
goa,2019,2,Peer-to-peer payments,373759,1391933790.7547765
goa,2019,2,Recharge & bill payments,278060,93218689.41694948
goa,2019,2,Merchant payments,104592,92873008.6474504
goa,2019,2,Financial Services,1211,515859.8076807977
goa,2019,2,Others,10819,13325754.760758925
goa,2019,3,Peer-to-peer payments,475178,1704668027.0159788
goa,2019,3,Recharge & bill payments,453806,157952854.9501171
goa,2019,3,Merchant payments,150578,123948570.56857497
goa,2019,3,Financial Services,1510,1282344.8444824044
goa,2019,3,Others,11344,12515394.117688328
goa,2019,4,Peer-to-peer payments,698728,2484453030.31845
goa,2019,4,Recharge & bill payments,552421,205602115.14625147
goa,2019,4,Merchant payments,250893,218404664.8638511
goa,2019,4,Financial Services,1497,649712.8451498008
goa,2019,4,Others,11733,14350825.325765317
goa,2020,1,Peer-to-peer payments,817198,2851686768.653684
goa,2020,1,Recharge & bill payments,678079,244739382.20701858
goa,2020,1,Merchant payments,373110,298421548.1046571
goa,2020,1,Financial Services,1762,1816477.5692472362
goa,2020,1,Others,11088,13707055.389155574
goa,2020,2,Recharge & bill payments,758617,241196540.9379891
goa,2020,2,Peer-to-peer payments,493326,1766723888.2025127
goa,2020,2,Merchant payments,221358,168591711.94693565
goa,2020,2,Financial Services,3081,3328361.317987765
goa,2020,2,Others,5710,3775927.611346662
goa,2020,3,Peer-to-peer payments,759351,2723430713.3444066
goa,2020,3,Recharge & bill payments,696770,280187505.0339355
goa,2020,3,Merchant payments,446880,353193881.4783259
goa,2020,3,Financial Services,4985,6418950.466847964
goa,2020,3,Others,7545,5112530.621144422
goa,2020,4,Peer-to-peer payments,1550251,5407626413.043346
goa,2020,4,Merchant payments,1389834,1123844212.5171819
goa,2020,4,Recharge & bill payments,839199,345088772.3784919
goa,2020,4,Financial Services,7287,10386560.386677971
goa,2020,4,Others,14810,12846789.254236266
goa,2021,1,Peer-to-peer payments,2235456,7553384653.1682
goa,2021,1,Merchant payments,2195509,1768358976.7158575
goa,2021,1,Recharge & bill payments,880682,410604192.7268899
goa,2021,1,Financial Services,8138,12207778.148638733
goa,2021,1,Others,11764,12687278.26183929
goa,2021,2,Merchant payments,1869384,1411529033.6650195
goa,2021,2,Peer-to-peer payments,1866837,6195032351.177256
goa,2021,2,Recharge & bill payments,953219,383804809.3560881
goa,2021,2,Financial Services,8303,12371843.844825167
goa,2021,2,Others,12392,10115549.032816991
goa,2021,3,Merchant payments,2865625,2143135314.897931
goa,2021,3,Peer-to-peer payments,2560305,7871092673.137299
goa,2021,3,Recharge & bill payments,1017351,438838003.22982365
goa,2021,3,Financial Services,8337,12943224.07382146
goa,2021,3,Others,16145,12416377.597493527
goa,2021,4,Merchant payments,5474662,4384250602.937038
goa,2021,4,Peer-to-peer payments,4408822,13618351952.666094
goa,2021,4,Recharge & bill payments,1170180,585734312.4063727
goa,2021,4,Financial Services,11320,17101084.66037453
goa,2021,4,Others,23775,21819163.1997744
goa,2022,1,Merchant payments,6364271,4682000388.389215
goa,2022,1,Peer-to-peer payments,4640380,14449830641.555716
goa,2022,1,Recharge & bill payments,1177071,646403472.1135541
goa,2022,1,Financial Services,11677,17490493.19245399
goa,2022,1,Others,20699,20720407.595174044
goa,2022,2,Merchant payments,7812998,5736211013.6866455
goa,2022,2,Peer-to-peer payments,5097942,16372343177.228306
goa,2022,2,Recharge & bill payments,1279377,738765635.2807853
goa,2022,2,Financial Services,10666,13192736.02810038
goa,2022,2,Others,15071,12525197.296362752
goa,2022,3,Merchant payments,7595135,5112175255.359402
goa,2022,3,Peer-to-peer payments,4449008,13780955270.352726
goa,2022,3,Recharge & bill payments,1122869,657115143.5357426
goa,2022,3,Financial Services,9992,12650738.420843877
goa,2022,3,Others,11683,11368868.03761505
goa,2022,4,Merchant payments,10319138,6739205748.43176
goa,2022,4,Peer-to-peer payments,5652373,17421974714.962345
goa,2022,4,Recharge & bill payments,1195865,734121700.6400625
goa,2022,4,Financial Services,12147,15705663.126967767
goa,2022,4,Others,13151,13978544.178016864
goa,2023,1,Merchant payments,14273665,9074816758.0
goa,2023,1,Peer-to-peer payments,8071768,24773922296.0
goa,2023,1,Recharge & bill payments,1816029,1197558557.0
goa,2023,1,Financial Services,16209,32648574.0
goa,2023,1,Others,17399,18019590.0
goa,2023,2,Merchant payments,15990744,10146039934.0
goa,2023,2,Peer-to-peer payments,8589659,26985284919.0
goa,2023,2,Recharge & bill payments,1917200,1239783487.0
goa,2023,2,Financial Services,17352,25141843.0
goa,2023,2,Others,15635,15956760.0
goa,2023,3,Merchant payments,16565190,10365884105.0
goa,2023,3,Peer-to-peer payments,8489945,25735484138.0
goa,2023,3,Recharge & bill payments,1913363,1234664127.0
goa,2023,3,Financial Services,17422,26274694.0
goa,2023,3,Others,13808,12872910.0
goa,2023,4,Merchant payments,21003656,12478698529.0
goa,2023,4,Peer-to-peer payments,10430430,30342597216.0
goa,2023,4,Recharge & bill payments,1991324,1413113823.0
goa,2023,4,Financial Services,20827,38067531.0
goa,2023,4,Others,14741,15194458.0
goa,2024,1,Merchant payments,22163645,12736252466.0
goa,2024,1,Peer-to-peer payments,10729197,31099473803.0
goa,2024,1,Recharge & bill payments,2087441,1465885657.0
goa,2024,1,Financial Services,20782,37240917.0
goa,2024,1,Others,12922,13047417.0
goa,2024,2,Merchant payments,23908901,13821574623.0
goa,2024,2,Peer-to-peer payments,10933835,32155453858.0
goa,2024,2,Recharge & bill payments,2120776,1419954245.0
goa,2024,2,Financial Services,24891,41870631.0
goa,2024,2,Others,12403,15977355.0
goa,2024,3,Merchant payments,23789645,13663769858.0
goa,2024,3,Peer-to-peer payments,10858222,30761382765.0
goa,2024,3,Recharge & bill payments,2070465,1423628089.0
goa,2024,3,Financial Services,32037,51120538.0
goa,2024,3,Others,11742,13626762.0
goa,2024,4,Merchant payments,30381117,17216927595.0
goa,2024,4,Peer-to-peer payments,13499590,37720460757.0
goa,2024,4,Recharge & bill payments,2166016,1548395751.0
goa,2024,4,Financial Services,71254,55469478.0
goa,2024,4,Others,13559,21335962.0
gujarat,2018,1,Recharge & bill payments,3691952,878929080.9916563
gujarat,2018,1,Peer-to-peer payments,1738974,6318864759.888066
gujarat,2018,1,Merchant payments,145436,166036667.57089135
gujarat,2018,1,Financial Services,122117,27986679.009713165
gujarat,2018,1,Others,250296,186165067.5737218
gujarat,2018,2,Recharge & bill payments,4643367,1571880396.377953
gujarat,2018,2,Peer-to-peer payments,2483231,10009680530.386887
gujarat,2018,2,Merchant payments,275503,356984574.1205573
gujarat,2018,2,Financial Services,140704,38598263.22838031
gujarat,2018,2,Others,202928,185541007.527258
gujarat,2018,3,Peer-to-peer payments,5287200,15272745137.759302
gujarat,2018,3,Recharge & bill payments,5117168,1938041688.9678535
gujarat,2018,3,Merchant payments,573440,466209496.80151117
gujarat,2018,3,Financial Services,136468,24930605.607339725
gujarat,2018,3,Others,219873,164477497.1394802
gujarat,2018,4,Peer-to-peer payments,6488202,21207285184.780193
gujarat,2018,4,Recharge & bill payments,6138404,2297332323.0815277
gujarat,2018,4,Merchant payments,1656377,1088373316.0580251
gujarat,2018,4,Financial Services,133915,30699273.16507
gujarat,2018,4,Others,316405,207297005.69778407
gujarat,2019,1,Peer-to-peer payments,13465044,31231285551.308655
gujarat,2019,1,Recharge & bill payments,8595256,3104251732.6516943
gujarat,2019,1,Merchant payments,2493340,1296376125.1752787
gujarat,2019,1,Financial Services,114539,19581520.569400217
gujarat,2019,1,Others,323272,204585378.77191538
gujarat,2019,2,Peer-to-peer payments,12547493,41853661230.46585
gujarat,2019,2,Recharge & bill payments,10434449,4651874823.428602
gujarat,2019,2,Merchant payments,5486791,2526448415.3585706
gujarat,2019,2,Financial Services,70502,17349813.389733132
gujarat,2019,2,Others,442607,271280936.6247084
gujarat,2019,3,Peer-to-peer payments,14529353,49206585462.018684
gujarat,2019,3,Merchant payments,11788077,4211116461.2911887
gujarat,2019,3,Recharge & bill payments,11349625,5768100024.478059
gujarat,2019,3,Financial Services,78609,20507001.233050577
gujarat,2019,3,Others,482985,256386015.24681717
gujarat,2019,4,Peer-to-peer payments,19107911,64477452638.7778
gujarat,2019,4,Recharge & bill payments,12967713,6517891166.722656
gujarat,2019,4,Merchant payments,9964076,5480269119.720948
gujarat,2019,4,Financial Services,63498,20202767.26414788
gujarat,2019,4,Others,444434,194846362.42851496
gujarat,2020,1,Peer-to-peer payments,19068093,72393727235.07784
gujarat,2020,1,Recharge & bill payments,15648472,7197595156.690899
gujarat,2020,1,Merchant payments,12191478,7210758662.281933
gujarat,2020,1,Financial Services,50753,27460255.45966168
gujarat,2020,1,Others,367621,165535312.39278784
gujarat,2020,2,Recharge & bill payments,19971660,8322688556.990006
gujarat,2020,2,Peer-to-peer payments,17569398,64723140394.22913
gujarat,2020,2,Merchant payments,9645967,7196610931.561442
gujarat,2020,2,Financial Services,59617,53132341.305008195
gujarat,2020,2,Others,173543,92274135.40504411
gujarat,2020,3,Peer-to-peer payments,23130724,89142122337.25531
gujarat,2020,3,Merchant payments,18338969,12749796641.785404
gujarat,2020,3,Recharge & bill payments,17481357,9820654243.80882
gujarat,2020,3,Financial Services,92278,84723188.62104335
gujarat,2020,3,Others,246851,124456073.24163358
gujarat,2020,4,Peer-to-peer payments,29967258,116743230330.36209
gujarat,2020,4,Merchant payments,28430460,20844321156.652935
gujarat,2020,4,Recharge & bill payments,18943669,10441981826.080866
gujarat,2020,4,Financial Services,113371,120056733.8865249
gujarat,2020,4,Others,373789,243470065.45681778
gujarat,2021,1,Peer-to-peer payments,36427493,144818968373.02933
gujarat,2021,1,Merchant payments,35815382,26512643894.003174
gujarat,2021,1,Recharge & bill payments,22088838,11996115292.377842
gujarat,2021,1,Financial Services,126380,137612317.73580322
gujarat,2021,1,Others,316472,235440836.3042438
gujarat,2021,2,Merchant payments,42593432,33542305033.829506
gujarat,2021,2,Peer-to-peer payments,41642387,162483567902.30194
gujarat,2021,2,Recharge & bill payments,27127405,13750783181.944221
gujarat,2021,2,Financial Services,128647,136119996.7022825
gujarat,2021,2,Others,349525,249278437.33914098
gujarat,2021,3,Merchant payments,62934471,48197579736.51646
gujarat,2021,3,Peer-to-peer payments,56134212,208013326600.62402
gujarat,2021,3,Recharge & bill payments,29580901,15945997372.058683
gujarat,2021,3,Financial Services,125167,163304131.1436523
gujarat,2021,3,Others,473656,304418273.24545926
gujarat,2021,4,Merchant payments,84846502,68717933161.8696
gujarat,2021,4,Peer-to-peer payments,67301686,254338740726.63605
gujarat,2021,4,Recharge & bill payments,30072479,18739034341.66239
gujarat,2021,4,Financial Services,175393,209214620.7057898
gujarat,2021,4,Others,591265,377657202.7539646
gujarat,2022,1,Merchant payments,101648378,79563412221.78397
gujarat,2022,1,Peer-to-peer payments,77768758,292439274688.30835
gujarat,2022,1,Recharge & bill payments,30473298,20042066374.66357
gujarat,2022,1,Financial Services,160423,187077879.38466492
gujarat,2022,1,Others,496289,316261089.4073821
gujarat,2022,2,Merchant payments,131610193,95585623258.23604
gujarat,2022,2,Peer-to-peer payments,86423696,326945780476.59766
gujarat,2022,2,Recharge & bill payments,33424931,23844933238.40894
gujarat,2022,2,Financial Services,125180,142685436.4192669
gujarat,2022,2,Others,468796,278978567.1836352
gujarat,2022,3,Merchant payments,161264265,109018764232.99393
gujarat,2022,3,Peer-to-peer payments,103034790,359338045092.0105
gujarat,2022,3,Recharge & bill payments,38383683,28649040040.502144
gujarat,2022,3,Financial Services,152053,162173602.84596294
gujarat,2022,3,Others,404941,269479241.0969004
gujarat,2022,4,Merchant payments,186533503,125585214989.03009
gujarat,2022,4,Peer-to-peer payments,114868478,411053364214.2685
gujarat,2022,4,Recharge & bill payments,39167297,30789927498.953297
gujarat,2022,4,Financial Services,179101,194314203.00804448
gujarat,2022,4,Others,407639,295484431.2780074
gujarat,2023,1,Merchant payments,199359623,123421554216.0
gujarat,2023,1,Peer-to-peer payments,120907384,436337923470.0
gujarat,2023,1,Recharge & bill payments,41649002,37570733166.0
gujarat,2023,1,Financial Services,180163,200278806.0
gujarat,2023,1,Others,415154,295699148.0
gujarat,2023,2,Merchant payments,239396654,135256737974.0
gujarat,2023,2,Peer-to-peer payments,132035120,470150906708.0
gujarat,2023,2,Recharge & bill payments,44902296,39506073738.0
gujarat,2023,2,Financial Services,191053,225104195.0
gujarat,2023,2,Others,397430,268385910.0
gujarat,2023,3,Merchant payments,279651861,155597205179.0
gujarat,2023,3,Peer-to-peer payments,151754885,508236930735.0
gujarat,2023,3,Recharge & bill payments,47284770,43342854631.0
gujarat,2023,3,Financial Services,246300,311377540.0
gujarat,2023,3,Others,365774,248668365.0
gujarat,2023,4,Merchant payments,319459808,179560004574.0
gujarat,2023,4,Peer-to-peer payments,166959749,567135968086.0
gujarat,2023,4,Recharge & bill payments,47046378,47786850776.0
gujarat,2023,4,Financial Services,271611,349727923.0
gujarat,2023,4,Others,378032,254647715.0
gujarat,2024,1,Merchant payments,366409312,201682534095.0
gujarat,2024,1,Peer-to-peer payments,187792836,618453750215.0
gujarat,2024,1,Recharge & bill payments,51744007,50813658532.0
gujarat,2024,1,Financial Services,273979,398254841.0
gujarat,2024,1,Others,356537,271267241.0
gujarat,2024,2,Merchant payments,437221639,222449503863.0
gujarat,2024,2,Peer-to-peer payments,199501081,638163102162.0
gujarat,2024,2,Recharge & bill payments,52968092,49178909419.0
gujarat,2024,2,Financial Services,320563,459744596.0
gujarat,2024,2,Others,383778,373786893.0
gujarat,2024,3,Merchant payments,476512894,238978729415.0
gujarat,2024,3,Peer-to-peer payments,225649266,671907062380.0
gujarat,2024,3,Recharge & bill payments,54584624,51775029765.0
gujarat,2024,3,Financial Services,384648,514500536.0
gujarat,2024,3,Others,309818,376066005.0
gujarat,2024,4,Merchant payments,530043047,271052844680.0
gujarat,2024,4,Peer-to-peer payments,244109941,750880785528.0
gujarat,2024,4,Recharge & bill payments,51838504,53102559360.0
gujarat,2024,4,Financial Services,1091610,557971100.0
gujarat,2024,4,Others,291864,420340754.0
haryana,2018,1,Recharge & bill payments,2368002,535578755.07945114
haryana,2018,1,Peer-to-peer payments,1607193,5814807510.68666
haryana,2018,1,Merchant payments,167816,173513595.3537558
haryana,2018,1,Financial Services,128636,27501068.014126316
haryana,2018,1,Others,209123,242110585.52640373
haryana,2018,2,Recharge & bill payments,3054284,984897276.651981
haryana,2018,2,Peer-to-peer payments,2388953,9745924809.851494
haryana,2018,2,Merchant payments,369916,334118261.45344114
haryana,2018,2,Financial Services,167570,38145882.44180386
haryana,2018,2,Others,170208,217328211.71769944
haryana,2018,3,Peer-to-peer payments,3753981,14429454356.345787
haryana,2018,3,Recharge & bill payments,3203386,1310467515.0605886
haryana,2018,3,Merchant payments,1003057,427387637.9335371
haryana,2018,3,Financial Services,100452,17323790.814170156
haryana,2018,3,Others,201148,190505707.47361812
haryana,2018,4,Peer-to-peer payments,5905032,22416919746.93868
haryana,2018,4,Recharge & bill payments,4116262,1671040703.7317612
haryana,2018,4,Merchant payments,2413446,1013407379.8963095
haryana,2018,4,Financial Services,120711,22252543.62175617
haryana,2018,4,Others,394732,267255642.26742023
haryana,2019,1,Peer-to-peer payments,12622225,30283578836.61907
haryana,2019,1,Recharge & bill payments,5576577,2202061874.5361757
haryana,2019,1,Merchant payments,3361995,1292375556.3150868
haryana,2019,1,Financial Services,101786,15201736.002431491
haryana,2019,1,Others,473192,258437718.15887585
haryana,2019,2,Peer-to-peer payments,10387562,37056084813.57578
haryana,2019,2,Recharge & bill payments,5902923,2838724048.0896106
haryana,2019,2,Merchant payments,5738283,2292901816.1432047
haryana,2019,2,Financial Services,57488,12080285.227121718
haryana,2019,2,Others,655560,301748850.1804938
haryana,2019,3,Peer-to-peer payments,11775288,43738290119.9285
haryana,2019,3,Merchant payments,9386779,3615636827.8118167
haryana,2019,3,Recharge & bill payments,8289987,4817098564.823641
haryana,2019,3,Financial Services,61503,16715100.880217994
haryana,2019,3,Others,829974,301378585.9978597
haryana,2019,4,Peer-to-peer payments,15729819,58242027266.14443
haryana,2019,4,Merchant payments,11615667,5253780278.236426
haryana,2019,4,Recharge & bill payments,9648003,5637358525.756194
haryana,2019,4,Financial Services,41688,13756049.144287623
haryana,2019,4,Others,790808,212797749.81994924
haryana,2020,1,Peer-to-peer payments,17728235,68367245528.07149
haryana,2020,1,Merchant payments,14327020,7075196609.224878
haryana,2020,1,Recharge & bill payments,11346112,6331682016.516322
haryana,2020,1,Financial Services,34488,25266730.1883267
haryana,2020,1,Others,600232,176823674.24305555
haryana,2020,2,Peer-to-peer payments,17334369,66645492690.67839
haryana,2020,2,Recharge & bill payments,12740328,6547618491.532405
haryana,2020,2,Merchant payments,11527654,7393393677.758501
haryana,2020,2,Financial Services,48759,49209527.29146181
haryana,2020,2,Others,129940,75550536.67993587
haryana,2020,3,Peer-to-peer payments,24123449,88796356487.11024
haryana,2020,3,Merchant payments,20845136,12141560866.982178
haryana,2020,3,Recharge & bill payments,12716319,8452802892.504496
haryana,2020,3,Financial Services,66457,80854296.9304013
haryana,2020,3,Others,186818,96375902.20346308
haryana,2020,4,Merchant payments,34063692,21382305452.06797
haryana,2020,4,Peer-to-peer payments,33920789,128613933346.85507
haryana,2020,4,Recharge & bill payments,14682896,9675471300.731653
haryana,2020,4,Financial Services,84881,103265693.75364488
haryana,2020,4,Others,419181,223528573.1334415
haryana,2021,1,Merchant payments,39363588,23389100227.155342
haryana,2021,1,Peer-to-peer payments,36764622,135970636784.61835
haryana,2021,1,Recharge & bill payments,13680353,9260346909.440674
haryana,2021,1,Financial Services,79784,99672809.99228218
haryana,2021,1,Others,364437,218544351.22172093
haryana,2021,2,Merchant payments,45335533,29119078263.957985
haryana,2021,2,Peer-to-peer payments,44086559,161073685336.6668
haryana,2021,2,Recharge & bill payments,15861047,9839496894.971409
haryana,2021,2,Financial Services,85821,97238136.09517692
haryana,2021,2,Others,311896,227855606.99266592
haryana,2021,3,Merchant payments,66885213,40190922826.60629
haryana,2021,3,Peer-to-peer payments,55929958,188548678300.5247
haryana,2021,3,Recharge & bill payments,17087955,11681457468.964512
haryana,2021,3,Financial Services,77496,116592181.46997279
haryana,2021,3,Others,479071,289441481.64370304
haryana,2021,4,Merchant payments,84993587,56325102920.50671
haryana,2021,4,Peer-to-peer payments,66548306,238638993818.09595
haryana,2021,4,Recharge & bill payments,17632752,13817258646.066364
haryana,2021,4,Financial Services,105050,151421306.61683068
haryana,2021,4,Others,407280,307822609.17479354
haryana,2022,1,Merchant payments,98346418,62565728158.2885
haryana,2022,1,Peer-to-peer payments,74499889,263547240999.68338
haryana,2022,1,Recharge & bill payments,18494827,14765350795.965681
haryana,2022,1,Financial Services,107240,146586164.62792295
haryana,2022,1,Others,540235,279136534.21161634
haryana,2022,2,Merchant payments,130033573,76926347115.76375
haryana,2022,2,Peer-to-peer payments,84219451,300504797205.2718
haryana,2022,2,Recharge & bill payments,20011709,17457331653.445232
haryana,2022,2,Financial Services,89805,120610061.5284536
haryana,2022,2,Others,345424,224949213.49711913
haryana,2022,3,Merchant payments,151278013,87063736519.87311
haryana,2022,3,Peer-to-peer payments,95071203,319374569105.9015
haryana,2022,3,Recharge & bill payments,22592966,21247984018.682095
haryana,2022,3,Financial Services,111032,144937203.2864578
haryana,2022,3,Others,308596,223267730.28330007
haryana,2022,4,Merchant payments,169685872,102918159834.12416
haryana,2022,4,Peer-to-peer payments,102993798,364514204185.1917
haryana,2022,4,Recharge & bill payments,23545059,22666085169.84729
haryana,2022,4,Financial Services,118488,152488074.9943577
haryana,2022,4,Others,305148,239722615.94605047
haryana,2023,1,Merchant payments,220693824,114248076004.0
haryana,2023,1,Peer-to-peer payments,128879993,443424820679.0
haryana,2023,1,Recharge & bill payments,31210728,32978369763.0
haryana,2023,1,Financial Services,158036,217615573.0
haryana,2023,1,Others,375883,281741717.0
haryana,2023,2,Merchant payments,275974807,130133751625.0
haryana,2023,2,Peer-to-peer payments,147382711,495834929236.0
haryana,2023,2,Recharge & bill payments,33655091,35262651840.0
haryana,2023,2,Financial Services,172309,259162565.0
haryana,2023,2,Others,351272,251633370.0
haryana,2023,3,Merchant payments,310148821,140917418482.0
haryana,2023,3,Peer-to-peer payments,156760079,498555993196.0
haryana,2023,3,Recharge & bill payments,34105227,37490386949.0
haryana,2023,3,Financial Services,198713,304618547.0
haryana,2023,3,Others,306638,223563566.0
haryana,2023,4,Merchant payments,343440148,167695632461.0
haryana,2023,4,Peer-to-peer payments,175429519,571466808865.0
haryana,2023,4,Recharge & bill payments,35320482,42514330771.0
haryana,2023,4,Financial Services,238826,371355840.0
haryana,2023,4,Others,319258,222356663.0
haryana,2024,1,Merchant payments,376661558,177987462151.0
haryana,2024,1,Peer-to-peer payments,187967904,583735861647.0
haryana,2024,1,Recharge & bill payments,39068051,44295176434.0
haryana,2024,1,Financial Services,256222,477335930.0
haryana,2024,1,Others,339765,292383070.0
haryana,2024,2,Merchant payments,482530215,211396204964.0
haryana,2024,2,Peer-to-peer payments,214457734,647411527784.0
haryana,2024,2,Recharge & bill payments,40862353,45581779106.0
haryana,2024,2,Financial Services,304547,600748740.0
haryana,2024,2,Others,399076,454335006.0
haryana,2024,3,Merchant payments,521289709,224122374449.0
haryana,2024,3,Peer-to-peer payments,231461545,648650534007.0
haryana,2024,3,Recharge & bill payments,41502651,49244659978.0
haryana,2024,3,Financial Services,361554,712626768.0
haryana,2024,3,Others,324761,476486596.0
haryana,2024,4,Merchant payments,554528337,256120928312.0
haryana,2024,4,Peer-to-peer payments,244665075,724617450899.0
haryana,2024,4,Recharge & bill payments,40983335,49974294031.0
haryana,2024,4,Financial Services,906666,717769217.0
haryana,2024,4,Others,310877,528916895.0
himachal-pradesh,2018,1,Recharge & bill payments,284371,49871175.82607427
himachal-pradesh,2018,1,Peer-to-peer payments,154572,546222027.4835303
himachal-pradesh,2018,1,Merchant payments,13241,13851230.83495245
himachal-pradesh,2018,1,Financial Services,8955,2040522.724771278
himachal-pradesh,2018,1,Others,20779,16752849.503009535
himachal-pradesh,2018,2,Recharge & bill payments,385642,83714322.414042
himachal-pradesh,2018,2,Peer-to-peer payments,243436,1043702964.1513071
himachal-pradesh,2018,2,Merchant payments,27851,31961300.882765952
himachal-pradesh,2018,2,Financial Services,11330,4108919.3075577794
himachal-pradesh,2018,2,Others,19436,19681794.59544668
himachal-pradesh,2018,3,Recharge & bill payments,457449,108456077.51862916
himachal-pradesh,2018,3,Peer-to-peer payments,362755,1596570994.985427
himachal-pradesh,2018,3,Merchant payments,40675,31168155.22193054
himachal-pradesh,2018,3,Financial Services,8182,1552275.0537747287
himachal-pradesh,2018,3,Others,17693,16293930.078267336
himachal-pradesh,2018,4,Recharge & bill payments,598325,143031082.4432017
himachal-pradesh,2018,4,Peer-to-peer payments,590518,2367228879.4462624
himachal-pradesh,2018,4,Merchant payments,86963,87575811.80014335
himachal-pradesh,2018,4,Financial Services,11834,2283052.790977265
himachal-pradesh,2018,4,Others,20243,21180141.658664487
himachal-pradesh,2019,1,Peer-to-peer payments,1178280,3066233587.9236507
himachal-pradesh,2019,1,Recharge & bill payments,844570,209521987.03977025
himachal-pradesh,2019,1,Merchant payments,115553,86624660.3112043
himachal-pradesh,2019,1,Financial Services,9585,1424229.9989233727
himachal-pradesh,2019,1,Others,20730,17676977.717503674
himachal-pradesh,2019,2,Peer-to-peer payments,1141873,4428007670.958708
himachal-pradesh,2019,2,Recharge & bill payments,1076793,279864579.97562265
himachal-pradesh,2019,2,Merchant payments,248517,141088575.8726466
himachal-pradesh,2019,2,Financial Services,5013,1453651.5352588107
himachal-pradesh,2019,2,Others,30110,25469495.268363245
himachal-pradesh,2019,3,Recharge & bill payments,1212659,327570066.9967147
himachal-pradesh,2019,3,Peer-to-peer payments,1181680,5039276845.295213
himachal-pradesh,2019,3,Merchant payments,312575,182746198.16430056
himachal-pradesh,2019,3,Financial Services,3096,1775673.9713265826
himachal-pradesh,2019,3,Others,25170,20649996.69578039
himachal-pradesh,2019,4,Peer-to-peer payments,1579582,6533855301.069828
himachal-pradesh,2019,4,Recharge & bill payments,1442940,402619114.99428564
himachal-pradesh,2019,4,Merchant payments,467309,314965060.6352696
himachal-pradesh,2019,4,Financial Services,4576,1769641.9665086274
himachal-pradesh,2019,4,Others,22239,17954418.582290154
himachal-pradesh,2020,1,Recharge & bill payments,1815157,542356756.9678606
himachal-pradesh,2020,1,Peer-to-peer payments,1594806,6431826925.118802
himachal-pradesh,2020,1,Merchant payments,711018,427497010.10439825
himachal-pradesh,2020,1,Financial Services,4711,3172303.6900622216
himachal-pradesh,2020,1,Others,18788,14613755.241563875
himachal-pradesh,2020,2,Recharge & bill payments,2558935,802231470.1628922
himachal-pradesh,2020,2,Peer-to-peer payments,1544488,6738488218.640328
himachal-pradesh,2020,2,Merchant payments,570031,479165630.6102103
himachal-pradesh,2020,2,Financial Services,7634,7359757.737539303
himachal-pradesh,2020,2,Others,14642,9659685.392965626
himachal-pradesh,2020,3,Recharge & bill payments,2416395,834567922.2742614
himachal-pradesh,2020,3,Peer-to-peer payments,1954492,8806586536.659174
himachal-pradesh,2020,3,Merchant payments,1090445,851539467.337558
himachal-pradesh,2020,3,Financial Services,9543,11391079.288736572
himachal-pradesh,2020,3,Others,19001,11969008.527252048
himachal-pradesh,2020,4,Recharge & bill payments,2638030,936305777.7250878
himachal-pradesh,2020,4,Peer-to-peer payments,2594659,11426268857.229637
himachal-pradesh,2020,4,Merchant payments,2001259,1589433440.2684097
himachal-pradesh,2020,4,Financial Services,11353,15534252.217986543
himachal-pradesh,2020,4,Others,27027,21510781.37178286
himachal-pradesh,2021,1,Peer-to-peer payments,2845733,11358078843.572702
himachal-pradesh,2021,1,Recharge & bill payments,2547359,948929031.6443391
himachal-pradesh,2021,1,Merchant payments,2186946,1778219850.8347864
himachal-pradesh,2021,1,Financial Services,12561,16554205.504427344
himachal-pradesh,2021,1,Others,21430,18764977.931273177
himachal-pradesh,2021,2,Peer-to-peer payments,3340531,13035543546.66397
himachal-pradesh,2021,2,Recharge & bill payments,3216602,1045789841.916208
himachal-pradesh,2021,2,Merchant payments,2883209,2378084375.199477
himachal-pradesh,2021,2,Financial Services,14642,16428390.62373627
himachal-pradesh,2021,2,Others,28918,19788385.405835297
himachal-pradesh,2021,3,Peer-to-peer payments,4455153,16560383923.204865
himachal-pradesh,2021,3,Merchant payments,4198808,3524434949.634083
himachal-pradesh,2021,3,Recharge & bill payments,3359406,1178802736.5280356
himachal-pradesh,2021,3,Financial Services,14497,22805774.600357123
himachal-pradesh,2021,3,Others,36303,23834687.160697926
himachal-pradesh,2021,4,Merchant payments,6062931,5228613146.743451
himachal-pradesh,2021,4,Peer-to-peer payments,5323397,19568394324.584805
himachal-pradesh,2021,4,Recharge & bill payments,3211367,1278824361.837138
himachal-pradesh,2021,4,Financial Services,18198,24809740.714031782
himachal-pradesh,2021,4,Others,50971,35578926.74639452
himachal-pradesh,2022,1,Merchant payments,7030946,5558905677.966259
himachal-pradesh,2022,1,Peer-to-peer payments,5718936,19473276901.331963
himachal-pradesh,2022,1,Recharge & bill payments,3271665,1429960686.7669475
himachal-pradesh,2022,1,Financial Services,19314,24442138.15399971
himachal-pradesh,2022,1,Others,47319,31862035.713640407
himachal-pradesh,2022,2,Merchant payments,10591420,7697399368.089639
himachal-pradesh,2022,2,Peer-to-peer payments,7109948,24407668318.014194
himachal-pradesh,2022,2,Recharge & bill payments,3520538,1553155243.3951051
himachal-pradesh,2022,2,Financial Services,16901,20627276.079190243
himachal-pradesh,2022,2,Others,52564,30257752.66416522
himachal-pradesh,2022,3,Merchant payments,12686960,8511266152.669347
himachal-pradesh,2022,3,Peer-to-peer payments,8330778,27039659316.468132
himachal-pradesh,2022,3,Recharge & bill payments,4083168,1780405740.3941154
himachal-pradesh,2022,3,Financial Services,21293,22686931.870640453
himachal-pradesh,2022,3,Others,42669,26764547.138168834
himachal-pradesh,2022,4,Merchant payments,15297492,10280295883.656351
himachal-pradesh,2022,4,Peer-to-peer payments,9284824,29629346091.977356
himachal-pradesh,2022,4,Recharge & bill payments,3907023,1810538524.3215194
himachal-pradesh,2022,4,Financial Services,24342,31775337.436365627
himachal-pradesh,2022,4,Others,41455,27387394.982090995
himachal-pradesh,2023,1,Merchant payments,14694013,9023136407.0
himachal-pradesh,2023,1,Peer-to-peer payments,8637695,26709451358.0
himachal-pradesh,2023,1,Recharge & bill payments,3901516,1950250571.0
himachal-pradesh,2023,1,Financial Services,25722,30757925.0
himachal-pradesh,2023,1,Others,42780,27351473.0
himachal-pradesh,2023,2,Merchant payments,19954117,11643011071.0
himachal-pradesh,2023,2,Peer-to-peer payments,10781507,33008088763.0
himachal-pradesh,2023,2,Recharge & bill payments,4247339,2159052653.0
himachal-pradesh,2023,2,Financial Services,27709,34689932.0
himachal-pradesh,2023,2,Others,50923,30221299.0
himachal-pradesh,2023,3,Merchant payments,19233611,10559011464.0
himachal-pradesh,2023,3,Peer-to-peer payments,9983786,29239694406.0
himachal-pradesh,2023,3,Recharge & bill payments,4046932,1991652882.0
himachal-pradesh,2023,3,Financial Services,27958,41972330.0
himachal-pradesh,2023,3,Others,44767,22240555.0
himachal-pradesh,2023,4,Merchant payments,23387107,12903037462.0
himachal-pradesh,2023,4,Peer-to-peer payments,11365164,33158062287.0
himachal-pradesh,2023,4,Recharge & bill payments,3816711,2143949720.0
himachal-pradesh,2023,4,Financial Services,33097,51956047.0
himachal-pradesh,2023,4,Others,49760,23241048.0
himachal-pradesh,2024,1,Merchant payments,23888813,12955779718.0
himachal-pradesh,2024,1,Peer-to-peer payments,11704961,32645830060.0
himachal-pradesh,2024,1,Recharge & bill payments,3859407,2212162426.0
himachal-pradesh,2024,1,Financial Services,30691,48981227.0
himachal-pradesh,2024,1,Others,36689,21477908.0
himachal-pradesh,2024,2,Merchant payments,33432764,17005142646.0
himachal-pradesh,2024,2,Peer-to-peer payments,14843874,40268257987.0
himachal-pradesh,2024,2,Recharge & bill payments,4230908,2481006839.0
himachal-pradesh,2024,2,Financial Services,36023,61908319.0
himachal-pradesh,2024,2,Others,40232,33424911.0
himachal-pradesh,2024,3,Merchant payments,31048392,15876449590.0
himachal-pradesh,2024,3,Peer-to-peer payments,14484420,38181559423.0
himachal-pradesh,2024,3,Recharge & bill payments,4131536,2449198130.0
himachal-pradesh,2024,3,Financial Services,44777,72816126.0
himachal-pradesh,2024,3,Others,28424,35918329.0
himachal-pradesh,2024,4,Merchant payments,34093853,18651098385.0
himachal-pradesh,2024,4,Peer-to-peer payments,15691651,42533547817.0
himachal-pradesh,2024,4,Recharge & bill payments,3857052,2426494040.0
himachal-pradesh,2024,4,Financial Services,129364,92305168.0
himachal-pradesh,2024,4,Others,26478,33550824.0
jammu-&-kashmir,2018,1,Recharge & bill payments,457813,78812610.35129012
jammu-&-kashmir,2018,1,Peer-to-peer payments,353621,861670157.9310012
jammu-&-kashmir,2018,1,Financial Services,65683,10269382.6199755
jammu-&-kashmir,2018,1,Merchant payments,28696,30967525.638810236
jammu-&-kashmir,2018,1,Others,35755,23651562.715049967
jammu-&-kashmir,2018,2,Recharge & bill payments,794502,166762242.91718757
jammu-&-kashmir,2018,2,Peer-to-peer payments,771844,2372961687.5536175
jammu-&-kashmir,2018,2,Financial Services,112422,15636116.81386063
jammu-&-kashmir,2018,2,Merchant payments,79248,64454257.5252622
jammu-&-kashmir,2018,2,Others,38310,31391931.692946266
jammu-&-kashmir,2018,3,Peer-to-peer payments,1260453,3616022745.5645847
jammu-&-kashmir,2018,3,Recharge & bill payments,822143,203079955.34644008
jammu-&-kashmir,2018,3,Merchant payments,140076,82826475.18797052
jammu-&-kashmir,2018,3,Financial Services,44464,6397888.3546260595
jammu-&-kashmir,2018,3,Others,36825,26373935.004048545
jammu-&-kashmir,2018,4,Peer-to-peer payments,1265457,5151829745.262983
jammu-&-kashmir,2018,4,Recharge & bill payments,970724,254473764.00233167
jammu-&-kashmir,2018,4,Merchant payments,402303,215771001.5429565
jammu-&-kashmir,2018,4,Financial Services,33775,6072177.152358056
jammu-&-kashmir,2018,4,Others,49051,36573577.73688933
jammu-&-kashmir,2019,1,Peer-to-peer payments,1913720,5414709531.836735
jammu-&-kashmir,2019,1,Recharge & bill payments,1131953,302663112.8884805
jammu-&-kashmir,2019,1,Merchant payments,452379,199219534.93760535
jammu-&-kashmir,2019,1,Financial Services,43247,4593545.201922052
jammu-&-kashmir,2019,1,Others,43688,30649751.65627311
jammu-&-kashmir,2019,2,Peer-to-peer payments,1180781,5666318253.462076
jammu-&-kashmir,2019,2,Recharge & bill payments,706569,215937468.94414753
jammu-&-kashmir,2019,2,Merchant payments,353678,188931529.4882364
jammu-&-kashmir,2019,2,Financial Services,22663,2652961.353697454
jammu-&-kashmir,2019,2,Others,32664,26301988.31534837
jammu-&-kashmir,2019,3,Peer-to-peer payments,618694,3499425217.9582095
jammu-&-kashmir,2019,3,Recharge & bill payments,318061,111964437.03321175
jammu-&-kashmir,2019,3,Merchant payments,165115,120736230.08884756
jammu-&-kashmir,2019,3,Financial Services,2895,658515.8825482852
jammu-&-kashmir,2019,3,Others,11761,11446090.81965122
jammu-&-kashmir,2019,4,Peer-to-peer payments,310620,1799955855.9714913
jammu-&-kashmir,2019,4,Merchant payments,91303,77859073.82317376
jammu-&-kashmir,2019,4,Recharge & bill payments,84803,49065907.04578097
jammu-&-kashmir,2019,4,Financial Services,197,213741.2862032762
jammu-&-kashmir,2019,4,Others,3005,2601419.6959477984
jammu-&-kashmir,2020,1,Peer-to-peer payments,435154,2654638582.0865793
jammu-&-kashmir,2020,1,Recharge & bill payments,341357,144213068.71202034
jammu-&-kashmir,2020,1,Merchant payments,135241,131144418.96503358
jammu-&-kashmir,2020,1,Financial Services,2350,2116665.1182805505
jammu-&-kashmir,2020,1,Others,7528,5530441.652102945
jammu-&-kashmir,2020,2,Peer-to-peer payments,1238380,7426818530.258213
jammu-&-kashmir,2020,2,Recharge & bill payments,1028741,413037418.32063264
jammu-&-kashmir,2020,2,Merchant payments,341375,403026357.7674071
jammu-&-kashmir,2020,2,Financial Services,9130,10415041.341445928
jammu-&-kashmir,2020,2,Others,17380,12351591.57084975
jammu-&-kashmir,2020,3,Peer-to-peer payments,1787154,10837119046.792652
jammu-&-kashmir,2020,3,Recharge & bill payments,1005745,443743222.500647
jammu-&-kashmir,2020,3,Merchant payments,642688,667957476.4350253
jammu-&-kashmir,2020,3,Financial Services,10111,13281733.802213533
jammu-&-kashmir,2020,3,Others,20200,15128281.341935568
jammu-&-kashmir,2020,4,Peer-to-peer payments,2378539,13736841259.979288
jammu-&-kashmir,2020,4,Recharge & bill payments,1900075,536741118.30199385
jammu-&-kashmir,2020,4,Merchant payments,1377786,1045006123.4596367
jammu-&-kashmir,2020,4,Financial Services,13578,17966592.697469097
jammu-&-kashmir,2020,4,Others,84466,44350708.939814664
jammu-&-kashmir,2021,1,Peer-to-peer payments,2800201,14801220301.14875
jammu-&-kashmir,2021,1,Recharge & bill payments,2554798,663747765.6760966
jammu-&-kashmir,2021,1,Merchant payments,1527253,1605408313.4781337
jammu-&-kashmir,2021,1,Financial Services,17276,20848657.8594191
jammu-&-kashmir,2021,1,Others,98042,47124854.989329115
jammu-&-kashmir,2021,2,Peer-to-peer payments,3955437,19502438177.8094
jammu-&-kashmir,2021,2,Recharge & bill payments,3568970,892467613.5545956
jammu-&-kashmir,2021,2,Merchant payments,2378307,2343370985.5822287
jammu-&-kashmir,2021,2,Financial Services,19432,21897796.187056318
jammu-&-kashmir,2021,2,Others,105673,53580855.45836207
jammu-&-kashmir,2021,3,Peer-to-peer payments,5621108,26562997915.198593
jammu-&-kashmir,2021,3,Recharge & bill payments,4192099,1126801385.0108979
jammu-&-kashmir,2021,3,Merchant payments,3197489,3818849262.990345
jammu-&-kashmir,2021,3,Financial Services,16071,27585395.493344467
jammu-&-kashmir,2021,3,Others,124274,62209689.3389434
jammu-&-kashmir,2021,4,Peer-to-peer payments,6852001,31444247707.630074
jammu-&-kashmir,2021,4,Merchant payments,5399465,6026170895.591109
jammu-&-kashmir,2021,4,Recharge & bill payments,4358892,1334473410.4377313
jammu-&-kashmir,2021,4,Financial Services,20269,34425387.51761782
jammu-&-kashmir,2021,4,Others,160001,86920024.59513804
jammu-&-kashmir,2022,1,Peer-to-peer payments,6263588,25881919928.642838
jammu-&-kashmir,2022,1,Merchant payments,5769426,5903944370.148529
jammu-&-kashmir,2022,1,Recharge & bill payments,4046350,1253753685.6124904
jammu-&-kashmir,2022,1,Financial Services,20506,28915576.119299565
jammu-&-kashmir,2022,1,Others,145441,79330065.6359112
jammu-&-kashmir,2022,2,Merchant payments,9917899,8541811640.294408
jammu-&-kashmir,2022,2,Peer-to-peer payments,8948548,35973490940.6326
jammu-&-kashmir,2022,2,Recharge & bill payments,4759941,1631580783.9159238
jammu-&-kashmir,2022,2,Financial Services,17495,23857762.100494668
jammu-&-kashmir,2022,2,Others,169864,83549709.69216739
jammu-&-kashmir,2022,3,Merchant payments,9594459,8056512904.560925
jammu-&-kashmir,2022,3,Peer-to-peer payments,8391981,31280124357.943665
jammu-&-kashmir,2022,3,Recharge & bill payments,4397779,1538833023.8071973
jammu-&-kashmir,2022,3,Financial Services,16502,21281997.61037215
jammu-&-kashmir,2022,3,Others,133673,66802218.32606816
jammu-&-kashmir,2022,4,Merchant payments,13060020,9463119176.828749
jammu-&-kashmir,2022,4,Peer-to-peer payments,9209773,33017162449.59025
jammu-&-kashmir,2022,4,Recharge & bill payments,4885856,1738113554.2451303
jammu-&-kashmir,2022,4,Financial Services,17803,26804683.92881795
jammu-&-kashmir,2022,4,Others,142706,70096050.90090424
jammu-&-kashmir,2023,1,Merchant payments,19258641,12262102502.0
jammu-&-kashmir,2023,1,Peer-to-peer payments,12527159,41006666634.0
jammu-&-kashmir,2023,1,Recharge & bill payments,6894943,2522356131.0
jammu-&-kashmir,2023,1,Financial Services,26119,30772190.0
jammu-&-kashmir,2023,1,Others,220382,99850124.0
jammu-&-kashmir,2023,2,Merchant payments,27968919,16519042612.0
jammu-&-kashmir,2023,2,Peer-to-peer payments,17988275,56687068768.0
jammu-&-kashmir,2023,2,Recharge & bill payments,8374394,3181150839.0
jammu-&-kashmir,2023,2,Financial Services,27724,36616737.0
jammu-&-kashmir,2023,2,Others,228987,106126424.0
jammu-&-kashmir,2023,3,Merchant payments,33831979,20030764520.0
jammu-&-kashmir,2023,3,Peer-to-peer payments,20589029,62320529579.0
jammu-&-kashmir,2023,3,Recharge & bill payments,9247909,3508619105.0
jammu-&-kashmir,2023,3,Financial Services,31473,61895606.0
jammu-&-kashmir,2023,3,Others,203189,94339616.0
jammu-&-kashmir,2023,4,Merchant payments,38724913,23286334977.0
jammu-&-kashmir,2023,4,Peer-to-peer payments,20930306,65658312220.0
jammu-&-kashmir,2023,4,Recharge & bill payments,9268356,3954471487.0
jammu-&-kashmir,2023,4,Financial Services,36281,80127905.0
jammu-&-kashmir,2023,4,Others,207276,90895171.0
jammu-&-kashmir,2024,1,Merchant payments,44039688,26132817115.0
jammu-&-kashmir,2024,1,Peer-to-peer payments,21676857,63494530507.0
jammu-&-kashmir,2024,1,Recharge & bill payments,9191925,4183099352.0
jammu-&-kashmir,2024,1,Financial Services,36970,77808277.0
jammu-&-kashmir,2024,1,Others,170915,72673690.0
jammu-&-kashmir,2024,2,Merchant payments,67028884,36427331951.0
jammu-&-kashmir,2024,2,Peer-to-peer payments,30553524,87708294314.0
jammu-&-kashmir,2024,2,Recharge & bill payments,10377382,4725535622.0
jammu-&-kashmir,2024,2,Financial Services,51851,118499860.0
jammu-&-kashmir,2024,2,Others,167373,82095164.0
jammu-&-kashmir,2024,3,Merchant payments,72762518,40065179721.0
jammu-&-kashmir,2024,3,Peer-to-peer payments,35411991,98957280136.0
jammu-&-kashmir,2024,3,Recharge & bill payments,11191575,5221833445.0
jammu-&-kashmir,2024,3,Financial Services,62311,146900251.0
jammu-&-kashmir,2024,3,Others,126893,79152424.0
jammu-&-kashmir,2024,4,Merchant payments,77746893,45801663532.0
jammu-&-kashmir,2024,4,Peer-to-peer payments,37314662,109794685213.0
jammu-&-kashmir,2024,4,Recharge & bill payments,10916802,5152602988.0
jammu-&-kashmir,2024,4,Financial Services,180612,129044033.0
jammu-&-kashmir,2024,4,Others,102248,72984966.0
jharkhand,2018,1,Recharge & bill payments,1095857,132181815.28422523
jharkhand,2018,1,Peer-to-peer payments,809459,2036315435.6551185
jharkhand,2018,1,Financial Services,107755,45483178.104925826
jharkhand,2018,1,Merchant payments,66299,66465337.511485815
jharkhand,2018,1,Others,99551,93740623.36363094
jharkhand,2018,2,Recharge & bill payments,1398777,208894647.78855115
jharkhand,2018,2,Peer-to-peer payments,1375872,4205862516.777491
jharkhand,2018,2,Financial Services,160637,65554548.24621317
jharkhand,2018,2,Merchant payments,130339,138889079.16124776
jharkhand,2018,2,Others,86455,102374867.08935027
jharkhand,2018,3,Peer-to-peer payments,6003688,8142915751.203348
jharkhand,2018,3,Recharge & bill payments,1539476,256930062.20347697
jharkhand,2018,3,Merchant payments,287427,155059935.04035243
jharkhand,2018,3,Financial Services,216343,38182603.57787939
jharkhand,2018,3,Others,75687,68483065.67956133
jharkhand,2018,4,Peer-to-peer payments,3325473,9414019816.80093
jharkhand,2018,4,Recharge & bill payments,1885135,328077093.4784577
jharkhand,2018,4,Merchant payments,845956,373435992.4816617
jharkhand,2018,4,Financial Services,136918,36357465.52244099
jharkhand,2018,4,Others,90561,90026272.83887212
jharkhand,2019,1,Peer-to-peer payments,5952105,12664709652.347084
jharkhand,2019,1,Recharge & bill payments,2347079,440323945.0577217
jharkhand,2019,1,Merchant payments,892826,391616776.11217976
jharkhand,2019,1,Financial Services,105558,47227410.81132864
jharkhand,2019,1,Others,90140,83358664.9497917
jharkhand,2019,2,Peer-to-peer payments,5155937,17044444613.808352
jharkhand,2019,2,Recharge & bill payments,2734377,562210324.8161657
jharkhand,2019,2,Merchant payments,2049311,862186711.5217196
jharkhand,2019,2,Financial Services,67479,51588987.16245511
jharkhand,2019,2,Others,121107,102270668.23762833
jharkhand,2019,3,Peer-to-peer payments,5708187,19050145624.077984
jharkhand,2019,3,Merchant payments,4766457,1494546030.8330803
jharkhand,2019,3,Recharge & bill payments,3527625,754845093.6112013
jharkhand,2019,3,Financial Services,103620,80276391.6477037
jharkhand,2019,3,Others,114758,86160853.1891717
jharkhand,2019,4,Peer-to-peer payments,10301226,25360155657.218044
jharkhand,2019,4,Recharge & bill payments,4390094,966539484.5717083
jharkhand,2019,4,Merchant payments,3359590,1725990595.6016066
jharkhand,2019,4,Financial Services,104630,45850806.127185926
jharkhand,2019,4,Others,93078,49211833.15857271
jharkhand,2020,1,Peer-to-peer payments,8196850,29875044416.372463
jharkhand,2020,1,Recharge & bill payments,5454093,1358517296.9653778
jharkhand,2020,1,Merchant payments,4499942,2298726414.666834
jharkhand,2020,1,Financial Services,46483,31523887.510064334
jharkhand,2020,1,Others,85345,47420137.7540625
jharkhand,2020,2,Peer-to-peer payments,8724053,32662370316.521744
jharkhand,2020,2,Recharge & bill payments,7538593,1987320466.8540502
jharkhand,2020,2,Merchant payments,3753633,2662438204.2556615
jharkhand,2020,2,Financial Services,56553,130249402.00867195
jharkhand,2020,2,Others,68679,43823586.28346999
jharkhand,2020,3,Peer-to-peer payments,11984094,43128110246.27049
jharkhand,2020,3,Merchant payments,7728846,5163578368.000801
jharkhand,2020,3,Recharge & bill payments,7211293,2217657034.9022017
jharkhand,2020,3,Financial Services,56918,63233533.18627854
jharkhand,2020,3,Others,87322,50036637.653871216
jharkhand,2020,4,Peer-to-peer payments,17120664,60733288288.10599
jharkhand,2020,4,Merchant payments,14168381,9347677563.842455
jharkhand,2020,4,Recharge & bill payments,7945996,2582828438.736846
jharkhand,2020,4,Financial Services,60989,63947540.001266286
jharkhand,2020,4,Others,135603,77432999.35699823
jharkhand,2021,1,Peer-to-peer payments,19151083,69198235576.72797
jharkhand,2021,1,Merchant payments,17489113,11545580927.24733
jharkhand,2021,1,Recharge & bill payments,7826608,2888409672.132301
jharkhand,2021,1,Financial Services,50526,54836609.32711602
jharkhand,2021,1,Others,104333,62290337.70487929
jharkhand,2021,2,Peer-to-peer payments,24184568,86037113965.37598
jharkhand,2021,2,Merchant payments,19041292,14731458451.37311
jharkhand,2021,2,Recharge & bill payments,10583445,3531023352.488878
jharkhand,2021,2,Financial Services,54379,57959229.95440879
jharkhand,2021,2,Others,138461,75088312.26558907
jharkhand,2021,3,Peer-to-peer payments,30113326,97742557031.75543
jharkhand,2021,3,Merchant payments,29687162,19954619973.19194
jharkhand,2021,3,Recharge & bill payments,10742405,4029136911.757236
jharkhand,2021,3,Financial Services,51289,65035270.30823113
jharkhand,2021,3,Others,201520,99665931.8402131
jharkhand,2021,4,Merchant payments,45007900,30397134744.16734
jharkhand,2021,4,Peer-to-peer payments,39476282,130461675107.99458
jharkhand,2021,4,Recharge & bill payments,11173974,4920513757.583611
jharkhand,2021,4,Financial Services,72802,82938673.40787342
jharkhand,2021,4,Others,278084,154856720.55251962
jharkhand,2022,1,Merchant payments,53218047,35404682302.81973
jharkhand,2022,1,Peer-to-peer payments,45881799,153327336656.7779
jharkhand,2022,1,Recharge & bill payments,11502811,5765898871.819412
jharkhand,2022,1,Financial Services,67502,72095750.37612481
jharkhand,2022,1,Others,241051,130193505.37404194
jharkhand,2022,2,Merchant payments,67435024,44149892984.34711
jharkhand,2022,2,Peer-to-peer payments,52086790,175208899196.82
jharkhand,2022,2,Recharge & bill payments,13145888,6119623547.3009
jharkhand,2022,2,Financial Services,50361,53281830.624961995
jharkhand,2022,2,Others,207212,104530269.04482636
jharkhand,2022,3,Merchant payments,74816586,45850919744.1592
jharkhand,2022,3,Peer-to-peer payments,57285937,176549466282.04382
jharkhand,2022,3,Recharge & bill payments,14462031,6838978157.223744
jharkhand,2022,3,Financial Services,68467,69016067.83164982
jharkhand,2022,3,Others,182311,104503812.69942513
jharkhand,2022,4,Merchant payments,91863987,57173653531.6919
jharkhand,2022,4,Peer-to-peer payments,68045210,212953650396.96683
jharkhand,2022,4,Recharge & bill payments,15110623,7625380765.3711195
jharkhand,2022,4,Financial Services,81074,89276259.66683595
jharkhand,2022,4,Others,199198,129776494.88471407
jharkhand,2023,1,Merchant payments,126431470,72343574616.0
jharkhand,2023,1,Peer-to-peer payments,91879570,283548545074.0
jharkhand,2023,1,Recharge & bill payments,21800176,11236559383.0
jharkhand,2023,1,Financial Services,99366,97678666.0
jharkhand,2023,1,Others,247521,144978282.0
jharkhand,2023,2,Merchant payments,156552949,85510419374.0
jharkhand,2023,2,Peer-to-peer payments,107475200,324260678898.0
jharkhand,2023,2,Recharge & bill payments,24866991,12206164188.0
jharkhand,2023,2,Financial Services,101922,101245470.0
jharkhand,2023,2,Others,236831,136219578.0
jharkhand,2023,3,Merchant payments,176986470,87850272164.0
jharkhand,2023,3,Peer-to-peer payments,116215262,317385101261.0
jharkhand,2023,3,Recharge & bill payments,24694215,12857936385.0
jharkhand,2023,3,Financial Services,126439,166648089.0
jharkhand,2023,3,Others,215040,124466121.0
jharkhand,2023,4,Merchant payments,210139266,107902251886.0
jharkhand,2023,4,Peer-to-peer payments,138921302,375782050730.0
jharkhand,2023,4,Recharge & bill payments,25084140,14700179395.0
jharkhand,2023,4,Financial Services,157092,207103239.0
jharkhand,2023,4,Others,236562,128519675.0
jharkhand,2024,1,Merchant payments,240943119,122973605850.0
jharkhand,2024,1,Peer-to-peer payments,157370906,420040441815.0
jharkhand,2024,1,Recharge & bill payments,28096898,16341675108.0
jharkhand,2024,1,Financial Services,146719,249733168.0
jharkhand,2024,1,Others,201453,114781132.0
jharkhand,2024,2,Merchant payments,292972037,143912881957.0
jharkhand,2024,2,Peer-to-peer payments,175846356,458805291316.0
jharkhand,2024,2,Recharge & bill payments,30493851,16999992739.0
jharkhand,2024,2,Financial Services,173960,269689641.0
jharkhand,2024,2,Others,199667,128066838.0
jharkhand,2024,3,Merchant payments,308078784,144012840378.0
jharkhand,2024,3,Peer-to-peer payments,185983240,447316673287.0
jharkhand,2024,3,Recharge & bill payments,28125714,18109397263.0
jharkhand,2024,3,Financial Services,227984,354292146.0
jharkhand,2024,3,Others,160161,116337518.0
jharkhand,2024,4,Merchant payments,346886286,168140534443.0
jharkhand,2024,4,Peer-to-peer payments,211165735,516149821202.0
jharkhand,2024,4,Recharge & bill payments,28025030,19206954971.0
jharkhand,2024,4,Financial Services,670523,377570884.0
jharkhand,2024,4,Others,157112,135619534.0
karnataka,2018,1,Recharge & bill payments,5785292,1496816541.9710202
karnataka,2018,1,Peer-to-peer payments,4456528,16522277460.174664
karnataka,2018,1,Merchant payments,1089627,696586489.2644083
karnataka,2018,1,Financial Services,159848,52664837.407078
karnataka,2018,1,Others,525604,449549985.19633806
karnataka,2018,2,Recharge & bill payments,7391926,2435924808.0540595
karnataka,2018,2,Peer-to-peer payments,7164836,29135024501.319633
karnataka,2018,2,Merchant payments,1874383,1361967204.9193478
karnataka,2018,2,Financial Services,194363,93244737.61226672
karnataka,2018,2,Others,490939,489418829.39568377
karnataka,2018,3,Peer-to-peer payments,12863507,42819128165.14718
karnataka,2018,3,Recharge & bill payments,8674172,3019156590.415938
karnataka,2018,3,Merchant payments,3638065,1879406580.5386481
karnataka,2018,3,Financial Services,205740,50726023.40346949
karnataka,2018,3,Others,598777,456674396.3028466
karnataka,2018,4,Peer-to-peer payments,20471744,63575342228.05887
karnataka,2018,4,Merchant payments,11812478,4751317554.815564
karnataka,2018,4,Recharge & bill payments,11426205,4030978295.062695
karnataka,2018,4,Financial Services,289353,71134704.79416475
karnataka,2018,4,Others,812291,579613793.3366778
karnataka,2019,1,Peer-to-peer payments,44049036,104118436760.31566
karnataka,2019,1,Merchant payments,24491960,7076613843.774634
karnataka,2019,1,Recharge & bill payments,16981941,6217689429.770171
karnataka,2019,1,Financial Services,293728,51023386.14504391
karnataka,2019,1,Others,770944,512618725.75178516
karnataka,2019,2,Peer-to-peer payments,50033334,142910706254.40515
karnataka,2019,2,Merchant payments,44848593,12338599108.54726
karnataka,2019,2,Recharge & bill payments,19283028,7745156562.557001
karnataka,2019,2,Financial Services,140353,44871623.829314835
karnataka,2019,2,Others,1096296,662690676.7455502
karnataka,2019,3,Merchant payments,76924325,20375791901.51608
karnataka,2019,3,Peer-to-peer payments,67784880,183163325083.02167
karnataka,2019,3,Recharge & bill payments,24339891,10208179941.827314
karnataka,2019,3,Financial Services,189716,57194690.691376016
karnataka,2019,3,Others,1494923,732228821.132016
karnataka,2019,4,Merchant payments,114044901,31602890835.851074
karnataka,2019,4,Peer-to-peer payments,93311589,250562864352.78363
karnataka,2019,4,Recharge & bill payments,28862161,12183568521.027195
karnataka,2019,4,Financial Services,101937,51145982.18087677
karnataka,2019,4,Others,1475664,646673755.3894986
karnataka,2020,1,Merchant payments,132970737,40374401933.52864
karnataka,2020,1,Peer-to-peer payments,100868460,297635301555.931
karnataka,2020,1,Recharge & bill payments,35854971,14724886028.403404
karnataka,2020,1,Financial Services,93648,110130184.7219853
karnataka,2020,1,Others,1246074,557335296.81275
karnataka,2020,2,Merchant payments,87251639,38463881234.4382
karnataka,2020,2,Peer-to-peer payments,82118363,265767207470.16788
karnataka,2020,2,Recharge & bill payments,43290272,16434890228.306221
karnataka,2020,2,Financial Services,161560,246367207.0610708
karnataka,2020,2,Others,399878,192530880.1645686
karnataka,2020,3,Merchant payments,137206600,60769881812.00958
karnataka,2020,3,Peer-to-peer payments,119241776,390432374828.4793
karnataka,2020,3,Recharge & bill payments,43139631,18911088810.529343
karnataka,2020,3,Financial Services,251980,358426105.9585576
karnataka,2020,3,Others,520544,268744139.7048992
karnataka,2020,4,Merchant payments,215711211,97147239182.96416
karnataka,2020,4,Peer-to-peer payments,166981242,538340957771.568
karnataka,2020,4,Recharge & bill payments,47736461,21611671359.120274
karnataka,2020,4,Financial Services,284700,427966918.93005997
karnataka,2020,4,Others,823370,508863332.4358694
karnataka,2021,1,Merchant payments,279599017,117959690729.6494
karnataka,2021,1,Peer-to-peer payments,190894164,610937002732.095
karnataka,2021,1,Recharge & bill payments,52261651,25111731675.64637
karnataka,2021,1,Financial Services,297710,475815041.81600165
karnataka,2021,1,Others,744950,511117233.18647754
karnataka,2021,2,Merchant payments,244460862,124624417935.05894
karnataka,2021,2,Peer-to-peer payments,216539959,684035748184.4377
karnataka,2021,2,Recharge & bill payments,68599238,28272314719.07621
karnataka,2021,2,Financial Services,304779,456933673.9871358
karnataka,2021,2,Others,744208,497736717.48932767
karnataka,2021,3,Merchant payments,391381353,190563423840.34485
karnataka,2021,3,Peer-to-peer payments,288462867,908138627418.7012
karnataka,2021,3,Recharge & bill payments,72168311,33386709060.80711
karnataka,2021,3,Financial Services,286685,508051800.8625039
karnataka,2021,3,Others,997323,637927036.8737218
karnataka,2021,4,Merchant payments,503210623,243754536471.1106
karnataka,2021,4,Peer-to-peer payments,350032663,1090951587881.0441
karnataka,2021,4,Recharge & bill payments,76826701,39294350717.405914
karnataka,2021,4,Financial Services,365769,574240588.1883193
karnataka,2021,4,Others,1289682,896608692.1244912
karnataka,2022,1,Merchant payments,588543313,278109650949.8691
karnataka,2022,1,Peer-to-peer payments,389491586,1243199329198.8584
karnataka,2022,1,Recharge & bill payments,78206453,43891305256.63388
karnataka,2022,1,Financial Services,384922,624857963.437548
karnataka,2022,1,Others,1229133,824344937.0828401
karnataka,2022,2,Merchant payments,735295388,358016289601.7625
karnataka,2022,2,Peer-to-peer payments,449723751,1457330278795.186
karnataka,2022,2,Recharge & bill payments,91137091,50583781089.16758
karnataka,2022,2,Financial Services,351688,545330283.2377212
karnataka,2022,2,Others,941042,670434289.8797817
karnataka,2022,3,Merchant payments,704609552,333606445776.6083
karnataka,2022,3,Peer-to-peer payments,404084880,1282604186671.1763
karnataka,2022,3,Recharge & bill payments,79979546,48539011844.07969
karnataka,2022,3,Financial Services,361312,558132533.414458
karnataka,2022,3,Others,726038,610455785.7449958
karnataka,2022,4,Merchant payments,830157371,380643835280.23364
karnataka,2022,4,Peer-to-peer payments,460041715,1468087523889.2769
karnataka,2022,4,Recharge & bill payments,87517348,54445900607.2116
karnataka,2022,4,Financial Services,426795,650217624.1227758
karnataka,2022,4,Others,767142,689145506.798728
karnataka,2023,1,Merchant payments,1130908170,476183911608.0
karnataka,2023,1,Peer-to-peer payments,596731227,1908849346648.0
karnataka,2023,1,Recharge & bill payments,115567496,83516906348.0
karnataka,2023,1,Financial Services,541652,829191703.0
karnataka,2023,1,Others,948644,847870010.0
karnataka,2023,2,Merchant payments,1282439025,553947152559.0
karnataka,2023,2,Peer-to-peer payments,655334370,2131661599812.0
karnataka,2023,2,Recharge & bill payments,128708109,90352839418.0
karnataka,2023,2,Financial Services,564180,870214613.0
karnataka,2023,2,Others,821842,767292428.0
karnataka,2023,3,Merchant payments,1502087676,620261083051.0
karnataka,2023,3,Peer-to-peer payments,733741628,2267342578479.0
karnataka,2023,3,Recharge & bill payments,131971913,96428751649.0
karnataka,2023,3,Financial Services,680721,1117575810.0
karnataka,2023,3,Others,780364,730906598.0
karnataka,2023,4,Merchant payments,1631321006,677686159800.0
karnataka,2023,4,Peer-to-peer payments,796407425,2456912813682.0
karnataka,2023,4,Recharge & bill payments,135125785,104793796043.0
karnataka,2023,4,Financial Services,807597,1266275950.0
karnataka,2023,4,Others,772351,717378908.0
karnataka,2024,1,Merchant payments,1799287261,731643780822.0
karnataka,2024,1,Peer-to-peer payments,854761954,2641887054365.0
karnataka,2024,1,Recharge & bill payments,140813576,109551418217.0
karnataka,2024,1,Financial Services,829562,1475873231.0
karnataka,2024,1,Others,746802,690527871.0
karnataka,2024,2,Merchant payments,1981595688,834831111764.0
karnataka,2024,2,Peer-to-peer payments,911150664,2835423595652.0
karnataka,2024,2,Recharge & bill payments,147578134,112150881882.0
karnataka,2024,2,Financial Services,951013,1832353796.0
karnataka,2024,2,Others,737349,796760344.0
karnataka,2024,3,Merchant payments,2128123870,872671695683.0
karnataka,2024,3,Peer-to-peer payments,985664231,2914446696115.0
karnataka,2024,3,Recharge & bill payments,145576983,117042690235.0
karnataka,2024,3,Financial Services,1113824,2184402210.0
karnataka,2024,3,Others,655187,857082241.0
karnataka,2024,4,Merchant payments,2266169258,935052915428.0
karnataka,2024,4,Peer-to-peer payments,1039723999,3095666288407.0
karnataka,2024,4,Recharge & bill payments,145556961,117911617313.0
karnataka,2024,4,Financial Services,2955462,2231437254.0
karnataka,2024,4,Others,650744,957545420.0
kerala,2018,1,Recharge & bill payments,988774,157311821.37585658
kerala,2018,1,Peer-to-peer payments,600205,2107288314.3025222
kerala,2018,1,Merchant payments,72164,82919383.04571173
kerala,2018,1,Financial Services,40170,7957491.901965583
kerala,2018,1,Others,70067,47197742.47444939
kerala,2018,2,Recharge & bill payments,1230869,248080143.25702396
kerala,2018,2,Peer-to-peer payments,848291,3436199589.077317
kerala,2018,2,Merchant payments,131217,144501582.04666698
kerala,2018,2,Financial Services,41100,12355589.34361695
kerala,2018,2,Others,56688,45786439.71799916
kerala,2018,3,Peer-to-peer payments,1425259,4823239268.279744
kerala,2018,3,Recharge & bill payments,1407588,296352497.34099543
kerala,2018,3,Merchant payments,210974,160705488.6023575
kerala,2018,3,Financial Services,37286,6170643.387882499
kerala,2018,3,Others,53241,36557326.26447625
kerala,2018,4,Peer-to-peer payments,2073960,6959805154.570259
kerala,2018,4,Recharge & bill payments,1679897,351296525.29857576
kerala,2018,4,Merchant payments,417114,378857199.6490426
kerala,2018,4,Financial Services,75084,10063656.726067666
kerala,2018,4,Others,64599,47338700.56846385
kerala,2019,1,Peer-to-peer payments,3601116,9314451112.085835
kerala,2019,1,Recharge & bill payments,2180915,498453895.947243
kerala,2019,1,Merchant payments,550707,371997848.20066386
kerala,2019,1,Financial Services,77652,7808573.898364296
kerala,2019,1,Others,58649,42319704.717572376
kerala,2019,2,Peer-to-peer payments,3519528,11630623424.131498
kerala,2019,2,Recharge & bill payments,2711299,768892057.7982787
kerala,2019,2,Merchant payments,937130,569545842.9998999
kerala,2019,2,Financial Services,38869,5823291.622642939
kerala,2019,2,Others,77000,56486944.633225575
kerala,2019,3,Peer-to-peer payments,4181954,14433990011.32079
kerala,2019,3,Recharge & bill payments,3431236,1051007778.3129579
kerala,2019,3,Merchant payments,1497029,879510566.1106174
kerala,2019,3,Financial Services,96130,8910528.723410578
kerala,2019,3,Others,79747,56390837.59670959
kerala,2019,4,Peer-to-peer payments,5859068,18537483865.44591
kerala,2019,4,Recharge & bill payments,4097032,1287955351.6647906
kerala,2019,4,Merchant payments,2418428,1268704040.100692
kerala,2019,4,Financial Services,50728,10816332.760911917
kerala,2019,4,Others,73381,46367047.83244334
kerala,2020,1,Peer-to-peer payments,6634439,22862907701.60516
kerala,2020,1,Recharge & bill payments,5507580,1716538277.3696735
kerala,2020,1,Merchant payments,3485036,1810329140.1843734
kerala,2020,1,Financial Services,38050,17160614.593254916
kerala,2020,1,Others,68417,44149097.18179157
kerala,2020,2,Recharge & bill payments,7709714,2452435028.9249372
kerala,2020,2,Peer-to-peer payments,5603046,21309983654.739
kerala,2020,2,Merchant payments,2888260,2075701451.3627596
kerala,2020,2,Financial Services,40501,32921115.845954426
kerala,2020,2,Others,46446,23037227.727544237
kerala,2020,3,Peer-to-peer payments,8590587,33346812213.798676
kerala,2020,3,Recharge & bill payments,7932950,2688361345.204546
kerala,2020,3,Merchant payments,5065205,4016995193.6035366
kerala,2020,3,Financial Services,94130,76828720.82445312
kerala,2020,3,Others,75808,35153178.52298187
kerala,2020,4,Peer-to-peer payments,12941135,45686395927.74489
kerala,2020,4,Merchant payments,10990709,7695667406.723909
kerala,2020,4,Recharge & bill payments,9167428,3238199947.525463
kerala,2020,4,Financial Services,73833,69202344.44095232
kerala,2020,4,Others,115082,65791020.57617174
kerala,2021,1,Peer-to-peer payments,16209203,55336812492.74641
kerala,2021,1,Merchant payments,16105923,10058436408.184261
kerala,2021,1,Recharge & bill payments,9837385,3732534739.0436296
kerala,2021,1,Financial Services,68012,69655547.76092248
kerala,2021,1,Others,95819,63530974.15939384
kerala,2021,2,Peer-to-peer payments,17026648,58152644526.04467
kerala,2021,2,Merchant payments,16135060,11263178335.980885
kerala,2021,2,Recharge & bill payments,13809151,4645548909.798975
kerala,2021,2,Financial Services,88830,88370679.95309764
kerala,2021,2,Others,131344,77063984.37888283
kerala,2021,3,Merchant payments,25402350,17877677018.10737
kerala,2021,3,Peer-to-peer payments,23378091,78598482305.73877
kerala,2021,3,Recharge & bill payments,13979407,5008396079.412957
kerala,2021,3,Financial Services,85730,101460242.2623948
kerala,2021,3,Others,182688,100146127.60812962
kerala,2021,4,Merchant payments,38574904,24589454633.018272
kerala,2021,4,Peer-to-peer payments,29075528,92774490034.55844
kerala,2021,4,Recharge & bill payments,13781815,5689390023.204552
kerala,2021,4,Financial Services,108232,128238698.74055986
kerala,2021,4,Others,283262,160563553.84187678
kerala,2022,1,Merchant payments,47778743,28685388646.415367
kerala,2022,1,Peer-to-peer payments,33089518,104623270223.31714
kerala,2022,1,Recharge & bill payments,14042317,6373570715.969071
kerala,2022,1,Financial Services,134370,158926455.91425735
kerala,2022,1,Others,236017,147786423.0782508
kerala,2022,2,Merchant payments,55730158,34395023155.77253
kerala,2022,2,Peer-to-peer payments,35630060,112813716119.4625
kerala,2022,2,Recharge & bill payments,14701207,7230489227.091859
kerala,2022,2,Financial Services,110336,133436809.9132271
kerala,2022,2,Others,193561,123664236.88435228
kerala,2022,3,Merchant payments,64984061,37852759989.759125
kerala,2022,3,Peer-to-peer payments,38774832,116414003145.11606
kerala,2022,3,Recharge & bill payments,15289755,7709237374.351864
kerala,2022,3,Financial Services,146673,162861560.07391134
kerala,2022,3,Others,167583,121557246.12854591
kerala,2022,4,Merchant payments,74647115,40607857085.646095
kerala,2022,4,Peer-to-peer payments,42471676,124564727703.60559
kerala,2022,4,Recharge & bill payments,15520670,8075692517.275558
kerala,2022,4,Financial Services,164334,191307058.1462068
kerala,2022,4,Others,156673,120224235.03622031
kerala,2023,1,Merchant payments,84583249,44370168231.0
kerala,2023,1,Peer-to-peer payments,46080274,138477919269.0
kerala,2023,1,Recharge & bill payments,16629085,10446589963.0
kerala,2023,1,Financial Services,160843,201389795.0
kerala,2023,1,Others,168114,141022419.0
kerala,2023,2,Merchant payments,90195971,49220348954.0
kerala,2023,2,Peer-to-peer payments,48068911,146558117198.0
kerala,2023,2,Recharge & bill payments,17613119,11702913951.0
kerala,2023,2,Financial Services,162540,193012060.0
kerala,2023,2,Others,130076,122278822.0
kerala,2023,3,Merchant payments,100971920,54395884988.0
kerala,2023,3,Peer-to-peer payments,51765006,153333984681.0
kerala,2023,3,Recharge & bill payments,17617414,12247443070.0
kerala,2023,3,Financial Services,186185,243267285.0
kerala,2023,3,Others,118126,112033305.0
kerala,2023,4,Merchant payments,108137761,55180695119.0
kerala,2023,4,Peer-to-peer payments,54694399,156361217618.0
kerala,2023,4,Recharge & bill payments,16678550,13074043821.0
kerala,2023,4,Financial Services,225961,270144459.0
kerala,2023,4,Others,106422,99220448.0
kerala,2024,1,Merchant payments,110514883,56336344201.0
kerala,2024,1,Peer-to-peer payments,54327957,156296863144.0
kerala,2024,1,Recharge & bill payments,16331869,14085091643.0
kerala,2024,1,Financial Services,200007,279404679.0
kerala,2024,1,Others,89250,80271071.0
kerala,2024,2,Merchant payments,121221009,63702446188.0
kerala,2024,2,Peer-to-peer payments,56642113,163601027548.0
kerala,2024,2,Recharge & bill payments,16678867,14261447047.0
kerala,2024,2,Financial Services,243874,344607925.0
kerala,2024,2,Others,86604,94293887.0
kerala,2024,3,Merchant payments,133203180,69317965409.0
kerala,2024,3,Peer-to-peer payments,64012538,174589592514.0
kerala,2024,3,Recharge & bill payments,17076750,13872380762.0
kerala,2024,3,Financial Services,307546,408385812.0
kerala,2024,3,Others,95444,113706812.0
kerala,2024,4,Merchant payments,145653590,72346901392.0
kerala,2024,4,Peer-to-peer payments,69815574,186965241113.0
kerala,2024,4,Recharge & bill payments,16537561,13747095313.0
kerala,2024,4,Financial Services,1014940,467808987.0
kerala,2024,4,Others,90776,112923761.0
ladakh,2018,1,Recharge & bill payments,3550,927250.7143707818
ladakh,2018,1,Peer-to-peer payments,1752,10767803.999610368
ladakh,2018,1,Merchant payments,320,369327.62555241917
ladakh,2018,1,Financial Services,132,274283.17576680594
ladakh,2018,1,Others,335,194192.25581440225
ladakh,2018,2,Recharge & bill payments,8075,2417434.2729015187
ladakh,2018,2,Peer-to-peer payments,5667,42638443.11997231
ladakh,2018,2,Merchant payments,724,1761366.2964342085
ladakh,2018,2,Financial Services,151,127324.6279709443
ladakh,2018,2,Others,393,390334.220462498
ladakh,2018,3,Recharge & bill payments,13136,4676712.344045115
ladakh,2018,3,Peer-to-peer payments,10133,77085890.57395566
ladakh,2018,3,Merchant payments,1168,2016579.2506718007
ladakh,2018,3,Financial Services,84,69317.12287872119
ladakh,2018,3,Others,343,242477.8532947429
ladakh,2018,4,Recharge & bill payments,16650,5701932.895454288
ladakh,2018,4,Peer-to-peer payments,15939,123611779.58930421
ladakh,2018,4,Merchant payments,1881,5082666.820758243
ladakh,2018,4,Financial Services,142,94604.73391846984
ladakh,2018,4,Others,599,1031858.4532022325
ladakh,2019,1,Peer-to-peer payments,22076,139715922.1887053
ladakh,2019,1,Recharge & bill payments,20014,7186109.182288248
ladakh,2019,1,Merchant payments,3238,4967122.4999400275
ladakh,2019,1,Financial Services,114,111851.02856430915
ladakh,2019,1,Others,703,878916.0496292994
ladakh,2019,2,Peer-to-peer payments,34202,240305709.92824298
ladakh,2019,2,Recharge & bill payments,25357,10116773.366134495
ladakh,2019,2,Merchant payments,8220,7726519.367758205
ladakh,2019,2,Financial Services,86,113767.09768193656
ladakh,2019,2,Others,907,992737.2376073576
ladakh,2019,3,Peer-to-peer payments,43198,303596367.67958534
ladakh,2019,3,Recharge & bill payments,41491,18054746.121448334
ladakh,2019,3,Merchant payments,6963,8096082.971229901
ladakh,2019,3,Financial Services,48,148633.29469977494
ladakh,2019,3,Others,696,1233697.1268589406
ladakh,2019,4,Peer-to-peer payments,42095,298044908.5075786
ladakh,2019,4,Recharge & bill payments,35467,16510212.100753112
ladakh,2019,4,Merchant payments,6522,8717893.899929387
ladakh,2019,4,Financial Services,46,162760.63254625077
ladakh,2019,4,Others,576,1253584.887304229
ladakh,2020,1,Peer-to-peer payments,51560,339551900.3873952
ladakh,2020,1,Recharge & bill payments,49801,23010664.72023286
ladakh,2020,1,Merchant payments,14264,13338124.271892821
ladakh,2020,1,Financial Services,204,583108.9455483773
ladakh,2020,1,Others,590,1155879.120674257
ladakh,2020,2,Recharge & bill payments,70601,32087339.266190995
ladakh,2020,2,Peer-to-peer payments,68450,470749365.09816045
ladakh,2020,2,Merchant payments,15132,19679330.186414924
ladakh,2020,2,Financial Services,337,786069.1630768818
ladakh,2020,2,Others,490,490894.93818109273
ladakh,2020,3,Peer-to-peer payments,108345,751333715.2896031
ladakh,2020,3,Recharge & bill payments,81623,40380074.55014179
ladakh,2020,3,Merchant payments,36861,40538778.75651745
ladakh,2020,3,Financial Services,621,2334917.7832646337
ladakh,2020,3,Others,772,900013.678666259
ladakh,2020,4,Peer-to-peer payments,151582,985814864.3429123
ladakh,2020,4,Recharge & bill payments,94133,44185250.8636451
ladakh,2020,4,Merchant payments,83868,77511378.30739444
ladakh,2020,4,Financial Services,729,1965054.5898611392
ladakh,2020,4,Others,1822,2486922.4041473325
ladakh,2021,1,Peer-to-peer payments,141894,869999786.1513934
ladakh,2021,1,Recharge & bill payments,72719,35459532.4121063
ladakh,2021,1,Merchant payments,58875,74977913.47237433
ladakh,2021,1,Financial Services,629,1455016.148284281
ladakh,2021,1,Others,1298,1527565.0627209258
ladakh,2021,2,Peer-to-peer payments,209818,1259044412.4358737
ladakh,2021,2,Recharge & bill payments,95458,44754721.82815341
ladakh,2021,2,Merchant payments,92078,119608470.0411553
ladakh,2021,2,Financial Services,755,1756762.1471181023
ladakh,2021,2,Others,1607,2094729.0180191218
ladakh,2021,3,Peer-to-peer payments,330919,1917311078.1287262
ladakh,2021,3,Merchant payments,135108,233260756.5088715
ladakh,2021,3,Recharge & bill payments,121856,58750081.8151172
ladakh,2021,3,Financial Services,900,1911625.5446910746
ladakh,2021,3,Others,2204,2751201.9371823343
ladakh,2021,4,Peer-to-peer payments,337120,1804428550.1884875
ladakh,2021,4,Merchant payments,169110,284786365.9296017
ladakh,2021,4,Recharge & bill payments,120607,58403893.47253243
ladakh,2021,4,Financial Services,912,3068708.947120995
ladakh,2021,4,Others,2438,2847620.2425241945
ladakh,2022,1,Peer-to-peer payments,343041,1685241980.664183
ladakh,2022,1,Merchant payments,167100,279354508.988595
ladakh,2022,1,Recharge & bill payments,116486,56203999.28920926
ladakh,2022,1,Financial Services,1247,2023327.6779848374
ladakh,2022,1,Others,2141,2217102.222236882
ladakh,2022,2,Peer-to-peer payments,608870,2941624382.277109
ladakh,2022,2,Merchant payments,346146,508439376.68091977
ladakh,2022,2,Recharge & bill payments,158996,88531677.99442025
ladakh,2022,2,Financial Services,1585,2487560.1853386
ladakh,2022,2,Others,2476,2235180.8584825676
ladakh,2022,3,Peer-to-peer payments,659896,2955729492.4985514
ladakh,2022,3,Merchant payments,367022,551472983.879604
ladakh,2022,3,Recharge & bill payments,160269,94288872.34747365
ladakh,2022,3,Financial Services,1555,1815866.8961950848
ladakh,2022,3,Others,2116,1892134.7520804727
ladakh,2022,4,Peer-to-peer payments,559259,2350047971.603546
ladakh,2022,4,Merchant payments,382456,462189599.28430265
ladakh,2022,4,Recharge & bill payments,138793,79767790.98577228
ladakh,2022,4,Financial Services,1248,1198715.2123450316
ladakh,2022,4,Others,1616,1273495.592982805
ladakh,2023,1,Peer-to-peer payments,796687,3112641857.0
ladakh,2023,1,Merchant payments,561734,601420766.0
ladakh,2023,1,Recharge & bill payments,204592,129440564.0
ladakh,2023,1,Financial Services,1610,3389191.0
ladakh,2023,1,Others,2623,2128920.0
ladakh,2023,2,Peer-to-peer payments,1479909,5891146705.0
ladakh,2023,2,Merchant payments,1121362,1074373616.0
ladakh,2023,2,Recharge & bill payments,337017,218229701.0
ladakh,2023,2,Financial Services,1885,4432032.0
ladakh,2023,2,Others,3642,2921832.0
ladakh,2023,3,Peer-to-peer payments,1781959,6563524375.0
ladakh,2023,3,Merchant payments,1429581,1424016428.0
ladakh,2023,3,Recharge & bill payments,402319,245485697.0
ladakh,2023,3,Financial Services,3579,14887998.0
ladakh,2023,3,Others,3928,2657745.0
ladakh,2023,4,Peer-to-peer payments,1435341,5438596932.0
ladakh,2023,4,Merchant payments,1375598,1254754525.0
ladakh,2023,4,Recharge & bill payments,332620,236148603.0
ladakh,2023,4,Financial Services,3065,11423623.0
ladakh,2023,4,Others,3594,2063262.0
ladakh,2024,1,Merchant payments,1428526,1281667292.0
ladakh,2024,1,Peer-to-peer payments,1254570,4577031986.0
ladakh,2024,1,Recharge & bill payments,298740,214700854.0
ladakh,2024,1,Financial Services,3182,10455927.0
ladakh,2024,1,Others,2083,1534602.0
ladakh,2024,2,Merchant payments,2761232,2170015196.0
ladakh,2024,2,Peer-to-peer payments,2149877,7634966556.0
ladakh,2024,2,Recharge & bill payments,406967,297269115.0
ladakh,2024,2,Financial Services,6138,20236628.0
ladakh,2024,2,Others,3145,3235853.0
ladakh,2024,3,Merchant payments,3611810,2756672878.0
ladakh,2024,3,Peer-to-peer payments,2736391,9505200187.0
ladakh,2024,3,Recharge & bill payments,552948,365822129.0
ladakh,2024,3,Financial Services,9965,22212555.0
ladakh,2024,3,Others,2771,2963963.0
ladakh,2024,4,Merchant payments,3102085,2456167697.0
ladakh,2024,4,Peer-to-peer payments,2154011,8079768687.0
ladakh,2024,4,Recharge & bill payments,439533,298305142.0
ladakh,2024,4,Financial Services,14100,18009192.0
ladakh,2024,4,Others,1555,2166936.0
lakshadweep,2018,1,Peer-to-peer payments,423,1860278.2784597143
lakshadweep,2018,1,Recharge & bill payments,342,61432.04938505074
lakshadweep,2018,1,Merchant payments,5,590.7505138175776
lakshadweep,2018,1,Others,8,6310.102519157715
lakshadweep,2018,2,Peer-to-peer payments,1315,5757123.079919379
lakshadweep,2018,2,Recharge & bill payments,750,353202.7988510042
lakshadweep,2018,2,Merchant payments,42,64568.47789279556
lakshadweep,2018,2,Financial Services,6,9134.413223158994
lakshadweep,2018,2,Others,19,3780.7695141997474
lakshadweep,2018,3,Peer-to-peer payments,841,3926048.74488305
lakshadweep,2018,3,Recharge & bill payments,760,300978.32420203416
lakshadweep,2018,3,Merchant payments,87,94046.43333034206
lakshadweep,2018,3,Others,15,17958.809570422687
lakshadweep,2018,4,Recharge & bill payments,792,351201.0879000404
lakshadweep,2018,4,Peer-to-peer payments,689,3841230.430870924
lakshadweep,2018,4,Merchant payments,144,262079.85573632165
lakshadweep,2018,4,Financial Services,6,389.8932323919954
lakshadweep,2018,4,Others,11,8312.430483153179
lakshadweep,2019,1,Peer-to-peer payments,1183,8221402.368536929
lakshadweep,2019,1,Recharge & bill payments,1173,353870.52398354514
lakshadweep,2019,1,Merchant payments,113,183062.1455975621
lakshadweep,2019,1,Others,12,27795.441220958
lakshadweep,2019,2,Recharge & bill payments,1448,436735.1684614296
lakshadweep,2019,2,Peer-to-peer payments,1318,8602732.117788196
lakshadweep,2019,2,Merchant payments,137,190716.5411561734
lakshadweep,2019,2,Others,23,12340.30958308919
lakshadweep,2019,3,Recharge & bill payments,1528,503049.2411913635
lakshadweep,2019,3,Peer-to-peer payments,1455,8923273.862948446
lakshadweep,2019,3,Merchant payments,111,215159.68119447335
lakshadweep,2019,3,Others,10,10278.678434187355
lakshadweep,2019,4,Recharge & bill payments,1801,618155.9004644766
lakshadweep,2019,4,Peer-to-peer payments,1753,10383413.246670496
lakshadweep,2019,4,Merchant payments,188,211413.62244321496
lakshadweep,2019,4,Financial Services,2,34.39721181625656
lakshadweep,2019,4,Others,21,56896.23813384895
lakshadweep,2020,1,Recharge & bill payments,2684,789255.2646123999
lakshadweep,2020,1,Peer-to-peer payments,2068,12463327.261836832
lakshadweep,2020,1,Merchant payments,387,216594.03077193064
lakshadweep,2020,1,Others,12,33192.017283045374
lakshadweep,2020,2,Recharge & bill payments,4497,1061694.138574572
lakshadweep,2020,2,Peer-to-peer payments,2176,14718605.188911092
lakshadweep,2020,2,Merchant payments,472,971609.4583537823
lakshadweep,2020,2,Financial Services,60,158593.59701229632
lakshadweep,2020,2,Others,15,32419.703092655054
lakshadweep,2020,3,Recharge & bill payments,4696,1186947.553816269
lakshadweep,2020,3,Peer-to-peer payments,2946,19189391.618742835
lakshadweep,2020,3,Merchant payments,903,842981.169451366
lakshadweep,2020,3,Financial Services,27,45457.50970027798
lakshadweep,2020,3,Others,17,42055.45694608544
lakshadweep,2020,4,Recharge & bill payments,5187,1499298.1127799235
lakshadweep,2020,4,Peer-to-peer payments,4741,27284123.245665
lakshadweep,2020,4,Merchant payments,1668,1227101.6378793938
lakshadweep,2020,4,Financial Services,22,13968.7539965527
lakshadweep,2020,4,Others,32,86826.16675951776
lakshadweep,2021,1,Peer-to-peer payments,3942,24823715.017422147
lakshadweep,2021,1,Recharge & bill payments,3541,1070209.4218526704
lakshadweep,2021,1,Merchant payments,1537,1040213.7953898906
lakshadweep,2021,1,Financial Services,19,15929.095105497145
lakshadweep,2021,1,Others,46,92715.5843109472
lakshadweep,2021,2,Recharge & bill payments,5499,1745295.828077295
lakshadweep,2021,2,Peer-to-peer payments,4069,23996417.49366483
lakshadweep,2021,2,Merchant payments,1743,1525331.9146529401
lakshadweep,2021,2,Financial Services,29,15052.018496008179
lakshadweep,2021,2,Others,44,101366.40306045809
lakshadweep,2021,3,Peer-to-peer payments,5687,34142107.520169854
lakshadweep,2021,3,Recharge & bill payments,5153,1700287.4734963956
lakshadweep,2021,3,Merchant payments,2450,2750367.063028222
lakshadweep,2021,3,Financial Services,48,137227.35390598275
lakshadweep,2021,3,Others,32,73174.28816768769
lakshadweep,2021,4,Peer-to-peer payments,7154,44696668.86120765
lakshadweep,2021,4,Recharge & bill payments,5355,2093901.2918026838
lakshadweep,2021,4,Merchant payments,2872,4071239.087436496
lakshadweep,2021,4,Financial Services,27,19994.541946360278
lakshadweep,2021,4,Others,62,116381.74598782149
lakshadweep,2022,1,Peer-to-peer payments,7913,48590864.56835763
lakshadweep,2022,1,Recharge & bill payments,5334,2322580.1695599537
lakshadweep,2022,1,Merchant payments,3048,3838358.3586293925
lakshadweep,2022,1,Financial Services,39,38274.22628876488
lakshadweep,2022,1,Others,63,149355.3310943247
lakshadweep,2022,2,Peer-to-peer payments,8491,48451728.04746901
lakshadweep,2022,2,Recharge & bill payments,5366,2386144.714677198
lakshadweep,2022,2,Merchant payments,3602,4895657.060086848
lakshadweep,2022,2,Financial Services,59,87127.8249489804
lakshadweep,2022,2,Others,51,108944.34272364664
lakshadweep,2022,3,Peer-to-peer payments,7533,40029003.82575238
lakshadweep,2022,3,Recharge & bill payments,4441,1936538.3067545425
lakshadweep,2022,3,Merchant payments,3142,5469200.646094429
lakshadweep,2022,3,Financial Services,64,63629.88416689246
lakshadweep,2022,3,Others,61,81636.9547320153
lakshadweep,2022,4,Peer-to-peer payments,8686,47450386.0033243
lakshadweep,2022,4,Recharge & bill payments,4557,2024739.1542023947
lakshadweep,2022,4,Merchant payments,3819,5250991.002376802
lakshadweep,2022,4,Financial Services,35,26453.0247779254
lakshadweep,2022,4,Others,50,61304.43025482374
lakshadweep,2023,1,Peer-to-peer payments,14918,73202195.0
lakshadweep,2023,1,Recharge & bill payments,8287,3929048.0
lakshadweep,2023,1,Merchant payments,6123,7988014.0
lakshadweep,2023,1,Financial Services,153,160430.0
lakshadweep,2023,1,Others,39,42274.0
lakshadweep,2023,2,Peer-to-peer payments,16924,80630344.0
lakshadweep,2023,2,Merchant payments,9524,12585603.0
lakshadweep,2023,2,Recharge & bill payments,8287,4632264.0
lakshadweep,2023,2,Financial Services,105,52460.0
lakshadweep,2023,2,Others,78,86767.0
lakshadweep,2023,3,Peer-to-peer payments,20220,77301147.0
lakshadweep,2023,3,Merchant payments,14902,12027729.0
lakshadweep,2023,3,Recharge & bill payments,8577,5093309.0
lakshadweep,2023,3,Financial Services,16,12540.0
lakshadweep,2023,3,Others,42,92336.0
lakshadweep,2023,4,Merchant payments,27931,20455699.0
lakshadweep,2023,4,Peer-to-peer payments,25886,93623472.0
lakshadweep,2023,4,Recharge & bill payments,9527,5537222.0
lakshadweep,2023,4,Financial Services,79,102991.0
lakshadweep,2023,4,Others,56,111999.0
lakshadweep,2024,1,Merchant payments,42704,26729830.0
lakshadweep,2024,1,Peer-to-peer payments,28805,96802351.0
lakshadweep,2024,1,Recharge & bill payments,9584,6450723.0
lakshadweep,2024,1,Financial Services,36,19372.0
lakshadweep,2024,1,Others,47,50105.0
lakshadweep,2024,2,Merchant payments,68346,33965752.0
lakshadweep,2024,2,Peer-to-peer payments,30929,105941312.0
lakshadweep,2024,2,Recharge & bill payments,9704,6200429.0
lakshadweep,2024,2,Financial Services,59,46549.0
lakshadweep,2024,2,Others,47,58799.0
lakshadweep,2024,3,Merchant payments,100441,45937079.0
lakshadweep,2024,3,Peer-to-peer payments,44556,138863144.0
lakshadweep,2024,3,Recharge & bill payments,12305,7418004.0
lakshadweep,2024,3,Financial Services,130,159127.0
lakshadweep,2024,3,Others,46,30733.0
lakshadweep,2024,4,Merchant payments,129497,57962618.0
lakshadweep,2024,4,Peer-to-peer payments,54568,181385170.0
lakshadweep,2024,4,Recharge & bill payments,13089,7577602.0
lakshadweep,2024,4,Financial Services,603,819138.0
lakshadweep,2024,4,Others,20,12153.0
madhya-pradesh,2018,1,Recharge & bill payments,4404190,667057311.4560372
madhya-pradesh,2018,1,Peer-to-peer payments,2848290,7590790588.551903
madhya-pradesh,2018,1,Financial Services,230519,43374288.98373023
madhya-pradesh,2018,1,Merchant payments,196394,170119673.71275404
madhya-pradesh,2018,1,Others,346002,210261540.7414958
madhya-pradesh,2018,2,Recharge & bill payments,5324535,1132090445.8903365
madhya-pradesh,2018,2,Peer-to-peer payments,4269392,14155603482.492638
madhya-pradesh,2018,2,Merchant payments,397135,339308203.1707404
madhya-pradesh,2018,2,Financial Services,305553,53860331.805742756
madhya-pradesh,2018,2,Others,264797,243218603.31985626
madhya-pradesh,2018,3,Peer-to-peer payments,9988509,22057686208.544342
madhya-pradesh,2018,3,Recharge & bill payments,5733261,1367773856.6756551
madhya-pradesh,2018,3,Merchant payments,784995,465390819.59013355
madhya-pradesh,2018,3,Financial Services,359440,46120458.63885434
madhya-pradesh,2018,3,Others,260780,212770861.22341695
madhya-pradesh,2018,4,Peer-to-peer payments,11456555,30897348664.90544
madhya-pradesh,2018,4,Recharge & bill payments,7273502,1669345516.941368
madhya-pradesh,2018,4,Merchant payments,2056426,1036249753.9278035
madhya-pradesh,2018,4,Financial Services,313540,43367243.154430926
madhya-pradesh,2018,4,Others,297532,259296894.03827757
madhya-pradesh,2019,1,Peer-to-peer payments,23708825,44114206183.09186
madhya-pradesh,2019,1,Recharge & bill payments,9966905,2423593841.716142
madhya-pradesh,2019,1,Merchant payments,3018928,1263699222.3501081
madhya-pradesh,2019,1,Financial Services,290838,28901169.292499043
madhya-pradesh,2019,1,Others,315553,239879105.5972368
madhya-pradesh,2019,2,Peer-to-peer payments,20868744,61758841793.87666
madhya-pradesh,2019,2,Recharge & bill payments,12044969,3571897178.303101
madhya-pradesh,2019,2,Merchant payments,7331352,2671155681.449155
madhya-pradesh,2019,2,Financial Services,149197,18869661.513485767
madhya-pradesh,2019,2,Others,451751,313802065.4154737
madhya-pradesh,2019,3,Peer-to-peer payments,22631038,67648107703.0357
madhya-pradesh,2019,3,Merchant payments,17163551,5147459307.101742
madhya-pradesh,2019,3,Recharge & bill payments,13156616,4576521609.460834
madhya-pradesh,2019,3,Financial Services,192821,25654168.60092132
madhya-pradesh,2019,3,Others,466385,278578703.0441117
madhya-pradesh,2019,4,Peer-to-peer payments,32083162,92064471161.9892
madhya-pradesh,2019,4,Merchant payments,19447707,7304157801.612935
madhya-pradesh,2019,4,Recharge & bill payments,16081734,5104821720.999016
madhya-pradesh,2019,4,Financial Services,127116,24020060.932133198
madhya-pradesh,2019,4,Others,392270,190456045.32494444
madhya-pradesh,2020,1,Peer-to-peer payments,34540722,110325991607.38477
madhya-pradesh,2020,1,Merchant payments,24618074,9898242848.25793
madhya-pradesh,2020,1,Recharge & bill payments,19788516,6311610609.846225
madhya-pradesh,2020,1,Financial Services,68055,30645714.401902914
madhya-pradesh,2020,1,Others,351379,170790656.30339786
madhya-pradesh,2020,2,Peer-to-peer payments,34860958,128184693854.7977
madhya-pradesh,2020,2,Recharge & bill payments,27497528,8904067957.01212
madhya-pradesh,2020,2,Merchant payments,13685723,10666223053.634727
madhya-pradesh,2020,2,Financial Services,80988,62073621.44351514
madhya-pradesh,2020,2,Others,215376,104956802.17437972
madhya-pradesh,2020,3,Peer-to-peer payments,50871564,174978985034.2865
madhya-pradesh,2020,3,Merchant payments,31879804,20621273981.65966
madhya-pradesh,2020,3,Recharge & bill payments,25380467,9834190567.205517
madhya-pradesh,2020,3,Financial Services,131725,122971108.07060198
madhya-pradesh,2020,3,Others,316321,144259293.31583393
madhya-pradesh,2020,4,Peer-to-peer payments,67972167,235584201864.22342
madhya-pradesh,2020,4,Merchant payments,57707471,37315576877.14569
madhya-pradesh,2020,4,Recharge & bill payments,27335834,10977774483.325565
madhya-pradesh,2020,4,Financial Services,149532,132590450.07074244
madhya-pradesh,2020,4,Others,487537,264996097.6059612
madhya-pradesh,2021,1,Merchant payments,84812245,50098244499.50662
madhya-pradesh,2021,1,Peer-to-peer payments,84070625,279938170703.8171
madhya-pradesh,2021,1,Recharge & bill payments,32500681,13060914041.039404
madhya-pradesh,2021,1,Financial Services,169378,161838389.7954778
madhya-pradesh,2021,1,Others,445569,274786748.1299523
madhya-pradesh,2021,2,Peer-to-peer payments,99367521,348935762191.10486
madhya-pradesh,2021,2,Merchant payments,77113464,58839392449.9937
madhya-pradesh,2021,2,Recharge & bill payments,46118636,17230546398.848663
madhya-pradesh,2021,2,Financial Services,188726,177313389.66602695
madhya-pradesh,2021,2,Others,526333,317753606.01156956
madhya-pradesh,2021,3,Merchant payments,138433772,85885669792.43228
madhya-pradesh,2021,3,Peer-to-peer payments,127654821,398912712886.4574
madhya-pradesh,2021,3,Recharge & bill payments,44437315,19025346050.627724
madhya-pradesh,2021,3,Financial Services,174454,180366422.58245987
madhya-pradesh,2021,3,Others,742972,408508699.4365407
madhya-pradesh,2021,4,Merchant payments,197193842,126461098235.02324
madhya-pradesh,2021,4,Peer-to-peer payments,159649020,507118521843.3588
madhya-pradesh,2021,4,Recharge & bill payments,46220966,22492766779.156635
madhya-pradesh,2021,4,Financial Services,247925,246488171.37792647
madhya-pradesh,2021,4,Others,996331,568617375.5894115
madhya-pradesh,2022,1,Merchant payments,237691924,143310226696.7226
madhya-pradesh,2022,1,Peer-to-peer payments,185008444,578201697703.7521
madhya-pradesh,2022,1,Recharge & bill payments,48870314,25437774564.26215
madhya-pradesh,2022,1,Financial Services,222923,219927120.15944034
madhya-pradesh,2022,1,Others,909453,495513514.75128734
madhya-pradesh,2022,2,Merchant payments,287616385,174183397721.35938
madhya-pradesh,2022,2,Peer-to-peer payments,202093283,663180522499.3412
madhya-pradesh,2022,2,Recharge & bill payments,54318983,29125694281.81933
madhya-pradesh,2022,2,Financial Services,157672,153944499.74490312
madhya-pradesh,2022,2,Others,713506,381178326.32090586
madhya-pradesh,2022,3,Merchant payments,391105651,212445928287.3991
madhya-pradesh,2022,3,Peer-to-peer payments,267013695,780650402034.3962
madhya-pradesh,2022,3,Recharge & bill payments,72148870,39132574047.51802
madhya-pradesh,2022,3,Financial Services,240678,236981163.63162854
madhya-pradesh,2022,3,Others,750665,442608716.71893203
madhya-pradesh,2022,4,Merchant payments,492999084,272801597092.4764
madhya-pradesh,2022,4,Peer-to-peer payments,325467851,984255199293.6544
madhya-pradesh,2022,4,Recharge & bill payments,79289399,45143248068.81734
madhya-pradesh,2022,4,Financial Services,286931,278304972.64702964
madhya-pradesh,2022,4,Others,785003,521508120.7286146
madhya-pradesh,2023,1,Merchant payments,404378350,208281637594.0
madhya-pradesh,2023,1,Peer-to-peer payments,263524301,809388762719.0
madhya-pradesh,2023,1,Recharge & bill payments,65818962,43725957842.0
madhya-pradesh,2023,1,Financial Services,226835,236606773.0
madhya-pradesh,2023,1,Others,618522,393634973.0
madhya-pradesh,2023,2,Merchant payments,479498828,236960764220.0
madhya-pradesh,2023,2,Peer-to-peer payments,294125925,916102516476.0
madhya-pradesh,2023,2,Recharge & bill payments,73584106,48712706741.0
madhya-pradesh,2023,2,Financial Services,248905,289207465.0
madhya-pradesh,2023,2,Others,579296,375754606.0
madhya-pradesh,2023,3,Merchant payments,567760229,255858070965.0
madhya-pradesh,2023,3,Peer-to-peer payments,333209928,929775417818.0
madhya-pradesh,2023,3,Recharge & bill payments,76997837,51434802126.0
madhya-pradesh,2023,3,Financial Services,318662,408838885.0
madhya-pradesh,2023,3,Others,525937,344868455.0
madhya-pradesh,2023,4,Merchant payments,648920525,304240605817.0
madhya-pradesh,2023,4,Peer-to-peer payments,373769167,1063381622538.0
madhya-pradesh,2023,4,Recharge & bill payments,78674422,58049633385.0
madhya-pradesh,2023,4,Financial Services,394962,494411136.0
madhya-pradesh,2023,4,Others,535537,336607811.0
madhya-pradesh,2024,1,Merchant payments,760567063,350364865596.0
madhya-pradesh,2024,1,Peer-to-peer payments,434322438,1209747808360.0
madhya-pradesh,2024,1,Recharge & bill payments,90377724,64385288241.0
madhya-pradesh,2024,1,Financial Services,392922,591281376.0
madhya-pradesh,2024,1,Others,496467,330986291.0
madhya-pradesh,2024,2,Merchant payments,876486253,396252287691.0
madhya-pradesh,2024,2,Peer-to-peer payments,462570675,1314542897421.0
madhya-pradesh,2024,2,Recharge & bill payments,95424865,67725929808.0
madhya-pradesh,2024,2,Financial Services,480050,758501127.0
madhya-pradesh,2024,2,Others,510214,400330580.0
madhya-pradesh,2024,3,Merchant payments,948087778,409029113947.0
madhya-pradesh,2024,3,Peer-to-peer payments,497526836,1279502846189.0
madhya-pradesh,2024,3,Recharge & bill payments,91085397,71189674865.0
madhya-pradesh,2024,3,Financial Services,607134,979041970.0
madhya-pradesh,2024,3,Others,431312,381789560.0
madhya-pradesh,2024,4,Merchant payments,1049208528,472351463536.0
madhya-pradesh,2024,4,Peer-to-peer payments,545405608,1455644524190.0
madhya-pradesh,2024,4,Recharge & bill payments,88543631,73837534565.0
madhya-pradesh,2024,4,Financial Services,1823754,1042853205.0
madhya-pradesh,2024,4,Others,420314,428693349.0
maharashtra,2018,1,Recharge & bill payments,9670237,2283567431.223535
maharashtra,2018,1,Peer-to-peer payments,5227770,18283896464.750908
maharashtra,2018,1,Merchant payments,616779,576964070.7366859
maharashtra,2018,1,Financial Services,235051,60997258.060299724
maharashtra,2018,1,Others,637197,506188032.9539564
maharashtra,2018,2,Recharge & bill payments,12384216,3725800358.6814823
maharashtra,2018,2,Peer-to-peer payments,7772336,30782831245.6586
maharashtra,2018,2,Merchant payments,1306326,1226121649.4989598
maharashtra,2018,2,Financial Services,262875,85545909.43528841
maharashtra,2018,2,Others,559987,536758077.84638786
maharashtra,2018,3,Recharge & bill payments,14371791,4547486090.186737
maharashtra,2018,3,Peer-to-peer payments,13470065,45466534003.980484
maharashtra,2018,3,Merchant payments,2797204,1702220875.4343855
maharashtra,2018,3,Financial Services,234598,52348968.006728604
maharashtra,2018,3,Others,664880,492227795.6386977
maharashtra,2018,4,Peer-to-peer payments,20824667,68974011019.10294
maharashtra,2018,4,Recharge & bill payments,18071025,5860865070.470685
maharashtra,2018,4,Merchant payments,6047705,3985195742.2480145
maharashtra,2018,4,Financial Services,325121,77345546.53012432
maharashtra,2018,4,Others,821705,621519669.4818641
maharashtra,2019,1,Peer-to-peer payments,37360716,97373087988.08871
maharashtra,2019,1,Recharge & bill payments,24540041,8256500586.651282
maharashtra,2019,1,Merchant payments,12069119,5172594695.5318
maharashtra,2019,1,Financial Services,287569,49487746.20873056
maharashtra,2019,1,Others,821624,569019903.8604956
maharashtra,2019,2,Peer-to-peer payments,42546317,130558153687.9542
maharashtra,2019,2,Recharge & bill payments,29395661,12197234771.434273
maharashtra,2019,2,Merchant payments,27854042,9728561726.767143
maharashtra,2019,2,Financial Services,182840,45291636.10507481
maharashtra,2019,2,Others,1170993,765228265.7976472
maharashtra,2019,3,Peer-to-peer payments,57991699,165731686168.5575
maharashtra,2019,3,Merchant payments,54683738,17545729507.395977
maharashtra,2019,3,Recharge & bill payments,34309301,15471698543.739597
maharashtra,2019,3,Financial Services,231467,54108447.39407451
maharashtra,2019,3,Others,1519376,814284077.8637518
maharashtra,2019,4,Merchant payments,80127804,27209874138.487556
maharashtra,2019,4,Peer-to-peer payments,78795871,227268054757.21698
maharashtra,2019,4,Recharge & bill payments,40705998,17794666215.044445
maharashtra,2019,4,Financial Services,129755,49622863.824426055
maharashtra,2019,4,Others,1501192,672210824.9770112
maharashtra,2020,1,Merchant payments,100337738,35200130304.82776
maharashtra,2020,1,Peer-to-peer payments,87067410,262541205695.8384
maharashtra,2020,1,Recharge & bill payments,50199498,21603565070.425602
maharashtra,2020,1,Financial Services,123476,91363684.1276232
maharashtra,2020,1,Others,1215959,558931962.876125
maharashtra,2020,2,Peer-to-peer payments,74295930,239933338682.6934
maharashtra,2020,2,Recharge & bill payments,60856480,23112343247.416145
maharashtra,2020,2,Merchant payments,48965388,32859184582.219048
maharashtra,2020,2,Financial Services,206461,211733275.7829895
maharashtra,2020,2,Others,466502,242917371.3033281
maharashtra,2020,3,Peer-to-peer payments,108436214,351555554813.2122
maharashtra,2020,3,Merchant payments,100808237,60171102123.94888
maharashtra,2020,3,Recharge & bill payments,58082283,27915727882.59293
maharashtra,2020,3,Financial Services,325453,333669599.61883616
maharashtra,2020,3,Others,658737,331024593.0721529
maharashtra,2020,4,Merchant payments,189845640,103804638603.74611
maharashtra,2020,4,Peer-to-peer payments,151741840,485747881733.823
maharashtra,2020,4,Recharge & bill payments,64556682,31556917821.77767
maharashtra,2020,4,Financial Services,398409,418399992.5395771
maharashtra,2020,4,Others,1078433,627692680.4078207
maharashtra,2021,1,Merchant payments,253043309,129493046208.15726
maharashtra,2021,1,Peer-to-peer payments,187021609,599213284361.7993
maharashtra,2021,1,Recharge & bill payments,76389103,40057211827.15962
maharashtra,2021,1,Financial Services,439551,492900202.68315214
maharashtra,2021,1,Others,966668,630909553.4508264
maharashtra,2021,2,Merchant payments,247194293,150864465217.02304
maharashtra,2021,2,Peer-to-peer payments,228551961,719859665693.5271
maharashtra,2021,2,Recharge & bill payments,96271138,43154405548.44597
maharashtra,2021,2,Financial Services,504252,536780917.0359157
maharashtra,2021,2,Others,1094842,699738247.6695637
maharashtra,2021,3,Merchant payments,390051884,216701984638.98932
maharashtra,2021,3,Peer-to-peer payments,296951706,890860873379.5576
maharashtra,2021,3,Recharge & bill payments,103943973,50242023586.056046
maharashtra,2021,3,Financial Services,448646,579098938.658318
maharashtra,2021,3,Others,1477851,873324624.1826177
maharashtra,2021,4,Merchant payments,540351277,305512280091.4157
maharashtra,2021,4,Peer-to-peer payments,361865450,1109862480618.2227
maharashtra,2021,4,Recharge & bill payments,105990417,58087950922.43887
maharashtra,2021,4,Financial Services,606265,707102765.3058928
maharashtra,2021,4,Others,1918093,1188658731.1175365
maharashtra,2022,1,Merchant payments,646277671,340240479374.36835
maharashtra,2022,1,Peer-to-peer payments,411989717,1274889182430.209
maharashtra,2022,1,Recharge & bill payments,108896881,64507860103.55089
maharashtra,2022,1,Financial Services,583243,677612619.2786882
maharashtra,2022,1,Others,1758926,1084139453.7274752
maharashtra,2022,2,Merchant payments,810961772,428469294407.1603
maharashtra,2022,2,Peer-to-peer payments,470258043,1501201968773.8115
maharashtra,2022,2,Recharge & bill payments,124280427,75110969246.16316
maharashtra,2022,2,Financial Services,490152,559321829.4503716
maharashtra,2022,2,Others,1542719,930827919.303539
maharashtra,2022,3,Merchant payments,876618082,432250721734.13074
maharashtra,2022,3,Peer-to-peer payments,483481713,1434565548650.9136
maharashtra,2022,3,Recharge & bill payments,124545840,79360150487.36568
maharashtra,2022,3,Financial Services,521362,571583115.6687979
maharashtra,2022,3,Others,1222420,831183386.4681726
maharashtra,2022,4,Merchant payments,1025666187,502660888415.46185
maharashtra,2022,4,Peer-to-peer payments,535142126,1622619308526.9614
maharashtra,2022,4,Recharge & bill payments,126118544,83576414221.03232
maharashtra,2022,4,Financial Services,620124,699276779.1906543
maharashtra,2022,4,Others,1228291,914951674.4842072
maharashtra,2023,1,Merchant payments,1134579287,502987953087.0
maharashtra,2023,1,Peer-to-peer payments,572326605,1752752577223.0
maharashtra,2023,1,Recharge & bill payments,139414546,104828264973.0
maharashtra,2023,1,Financial Services,667987,763120514.0
maharashtra,2023,1,Others,1280074,953990262.0
maharashtra,2023,2,Merchant payments,1289778683,567713506184.0
maharashtra,2023,2,Peer-to-peer payments,620475611,1923752701888.0
maharashtra,2023,2,Recharge & bill payments,151613474,112846643294.0
maharashtra,2023,2,Financial Services,697164,821061690.0
maharashtra,2023,2,Others,1152916,870693412.0
maharashtra,2023,3,Merchant payments,1442968360,623156210487.0
maharashtra,2023,3,Peer-to-peer payments,689021709,2006148405860.0
maharashtra,2023,3,Recharge & bill payments,156785138,120947991569.0
maharashtra,2023,3,Financial Services,824436,1088491523.0
maharashtra,2023,3,Others,1078944,831084802.0
maharashtra,2023,4,Merchant payments,1646497204,707862700173.0
maharashtra,2023,4,Peer-to-peer payments,767517612,2254104157529.0
maharashtra,2023,4,Recharge & bill payments,155965094,133821812867.0
maharashtra,2023,4,Financial Services,1025481,1362709031.0
maharashtra,2023,4,Others,1157334,863555358.0
maharashtra,2024,1,Merchant payments,1821471481,754044465385.0
maharashtra,2024,1,Peer-to-peer payments,843766518,2472993827118.0
maharashtra,2024,1,Recharge & bill payments,168431872,143453128973.0
maharashtra,2024,1,Financial Services,1024838,1577112130.0
maharashtra,2024,1,Others,1075772,830361250.0
maharashtra,2024,2,Merchant payments,2008664821,832044260771.0
maharashtra,2024,2,Peer-to-peer payments,879509986,2596196230098.0
maharashtra,2024,2,Recharge & bill payments,173148051,142150478979.0
maharashtra,2024,2,Financial Services,1111574,1823280899.0
maharashtra,2024,2,Others,1060370,975082840.0
maharashtra,2024,3,Merchant payments,2136665237,875057356694.0
maharashtra,2024,3,Peer-to-peer payments,971212505,2659562391989.0
maharashtra,2024,3,Recharge & bill payments,177213655,149372864990.0
maharashtra,2024,3,Financial Services,1413867,2254480451.0
maharashtra,2024,3,Others,898731,1021568015.0
maharashtra,2024,4,Merchant payments,2393917535,1009302079777.0
maharashtra,2024,4,Peer-to-peer payments,1061923073,2988739020373.0
maharashtra,2024,4,Recharge & bill payments,173698536,149455601195.0
maharashtra,2024,4,Financial Services,3784218,2349724009.0
maharashtra,2024,4,Others,908477,1182025533.0
manipur,2018,1,Recharge & bill payments,50212,6463184.554711691
manipur,2018,1,Peer-to-peer payments,26382,115495173.55796441
manipur,2018,1,Financial Services,2660,412579.53985461866
manipur,2018,1,Merchant payments,1614,3616475.6407912206
manipur,2018,1,Others,3201,2058760.6368871084
manipur,2018,2,Recharge & bill payments,77991,11541247.784420915
manipur,2018,2,Peer-to-peer payments,60365,232157389.7914803
manipur,2018,2,Financial Services,5992,1241901.2660397931
manipur,2018,2,Merchant payments,4041,5366759.827729835
manipur,2018,2,Others,3332,2902422.6498233806
manipur,2018,3,Peer-to-peer payments,95204,357768750.1845896
manipur,2018,3,Recharge & bill payments,81323,13912990.484925149
manipur,2018,3,Merchant payments,7396,9180953.977358334
manipur,2018,3,Financial Services,2577,333081.6368315
manipur,2018,3,Others,2758,2135468.510417797
manipur,2018,4,Recharge & bill payments,113507,18898063.282383174
manipur,2018,4,Peer-to-peer payments,104872,562009595.9601889
manipur,2018,4,Merchant payments,13333,20685433.28430717
manipur,2018,4,Financial Services,1452,307325.2437723951
manipur,2018,4,Others,2946,3783141.5353601985
manipur,2019,1,Peer-to-peer payments,127067,619919870.7455351
manipur,2019,1,Recharge & bill payments,120000,22106830.369149238
manipur,2019,1,Merchant payments,15190,14580183.380707521
manipur,2019,1,Financial Services,800,174777.17283837448
manipur,2019,1,Others,2352,3116398.755848917
manipur,2019,2,Peer-to-peer payments,120153,679785849.1398683
manipur,2019,2,Recharge & bill payments,116500,23573234.273060285
manipur,2019,2,Merchant payments,18044,15996651.145700552
manipur,2019,2,Financial Services,387,91955.01538259834
manipur,2019,2,Others,2341,3342252.5754885403
manipur,2019,3,Recharge & bill payments,180057,36634657.049143404
manipur,2019,3,Peer-to-peer payments,144965,803335616.6325192
manipur,2019,3,Merchant payments,17683,20490224.443041254
manipur,2019,3,Financial Services,358,367865.7884662621
manipur,2019,3,Others,1945,2723638.649764262
manipur,2019,4,Recharge & bill payments,212136,44202546.57396081
manipur,2019,4,Peer-to-peer payments,211927,1123258478.445069
manipur,2019,4,Merchant payments,23094,30486780.446382143
manipur,2019,4,Financial Services,548,240641.7657683481
manipur,2019,4,Others,1639,2709234.857456133
manipur,2020,1,Peer-to-peer payments,451733,2458093401.740467
manipur,2020,1,Recharge & bill payments,285234,62688260.379548095
manipur,2020,1,Merchant payments,78067,74202067.0664826
manipur,2020,1,Financial Services,622,354184.4660589617
manipur,2020,1,Others,3145,3252467.2243867153
manipur,2020,2,Peer-to-peer payments,533206,2980242535.075443
manipur,2020,2,Recharge & bill payments,450830,107589094.29890464
manipur,2020,2,Merchant payments,92110,106540409.29886684
manipur,2020,2,Financial Services,1676,1457570.8004862315
manipur,2020,2,Others,5246,3106603.331810386
manipur,2020,3,Peer-to-peer payments,774786,4301284799.331292
manipur,2020,3,Recharge & bill payments,464659,113190539.14969069
manipur,2020,3,Merchant payments,170653,195132026.6311202
manipur,2020,3,Financial Services,1878,1593035.944066228
manipur,2020,3,Others,8192,4775719.8143366445
manipur,2020,4,Peer-to-peer payments,892853,5172499337.530437
manipur,2020,4,Recharge & bill payments,436450,114202616.34869762
manipur,2020,4,Merchant payments,289050,307902115.38207734
manipur,2020,4,Financial Services,1806,2448402.9142817147
manipur,2020,4,Others,7693,5172086.283260544
manipur,2021,1,Peer-to-peer payments,1117829,6402367883.667423
manipur,2021,1,Recharge & bill payments,796590,223955812.58644393
manipur,2021,1,Merchant payments,377280,433297594.1352152
manipur,2021,1,Financial Services,3398,4385333.1754908115
manipur,2021,1,Others,8438,6280890.914669826
manipur,2021,2,Peer-to-peer payments,1372821,7041837917.785187
manipur,2021,2,Recharge & bill payments,1187952,305103750.5728581
manipur,2021,2,Merchant payments,510734,531484849.4914169
manipur,2021,2,Financial Services,4165,4256098.232237183
manipur,2021,2,Others,10603,7145346.314942012
manipur,2021,3,Peer-to-peer payments,1819423,9134806594.52819
manipur,2021,3,Recharge & bill payments,1368584,367664440.53237265
manipur,2021,3,Merchant payments,735707,889317377.086526
manipur,2021,3,Financial Services,3460,5625517.975461649
manipur,2021,3,Others,14222,9447098.78230339
manipur,2021,4,Peer-to-peer payments,2199970,10998828287.529043
manipur,2021,4,Recharge & bill payments,1451488,412791673.8037664
manipur,2021,4,Merchant payments,1013985,1229517397.4561875
manipur,2021,4,Financial Services,4671,5941100.580610943
manipur,2021,4,Others,17325,11393578.842227157
manipur,2022,1,Peer-to-peer payments,2517626,12169368063.4095
manipur,2022,1,Recharge & bill payments,1528476,469035958.34841275
manipur,2022,1,Merchant payments,1247205,1489604137.2090888
manipur,2022,1,Financial Services,4878,6057615.527015026
manipur,2022,1,Others,15494,10435303.87979853
manipur,2022,2,Peer-to-peer payments,2843426,12704512238.809605
manipur,2022,2,Merchant payments,1709547,1757831052.0706987
manipur,2022,2,Recharge & bill payments,1533778,448637966.718931
manipur,2022,2,Financial Services,4069,4753628.558008127
manipur,2022,2,Others,14812,7175748.992065379
manipur,2022,3,Peer-to-peer payments,3127266,12927705072.13747
manipur,2022,3,Merchant payments,1829741,2010460357.0881667
manipur,2022,3,Recharge & bill payments,1379911,432182393.84038734
manipur,2022,3,Financial Services,4524,4671353.405444902
manipur,2022,3,Others,11300,6411090.828254536
manipur,2022,4,Peer-to-peer payments,3259645,13133729481.472115
manipur,2022,4,Merchant payments,1828984,2074698993.4220653
manipur,2022,4,Recharge & bill payments,1325391,406031254.0798015
manipur,2022,4,Financial Services,4691,5754919.963910458
manipur,2022,4,Others,9959,5742049.403589871
manipur,2023,1,Peer-to-peer payments,1703742,7281781083.0
manipur,2023,1,Merchant payments,933135,1083073192.0
manipur,2023,1,Recharge & bill payments,613398,214427498.0
manipur,2023,1,Financial Services,3529,3178295.0
manipur,2023,1,Others,4579,3104024.0
manipur,2023,2,Peer-to-peer payments,812842,3763543566.0
manipur,2023,2,Merchant payments,499534,569980400.0
manipur,2023,2,Recharge & bill payments,290239,127777535.0
manipur,2023,2,Financial Services,1849,1430976.0
manipur,2023,2,Others,1807,1144176.0
manipur,2023,3,Peer-to-peer payments,450548,3054677807.0
manipur,2023,3,Merchant payments,222132,418107590.0
manipur,2023,3,Recharge & bill payments,189582,131240898.0
manipur,2023,3,Financial Services,2290,3551704.0
manipur,2023,3,Others,926,708602.0
manipur,2023,4,Peer-to-peer payments,1098359,5690075337.0
manipur,2023,4,Merchant payments,638811,893960176.0
manipur,2023,4,Recharge & bill payments,368865,209606825.0
manipur,2023,4,Financial Services,4438,5093670.0
manipur,2023,4,Others,2727,1589290.0
manipur,2024,1,Peer-to-peer payments,1925478,7502533003.0
manipur,2024,1,Merchant payments,1303360,1446015880.0
manipur,2024,1,Recharge & bill payments,607751,282103846.0
manipur,2024,1,Financial Services,4717,9906854.0
manipur,2024,1,Others,4258,2413740.0
manipur,2024,2,Peer-to-peer payments,2518131,8860962120.0
manipur,2024,2,Merchant payments,1895872,1727175316.0
manipur,2024,2,Recharge & bill payments,640058,297356354.0
manipur,2024,2,Financial Services,5784,9375969.0
manipur,2024,2,Others,3479,3131034.0
manipur,2024,3,Peer-to-peer payments,2964825,9398509217.0
manipur,2024,3,Merchant payments,2085364,1932267978.0
manipur,2024,3,Recharge & bill payments,637582,324563249.0
manipur,2024,3,Financial Services,9458,12782236.0
manipur,2024,3,Others,2867,3394151.0
manipur,2024,4,Peer-to-peer payments,3016585,9734628510.0
manipur,2024,4,Merchant payments,2146946,1983154393.0
manipur,2024,4,Recharge & bill payments,562071,321860417.0
manipur,2024,4,Financial Services,22114,18353627.0
manipur,2024,4,Others,2707,3711609.0
meghalaya,2018,1,Recharge & bill payments,31857,6028476.149090356
meghalaya,2018,1,Peer-to-peer payments,13274,55943496.515886314
meghalaya,2018,1,Merchant payments,1605,2395888.4397623385
meghalaya,2018,1,Financial Services,532,144318.2545571151
meghalaya,2018,1,Others,2303,1738080.43060439
meghalaya,2018,2,Recharge & bill payments,42625,9657896.164724296
meghalaya,2018,2,Peer-to-peer payments,19894,101140464.66239843
meghalaya,2018,2,Merchant payments,2929,3663446.436220131
meghalaya,2018,2,Financial Services,592,580648.3434132106
meghalaya,2018,2,Others,1817,1962212.2350756058
meghalaya,2018,3,Recharge & bill payments,60625,14231601.453371253
meghalaya,2018,3,Peer-to-peer payments,40832,187460582.05754715
meghalaya,2018,3,Merchant payments,5802,5458930.689379572
meghalaya,2018,3,Financial Services,748,552674.5783359876
meghalaya,2018,3,Others,2283,2149872.755760235
meghalaya,2018,4,Recharge & bill payments,82962,18100891.637344178
meghalaya,2018,4,Peer-to-peer payments,58952,301941442.7059927
meghalaya,2018,4,Merchant payments,15768,14434314.193342488
meghalaya,2018,4,Financial Services,763,190875.18848979956
meghalaya,2018,4,Others,2687,2918155.2795046642
meghalaya,2019,1,Recharge & bill payments,98817,23006751.795504905
meghalaya,2019,1,Peer-to-peer payments,90694,358932132.1046898
meghalaya,2019,1,Merchant payments,16073,14297275.230527855
meghalaya,2019,1,Financial Services,659,62335.064750311045
meghalaya,2019,1,Others,2498,2738667.957962149
meghalaya,2019,2,Recharge & bill payments,108812,27248605.429233357
meghalaya,2019,2,Peer-to-peer payments,97407,446537199.17356837
meghalaya,2019,2,Merchant payments,22588,15600927.006629137
meghalaya,2019,2,Financial Services,460,106800.75308155928
meghalaya,2019,2,Others,3019,3437756.744766518
meghalaya,2019,3,Recharge & bill payments,155949,38916251.42165714
meghalaya,2019,3,Peer-to-peer payments,116168,546221812.6889315
meghalaya,2019,3,Merchant payments,31201,23461321.889810227
meghalaya,2019,3,Financial Services,421,584192.9488108774
meghalaya,2019,3,Others,2811,3035023.204323471
meghalaya,2019,4,Recharge & bill payments,175084,43611775.02621875
meghalaya,2019,4,Peer-to-peer payments,163734,670870023.4297696
meghalaya,2019,4,Merchant payments,24430,25344714.50557894
meghalaya,2019,4,Financial Services,382,124511.63613216748
meghalaya,2019,4,Others,2351,2485447.192519395
meghalaya,2020,1,Recharge & bill payments,226214,59666071.21530793
meghalaya,2020,1,Peer-to-peer payments,216022,1013733312.3935763
meghalaya,2020,1,Merchant payments,57245,44125206.34755945
meghalaya,2020,1,Financial Services,473,402779.89033132966
meghalaya,2020,1,Others,2329,2207471.061039081
meghalaya,2020,2,Recharge & bill payments,382662,100570200.25271696
meghalaya,2020,2,Peer-to-peer payments,202270,998750895.9111593
meghalaya,2020,2,Merchant payments,46014,48980521.41595118
meghalaya,2020,2,Financial Services,1186,2944583.114737345
meghalaya,2020,2,Others,3263,2488953.643832149
meghalaya,2020,3,Recharge & bill payments,342484,97662913.13408674
meghalaya,2020,3,Peer-to-peer payments,194448,1065012681.7126106
meghalaya,2020,3,Merchant payments,55595,67511647.1349487
meghalaya,2020,3,Financial Services,1587,4049966.8133478058
meghalaya,2020,3,Others,3465,2821792.5880408054
meghalaya,2020,4,Recharge & bill payments,350006,102794647.7641504
meghalaya,2020,4,Peer-to-peer payments,286252,1579858348.0670543
meghalaya,2020,4,Merchant payments,111471,115136797.58942303
meghalaya,2020,4,Financial Services,1809,2774557.112070617
meghalaya,2020,4,Others,4470,3678221.666272167
meghalaya,2021,1,Peer-to-peer payments,326993,1794745857.3188953
meghalaya,2021,1,Recharge & bill payments,306634,106098525.65614726
meghalaya,2021,1,Merchant payments,108805,147747773.01896822
meghalaya,2021,1,Financial Services,1777,3981898.0457751974
meghalaya,2021,1,Others,3437,2941223.950049905
meghalaya,2021,2,Recharge & bill payments,389959,129031455.7077258
meghalaya,2021,2,Peer-to-peer payments,366411,1885041503.7970467
meghalaya,2021,2,Merchant payments,147406,173894963.00439677
meghalaya,2021,2,Financial Services,1766,2306496.854595862
meghalaya,2021,2,Others,4052,3342835.5268340455
meghalaya,2021,3,Peer-to-peer payments,473274,2348008593.21644
meghalaya,2021,3,Recharge & bill payments,418429,144363692.75220004
meghalaya,2021,3,Merchant payments,199427,270311210.8907223
meghalaya,2021,3,Financial Services,1556,2379067.1150075165
meghalaya,2021,3,Others,5045,3937887.553600684
meghalaya,2021,4,Peer-to-peer payments,669693,3233210261.728197
meghalaya,2021,4,Recharge & bill payments,447310,165277548.45940137
meghalaya,2021,4,Merchant payments,314445,442464385.0377933
meghalaya,2021,4,Financial Services,1989,2464327.9242311358
meghalaya,2021,4,Others,6756,5348877.036531466
meghalaya,2022,1,Peer-to-peer payments,801009,3899172008.7001157
meghalaya,2022,1,Recharge & bill payments,459530,192026788.60457045
meghalaya,2022,1,Merchant payments,405859,563004043.9315958
meghalaya,2022,1,Financial Services,2134,3019251.8598936894
meghalaya,2022,1,Others,6218,5116238.235718384
meghalaya,2022,2,Peer-to-peer payments,977816,4359000096.157877
meghalaya,2022,2,Merchant payments,591364,714995836.5962032
meghalaya,2022,2,Recharge & bill payments,467745,200896879.69103926
meghalaya,2022,2,Financial Services,1880,2406087.095158501
meghalaya,2022,2,Others,5844,4192522.344518611
meghalaya,2022,3,Peer-to-peer payments,2050942,7796315453.507147
meghalaya,2022,3,Merchant payments,1486098,1468318733.1353962
meghalaya,2022,3,Recharge & bill payments,810017,330230375.9276109
meghalaya,2022,3,Financial Services,3504,3106775.3857113793
meghalaya,2022,3,Others,8604,5329459.165683068
meghalaya,2022,4,Peer-to-peer payments,1901671,7328913724.3339405
meghalaya,2022,4,Merchant payments,1334431,1381013596.832624
meghalaya,2022,4,Recharge & bill payments,685678,278377945.43169147
meghalaya,2022,4,Financial Services,3544,3564357.119764914
meghalaya,2022,4,Others,7124,4671532.630633753
meghalaya,2023,1,Peer-to-peer payments,2111009,8309060918.0
meghalaya,2023,1,Merchant payments,1232691,1407372935.0
meghalaya,2023,1,Recharge & bill payments,810151,358800191.0
meghalaya,2023,1,Financial Services,3991,4692287.0
meghalaya,2023,1,Others,6863,4914284.0
meghalaya,2023,2,Peer-to-peer payments,2509275,8997569260.0
meghalaya,2023,2,Merchant payments,1701913,1698962028.0
meghalaya,2023,2,Recharge & bill payments,855108,378639410.0
meghalaya,2023,2,Financial Services,4075,4633858.0
meghalaya,2023,2,Others,6841,4701930.0
meghalaya,2023,3,Peer-to-peer payments,2926582,9081363888.0
meghalaya,2023,3,Merchant payments,2199365,1940467487.0
meghalaya,2023,3,Recharge & bill payments,893594,376288929.0
meghalaya,2023,3,Financial Services,4709,4394372.0
meghalaya,2023,3,Others,5592,4118404.0
meghalaya,2023,4,Peer-to-peer payments,3588204,11051189244.0
meghalaya,2023,4,Merchant payments,2747430,2399606416.0
meghalaya,2023,4,Recharge & bill payments,919773,412031812.0
meghalaya,2023,4,Financial Services,6221,6157396.0
meghalaya,2023,4,Others,6756,4073824.0
meghalaya,2024,1,Peer-to-peer payments,4141676,12376963890.0
meghalaya,2024,1,Merchant payments,3366756,2796689522.0
meghalaya,2024,1,Recharge & bill payments,1011922,444032559.0
meghalaya,2024,1,Financial Services,5705,8055532.0
meghalaya,2024,1,Others,5203,3563155.0
meghalaya,2024,2,Merchant payments,5265188,3372146485.0
meghalaya,2024,2,Peer-to-peer payments,4738246,12947440379.0
meghalaya,2024,2,Recharge & bill payments,1072381,456611422.0
meghalaya,2024,2,Financial Services,8054,15137347.0
meghalaya,2024,2,Others,5792,3278461.0
meghalaya,2024,3,Merchant payments,5874164,3573771290.0
meghalaya,2024,3,Peer-to-peer payments,5135057,12225400151.0
meghalaya,2024,3,Recharge & bill payments,1087757,477853823.0
meghalaya,2024,3,Financial Services,7750,12735329.0
meghalaya,2024,3,Others,5396,3196103.0
meghalaya,2024,4,Merchant payments,6927970,4244760218.0
meghalaya,2024,4,Peer-to-peer payments,6120409,14921918261.0
meghalaya,2024,4,Recharge & bill payments,1089357,489888652.0
meghalaya,2024,4,Financial Services,23838,13969159.0
meghalaya,2024,4,Others,4806,4391143.0
mizoram,2018,1,Recharge & bill payments,10155,2199565.258913744
mizoram,2018,1,Peer-to-peer payments,6845,41186717.278001666
mizoram,2018,1,Merchant payments,616,1066002.1670622267
mizoram,2018,1,Financial Services,260,65022.49896840689
mizoram,2018,1,Others,685,709912.772844791
mizoram,2018,2,Recharge & bill payments,13550,3107406.501616686
mizoram,2018,2,Peer-to-peer payments,11427,77040044.25291511
mizoram,2018,2,Merchant payments,1310,2368711.975892641
mizoram,2018,2,Financial Services,167,60939.77304627103
mizoram,2018,2,Others,597,931303.0542636234
mizoram,2018,3,Peer-to-peer payments,18564,108783543.9098094
mizoram,2018,3,Recharge & bill payments,17610,4050433.5962071815
mizoram,2018,3,Merchant payments,2310,2952533.8004545765
mizoram,2018,3,Financial Services,240,43891.23943201654
mizoram,2018,3,Others,592,770335.5794872268
mizoram,2018,4,Peer-to-peer payments,26212,177049162.13058332
mizoram,2018,4,Recharge & bill payments,24533,5523702.976434887
mizoram,2018,4,Merchant payments,3699,6911586.608122997
mizoram,2018,4,Financial Services,145,35654.18337878893
mizoram,2018,4,Others,653,906746.6310095722
mizoram,2019,1,Peer-to-peer payments,35126,204183867.4116538
mizoram,2019,1,Recharge & bill payments,30327,6760113.704148788
mizoram,2019,1,Merchant payments,3984,6470456.031897823
mizoram,2019,1,Financial Services,133,33512.39606736117
mizoram,2019,1,Others,736,712945.8536347556
mizoram,2019,2,Peer-to-peer payments,37364,233471780.00357005
mizoram,2019,2,Recharge & bill payments,31903,7823562.397702506
mizoram,2019,2,Merchant payments,5646,5889316.861228463
mizoram,2019,2,Financial Services,80,14455.380988399309
mizoram,2019,2,Others,678,817593.4915248882
mizoram,2019,3,Recharge & bill payments,49073,12966806.696277115
mizoram,2019,3,Peer-to-peer payments,42645,257538220.22775066
mizoram,2019,3,Merchant payments,5560,7397529.021326996
mizoram,2019,3,Financial Services,94,72985.31151294889
mizoram,2019,3,Others,722,818358.6944744462
mizoram,2019,4,Recharge & bill payments,60511,16857122.3073061
mizoram,2019,4,Peer-to-peer payments,57109,341664291.4936854
mizoram,2019,4,Merchant payments,6939,9451111.139352825
mizoram,2019,4,Financial Services,100,20966.3333050078
mizoram,2019,4,Others,580,695859.360839114
mizoram,2020,1,Recharge & bill payments,85067,24356294.58523286
mizoram,2020,1,Peer-to-peer payments,57916,356260523.23262954
mizoram,2020,1,Merchant payments,9961,10404414.592504771
mizoram,2020,1,Financial Services,119,283854.3188381147
mizoram,2020,1,Others,546,772492.6204317764
mizoram,2020,2,Recharge & bill payments,127592,37504550.77732091
mizoram,2020,2,Peer-to-peer payments,60021,404110075.0863959
mizoram,2020,2,Merchant payments,10056,14627463.664270937
mizoram,2020,2,Financial Services,244,434960.2799078573
mizoram,2020,2,Others,549,516383.63442262856
mizoram,2020,3,Recharge & bill payments,132664,40941077.032856956
mizoram,2020,3,Peer-to-peer payments,99644,634560147.3506901
mizoram,2020,3,Merchant payments,20934,30693648.236451425
mizoram,2020,3,Financial Services,535,824864.513127287
mizoram,2020,3,Others,926,924438.3714747172
mizoram,2020,4,Peer-to-peer payments,141038,887252744.067668
mizoram,2020,4,Recharge & bill payments,140297,45386403.17281592
mizoram,2020,4,Merchant payments,39676,52094800.565094605
mizoram,2020,4,Financial Services,607,855201.5881157237
mizoram,2020,4,Others,989,932966.3002634952
mizoram,2021,1,Peer-to-peer payments,156386,982955112.1892779
mizoram,2021,1,Recharge & bill payments,128055,45558278.22323953
mizoram,2021,1,Merchant payments,43511,70289687.94622748
mizoram,2021,1,Financial Services,648,1330632.9787811027
mizoram,2021,1,Others,975,971875.6084117102
mizoram,2021,2,Peer-to-peer payments,173064,995581952.903405
mizoram,2021,2,Recharge & bill payments,161763,56059844.239659324
mizoram,2021,2,Merchant payments,57877,69528721.40156102
mizoram,2021,2,Financial Services,611,710657.5065644829
mizoram,2021,2,Others,1025,993297.250902934
mizoram,2021,3,Peer-to-peer payments,224873,1290523196.259221
mizoram,2021,3,Recharge & bill payments,177281,67493206.62394348
mizoram,2021,3,Merchant payments,74553,113697005.89820999
mizoram,2021,3,Financial Services,522,806905.9729422838
mizoram,2021,3,Others,1300,1228335.4576346257
mizoram,2021,4,Peer-to-peer payments,272209,1545255603.4119103
mizoram,2021,4,Recharge & bill payments,179405,67548806.84754582
mizoram,2021,4,Merchant payments,99265,154183940.72826496
mizoram,2021,4,Financial Services,695,2202285.707728365
mizoram,2021,4,Others,1755,1475104.827591939
mizoram,2022,1,Peer-to-peer payments,302740,1691281089.989316
mizoram,2022,1,Recharge & bill payments,190137,76541062.33691595
mizoram,2022,1,Merchant payments,109669,174157725.41469872
mizoram,2022,1,Financial Services,731,1657575.282816791
mizoram,2022,1,Others,1640,1521510.587498479
mizoram,2022,2,Peer-to-peer payments,332102,1739114390.3016624
mizoram,2022,2,Recharge & bill payments,172281,70775723.34635986
mizoram,2022,2,Merchant payments,137279,191484723.76839563
mizoram,2022,2,Financial Services,656,801633.2114598342
mizoram,2022,2,Others,1659,1010096.4810587188
mizoram,2022,3,Peer-to-peer payments,349715,1665955694.9848173
mizoram,2022,3,Recharge & bill payments,156874,68463689.80469275
mizoram,2022,3,Merchant payments,150320,209934220.28326848
mizoram,2022,3,Financial Services,802,880187.5512756812
mizoram,2022,3,Others,1327,1031819.4438998674
mizoram,2022,4,Peer-to-peer payments,378295,1750113148.3068104
mizoram,2022,4,Merchant payments,164389,222455759.17733783
mizoram,2022,4,Recharge & bill payments,148573,63477925.042983845
mizoram,2022,4,Financial Services,932,949850.198945797
mizoram,2022,4,Others,1585,914402.5369417528
mizoram,2023,1,Peer-to-peer payments,593994,2560331179.0
mizoram,2023,1,Recharge & bill payments,234313,98553348.0
mizoram,2023,1,Merchant payments,221560,293428579.0
mizoram,2023,1,Financial Services,1044,2065983.0
mizoram,2023,1,Others,1684,1243650.0
mizoram,2023,2,Peer-to-peer payments,673375,2715818146.0
mizoram,2023,2,Merchant payments,291229,369968035.0
mizoram,2023,2,Recharge & bill payments,241862,102587776.0
mizoram,2023,2,Financial Services,1144,2164348.0
mizoram,2023,2,Others,1320,1268271.0
mizoram,2023,3,Peer-to-peer payments,725656,2616686121.0
mizoram,2023,3,Merchant payments,343955,383487446.0
mizoram,2023,3,Recharge & bill payments,237526,100886209.0
mizoram,2023,3,Financial Services,1523,3916230.0
mizoram,2023,3,Others,1753,1154229.0
mizoram,2023,4,Peer-to-peer payments,809449,2937356157.0
mizoram,2023,4,Merchant payments,454911,486085794.0
mizoram,2023,4,Recharge & bill payments,233101,110530170.0
mizoram,2023,4,Financial Services,1693,6001935.0
mizoram,2023,4,Others,1574,866227.0
mizoram,2024,1,Peer-to-peer payments,852682,2946283349.0
mizoram,2024,1,Merchant payments,537550,568411807.0
mizoram,2024,1,Recharge & bill payments,233738,109792002.0
mizoram,2024,1,Financial Services,1756,4788439.0
mizoram,2024,1,Others,1290,821133.0
mizoram,2024,2,Peer-to-peer payments,952986,3009367498.0
mizoram,2024,2,Merchant payments,781094,672085704.0
mizoram,2024,2,Recharge & bill payments,236909,111528807.0
mizoram,2024,2,Financial Services,4940,4813762.0
mizoram,2024,2,Others,1150,681869.0
mizoram,2024,3,Peer-to-peer payments,1092211,3031557787.0
mizoram,2024,3,Merchant payments,992777,769225473.0
mizoram,2024,3,Recharge & bill payments,245546,116119620.0
mizoram,2024,3,Financial Services,28263,6165535.0
mizoram,2024,3,Others,1409,819816.0
mizoram,2024,4,Peer-to-peer payments,1220369,3439847971.0
mizoram,2024,4,Merchant payments,1199890,893916533.0
mizoram,2024,4,Recharge & bill payments,236274,120540465.0
mizoram,2024,4,Financial Services,44785,6012676.0
mizoram,2024,4,Others,1125,845277.0
nagaland,2018,1,Recharge & bill payments,28198,5361675.549623315
nagaland,2018,1,Peer-to-peer payments,11631,69830122.02063876
nagaland,2018,1,Merchant payments,822,1170667.4151649117
nagaland,2018,1,Financial Services,399,299016.7345620737
nagaland,2018,1,Others,1795,1344409.3661360394
nagaland,2018,2,Recharge & bill payments,41959,9139467.703980098
nagaland,2018,2,Peer-to-peer payments,20099,140193107.69683594
nagaland,2018,2,Merchant payments,1529,2293935.490835924
nagaland,2018,2,Financial Services,379,153458.5231626137
nagaland,2018,2,Others,1633,1545608.465487119
nagaland,2018,3,Recharge & bill payments,54885,12664922.724117381
nagaland,2018,3,Peer-to-peer payments,33930,223964723.15160483
nagaland,2018,3,Merchant payments,3518,3631042.2777308393
nagaland,2018,3,Financial Services,460,125171.61850935029
nagaland,2018,3,Others,1578,1406883.1646908007
nagaland,2018,4,Recharge & bill payments,72881,16615511.42043031
nagaland,2018,4,Peer-to-peer payments,53723,358926253.43094724
nagaland,2018,4,Merchant payments,10350,10500634.794542974
nagaland,2018,4,Financial Services,587,216127.40846239947
nagaland,2018,4,Others,1792,1754940.4912408509
nagaland,2019,1,Recharge & bill payments,87596,20020458.076388802
nagaland,2019,1,Peer-to-peer payments,71642,411855878.2498224
nagaland,2019,1,Merchant payments,7306,8187940.322092213
nagaland,2019,1,Financial Services,430,101072.89773317604
nagaland,2019,1,Others,1605,1776362.8662935253
nagaland,2019,2,Recharge & bill payments,92492,21350211.07781426
nagaland,2019,2,Peer-to-peer payments,81065,487705354.46570444
nagaland,2019,2,Merchant payments,12949,8990954.079767609
nagaland,2019,2,Financial Services,286,129758.00259777348
nagaland,2019,2,Others,1961,1890404.5326202572
nagaland,2019,3,Recharge & bill payments,145812,33293527.93210053
nagaland,2019,3,Peer-to-peer payments,100736,601803135.4703114
nagaland,2019,3,Merchant payments,13031,13381591.199777838
nagaland,2019,3,Financial Services,210,229319.84921986386
nagaland,2019,3,Others,2089,2248897.2620018576
nagaland,2019,4,Recharge & bill payments,172761,39720745.597670965
nagaland,2019,4,Peer-to-peer payments,128674,777298578.6127516
nagaland,2019,4,Merchant payments,13578,15460907.228900284
nagaland,2019,4,Financial Services,499,283291.7740842187
nagaland,2019,4,Others,1658,1773615.1353679793
nagaland,2020,1,Recharge & bill payments,221741,53662023.32016543
nagaland,2020,1,Peer-to-peer payments,135966,821508819.5893908
nagaland,2020,1,Merchant payments,18249,17663339.36989499
nagaland,2020,1,Financial Services,528,215066.78349539996
nagaland,2020,1,Others,1567,1730779.6714233835
nagaland,2020,2,Recharge & bill payments,328269,85264116.11779374
nagaland,2020,2,Peer-to-peer payments,166866,1025000209.9574311
nagaland,2020,2,Merchant payments,20004,25214703.910237495
nagaland,2020,2,Financial Services,860,989239.9671938312
nagaland,2020,2,Others,1567,1206234.3951445608
nagaland,2020,3,Recharge & bill payments,347494,91214897.18744522
nagaland,2020,3,Peer-to-peer payments,330638,1851638119.539822
nagaland,2020,3,Merchant payments,51912,62568884.13216571
nagaland,2020,3,Financial Services,2544,2136903.0242114514
nagaland,2020,3,Others,3731,2090339.2711506593
nagaland,2020,4,Peer-to-peer payments,417393,2563827858.0487146
nagaland,2020,4,Recharge & bill payments,335297,91929581.87730268
nagaland,2020,4,Merchant payments,90496,113115660.17405558
nagaland,2020,4,Financial Services,1068,1017278.309874404
nagaland,2020,4,Others,3571,3194492.1527384534
nagaland,2021,1,Peer-to-peer payments,477346,2841021698.4844904
nagaland,2021,1,Recharge & bill payments,376473,110095189.5931618
nagaland,2021,1,Merchant payments,116846,151202427.14605337
nagaland,2021,1,Financial Services,1511,1929643.694251965
nagaland,2021,1,Others,3721,3201525.695241506
nagaland,2021,2,Peer-to-peer payments,526966,2847731457.571479
nagaland,2021,2,Recharge & bill payments,453979,126962524.74536937
nagaland,2021,2,Merchant payments,144413,176831583.13676447
nagaland,2021,2,Financial Services,1624,1785915.6371230448
nagaland,2021,2,Others,3809,2982482.691132756
nagaland,2021,3,Peer-to-peer payments,667633,3536780176.7792263
nagaland,2021,3,Recharge & bill payments,474693,141172028.23897478
nagaland,2021,3,Merchant payments,208387,304493279.8158357
nagaland,2021,3,Financial Services,1437,1634878.888862805
nagaland,2021,3,Others,4642,3336484.2825483214
nagaland,2021,4,Peer-to-peer payments,819452,4335295237.9809065
nagaland,2021,4,Recharge & bill payments,492411,154359432.07659015
nagaland,2021,4,Merchant payments,311673,442578210.0882374
nagaland,2021,4,Financial Services,1790,2263055.5218537706
nagaland,2021,4,Others,6157,4587848.468888722
nagaland,2022,1,Peer-to-peer payments,963378,4798355631.574022
nagaland,2022,1,Recharge & bill payments,529038,175942440.62210858
nagaland,2022,1,Merchant payments,425336,563650239.9471383
nagaland,2022,1,Financial Services,2022,2503998.824974763
nagaland,2022,1,Others,6178,4499397.927512417
nagaland,2022,2,Peer-to-peer payments,1032542,4933041257.229492
nagaland,2022,2,Merchant payments,513456,640665988.1540827
nagaland,2022,2,Recharge & bill payments,479322,162238616.41478142
nagaland,2022,2,Financial Services,1547,1519503.219426635
nagaland,2022,2,Others,4462,2819984.0024981033
nagaland,2022,3,Peer-to-peer payments,990896,4568905305.863961
nagaland,2022,3,Merchant payments,467257,642368278.6360128
nagaland,2022,3,Recharge & bill payments,430854,148324294.67210707
nagaland,2022,3,Financial Services,1479,2345498.6025009975
nagaland,2022,3,Others,3627,2457117.2762476145
nagaland,2022,4,Peer-to-peer payments,1314122,5888068476.789
nagaland,2022,4,Merchant payments,647805,906834415.4525998
nagaland,2022,4,Recharge & bill payments,508230,170028535.796474
nagaland,2022,4,Financial Services,2104,1909585.0695077945
nagaland,2022,4,Others,3944,3125371.2064643847
nagaland,2023,1,Peer-to-peer payments,1499574,6682278926.0
nagaland,2023,1,Recharge & bill payments,594157,217058376.0
nagaland,2023,1,Merchant payments,586135,908765354.0
nagaland,2023,1,Financial Services,2116,3157626.0
nagaland,2023,1,Others,3588,3137572.0
nagaland,2023,2,Peer-to-peer payments,1617109,6785635810.0
nagaland,2023,2,Merchant payments,727260,1034147550.0
nagaland,2023,2,Recharge & bill payments,572760,197242689.0
nagaland,2023,2,Financial Services,2070,1698008.0
nagaland,2023,2,Others,2802,2675253.0
nagaland,2023,3,Peer-to-peer payments,1885439,7170452325.0
nagaland,2023,3,Merchant payments,941540,1233761672.0
nagaland,2023,3,Recharge & bill payments,589934,204490934.0
nagaland,2023,3,Financial Services,3255,5608850.0
nagaland,2023,3,Others,2163,1985892.0
nagaland,2023,4,Peer-to-peer payments,2108656,7951828073.0
nagaland,2023,4,Merchant payments,1114580,1506769625.0
nagaland,2023,4,Recharge & bill payments,569355,210015855.0
nagaland,2023,4,Financial Services,2722,4005037.0
nagaland,2023,4,Others,1866,1956832.0
nagaland,2024,1,Peer-to-peer payments,2252013,8080209969.0
nagaland,2024,1,Merchant payments,1406740,1731421124.0
nagaland,2024,1,Recharge & bill payments,595725,227556519.0
nagaland,2024,1,Financial Services,2602,3951600.0
nagaland,2024,1,Others,1844,1776096.0
nagaland,2024,2,Peer-to-peer payments,2655039,8746750126.0
nagaland,2024,2,Merchant payments,2310391,2028921372.0
nagaland,2024,2,Recharge & bill payments,626712,228501471.0
nagaland,2024,2,Financial Services,4449,6400726.0
nagaland,2024,2,Others,2109,2339401.0
nagaland,2024,3,Peer-to-peer payments,3226550,9580356158.0
nagaland,2024,3,Merchant payments,3070195,2427367862.0
nagaland,2024,3,Recharge & bill payments,675444,263008367.0
nagaland,2024,3,Financial Services,7303,8841059.0
nagaland,2024,3,Others,2143,1741722.0
nagaland,2024,4,Peer-to-peer payments,3650092,10820675194.0
nagaland,2024,4,Merchant payments,3599232,2864643406.0
nagaland,2024,4,Recharge & bill payments,653702,265920419.0
nagaland,2024,4,Financial Services,16507,6341057.0
nagaland,2024,4,Others,2019,1518600.0
odisha,2018,1,Recharge & bill payments,2874109,331254466.1508661
odisha,2018,1,Peer-to-peer payments,2305610,4033548999.1932316
odisha,2018,1,Financial Services,323352,58099674.94576137
odisha,2018,1,Merchant payments,129659,112301341.66618621
odisha,2018,1,Others,177091,92427728.93143727
odisha,2018,2,Peer-to-peer payments,3989202,7621288195.565702
odisha,2018,2,Recharge & bill payments,3307545,482823290.3527084
odisha,2018,2,Financial Services,472304,67829259.91787937
odisha,2018,2,Merchant payments,257628,213530873.3537121
odisha,2018,2,Others,131465,102838720.42969128
odisha,2018,3,Peer-to-peer payments,24472139,22029087498.562176
odisha,2018,3,Recharge & bill payments,3886392,605721781.5285043
odisha,2018,3,Financial Services,836547,97292154.49117658
odisha,2018,3,Merchant payments,729995,275532813.41930753
odisha,2018,3,Others,127082,86881527.58366849
odisha,2018,4,Peer-to-peer payments,12285028,21804268077.596016
odisha,2018,4,Recharge & bill payments,5142124,773017649.5916129
odisha,2018,4,Merchant payments,3061813,682181415.8729985
odisha,2018,4,Financial Services,495495,55534399.30905172
odisha,2018,4,Others,158338,114868029.19162312
odisha,2019,1,Peer-to-peer payments,24117274,33342321630.613514
odisha,2019,1,Recharge & bill payments,6713747,1120730273.3482153
odisha,2019,1,Merchant payments,2690762,821493664.580642
odisha,2019,1,Financial Services,375910,34542738.889085874
odisha,2019,1,Others,134249,108039623.26819064
odisha,2019,2,Peer-to-peer payments,16455353,41423292021.956635
odisha,2019,2,Recharge & bill payments,7845252,1506620072.6624596
odisha,2019,2,Merchant payments,4827067,1664621261.2600245
odisha,2019,2,Financial Services,202705,20424212.30787918
odisha,2019,2,Others,181647,139897303.4868461
odisha,2019,3,Peer-to-peer payments,18490877,51447586885.48035
odisha,2019,3,Merchant payments,13984738,3895753253.334454
odisha,2019,3,Recharge & bill payments,8565917,1806123698.4609375
odisha,2019,3,Financial Services,195034,31079934.758642014
odisha,2019,3,Others,185706,124033587.18883926
odisha,2019,4,Peer-to-peer payments,43284477,72966050937.29504
odisha,2019,4,Recharge & bill payments,10629461,2290841668.304525
odisha,2019,4,Merchant payments,10601703,4395710870.154251
odisha,2019,4,Financial Services,323887,38782542.04589868
odisha,2019,4,Others,156105,77987614.2508337
odisha,2020,1,Peer-to-peer payments,27110930,82863844732.4941
odisha,2020,1,Merchant payments,13269709,5738217250.062569
odisha,2020,1,Recharge & bill payments,13083524,3253609732.8992968
odisha,2020,1,Financial Services,84037,27641460.905009564
odisha,2020,1,Others,134107,73485022.97217913
odisha,2020,2,Peer-to-peer payments,24520938,80990080777.89252
odisha,2020,2,Recharge & bill payments,17040333,4551061364.34481
odisha,2020,2,Merchant payments,8313965,6092753944.948116
odisha,2020,2,Financial Services,66787,50322080.338512495
odisha,2020,2,Others,86553,48818444.57258892
odisha,2020,3,Peer-to-peer payments,34182172,107064668710.39911
odisha,2020,3,Recharge & bill payments,17126851,5015719823.514479
odisha,2020,3,Merchant payments,14519265,10242496366.436386
odisha,2020,3,Financial Services,90736,84971747.75755268
odisha,2020,3,Others,114805,56087156.18513397
odisha,2020,4,Peer-to-peer payments,47588728,153208735347.1269
odisha,2020,4,Merchant payments,27124765,19347472702.804092
odisha,2020,4,Recharge & bill payments,17318073,5532179002.002789
odisha,2020,4,Financial Services,106189,104419909.66526456
odisha,2020,4,Others,187195,109856053.01820508
odisha,2021,1,Peer-to-peer payments,54417515,181450436291.91052
odisha,2021,1,Merchant payments,38180718,25201936762.205833
odisha,2021,1,Recharge & bill payments,18633830,6552605937.545543
odisha,2021,1,Financial Services,87263,95064023.94844367
odisha,2021,1,Others,141032,97693172.7305285
odisha,2021,2,Peer-to-peer payments,66929109,208405882369.0544
odisha,2021,2,Merchant payments,39402607,29208847674.89984
odisha,2021,2,Recharge & bill payments,25183699,8024323050.14009
odisha,2021,2,Financial Services,102474,102761986.97553992
odisha,2021,2,Others,206448,122302396.20450994
odisha,2021,3,Peer-to-peer payments,85728576,251150860524.22568
odisha,2021,3,Merchant payments,64268830,43316348173.18004
odisha,2021,3,Recharge & bill payments,26943670,9025674783.404198
odisha,2021,3,Financial Services,97213,112383446.87807697
odisha,2021,3,Others,324385,175452005.353413
odisha,2021,4,Peer-to-peer payments,107560893,310704112799.8908
odisha,2021,4,Merchant payments,99512650,63383870318.30179
odisha,2021,4,Recharge & bill payments,26302130,10728834440.697895
odisha,2021,4,Financial Services,133004,147526652.49426866
odisha,2021,4,Others,416689,286705478.5345538
odisha,2022,1,Peer-to-peer payments,118999900,364447461107.48627
odisha,2022,1,Merchant payments,118108271,74302051597.7621
odisha,2022,1,Recharge & bill payments,26083549,12133153536.781809
odisha,2022,1,Financial Services,102802,118946014.37332995
odisha,2022,1,Others,338977,225699523.4203592
odisha,2022,2,Merchant payments,148544714,90369380298.62819
odisha,2022,2,Peer-to-peer payments,134717859,405793657448.2689
odisha,2022,2,Recharge & bill payments,29843263,13602640170.909237
odisha,2022,2,Financial Services,88649,95050158.46585183
odisha,2022,2,Others,257113,174284263.75509703
odisha,2022,3,Merchant payments,188143417,102889591517.77438
odisha,2022,3,Peer-to-peer payments,161912635,444439407187.0311
odisha,2022,3,Recharge & bill payments,36270166,16916650473.363901
odisha,2022,3,Financial Services,113961,114005498.98461477
odisha,2022,3,Others,247147,185902663.39600113
odisha,2022,4,Merchant payments,222167575,121470843740.33278
odisha,2022,4,Peer-to-peer payments,186438654,512124643103.06616
odisha,2022,4,Recharge & bill payments,36735289,18266150373.351486
odisha,2022,4,Financial Services,132033,149681749.30767313
odisha,2022,4,Others,241192,205745557.94232672
odisha,2023,1,Merchant payments,243616581,133278562001.0
odisha,2023,1,Peer-to-peer payments,198553747,595933691341.0
odisha,2023,1,Recharge & bill payments,40372356,24411906758.0
odisha,2023,1,Financial Services,127296,134484035.0
odisha,2023,1,Others,226108,210333528.0
odisha,2023,2,Merchant payments,282885225,147421475866.0
odisha,2023,2,Peer-to-peer payments,217285461,625263844732.0
odisha,2023,2,Recharge & bill payments,44095331,26269101096.0
odisha,2023,2,Financial Services,145204,188423267.0
odisha,2023,2,Others,186608,189209143.0
odisha,2023,3,Merchant payments,337194096,160182679944.0
odisha,2023,3,Peer-to-peer payments,239288791,651619933183.0
odisha,2023,3,Recharge & bill payments,45575270,28052828938.0
odisha,2023,3,Financial Services,174288,272020312.0
odisha,2023,3,Others,165158,170875747.0
odisha,2023,4,Merchant payments,401974050,192706056039.0
odisha,2023,4,Peer-to-peer payments,282995042,753723955251.0
odisha,2023,4,Recharge & bill payments,46794630,31909484745.0
odisha,2023,4,Financial Services,219343,295192794.0
odisha,2023,4,Others,154411,157176808.0
odisha,2024,1,Merchant payments,480958823,229723048656.0
odisha,2024,1,Peer-to-peer payments,327868990,890454993995.0
odisha,2024,1,Recharge & bill payments,54984697,35740864005.0
odisha,2024,1,Financial Services,206264,317440749.0
odisha,2024,1,Others,159678,152375131.0
odisha,2024,2,Merchant payments,543560945,246063468363.0
odisha,2024,2,Peer-to-peer payments,342157122,881670858128.0
odisha,2024,2,Recharge & bill payments,57872828,36472333691.0
odisha,2024,2,Financial Services,259583,475998990.0
odisha,2024,2,Others,177257,156624829.0
odisha,2024,3,Merchant payments,594398252,254047831665.0
odisha,2024,3,Peer-to-peer payments,372445745,884610057048.0
odisha,2024,3,Recharge & bill payments,56600977,37869373438.0
odisha,2024,3,Financial Services,306057,542793477.0
odisha,2024,3,Others,189318,163889006.0
odisha,2024,4,Merchant payments,666763461,286924145371.0
odisha,2024,4,Peer-to-peer payments,418408615,978893406606.0
odisha,2024,4,Recharge & bill payments,56768341,38925218377.0
odisha,2024,4,Financial Services,971394,536760198.0
odisha,2024,4,Others,185757,178062687.0
puducherry,2018,1,Recharge & bill payments,53125,9704752.648983236
puducherry,2018,1,Peer-to-peer payments,40303,147834476.16250613
puducherry,2018,1,Merchant payments,4163,4427034.0315394765
puducherry,2018,1,Financial Services,2086,565799.4553442572
puducherry,2018,1,Others,4535,3293909.0714630377
puducherry,2018,2,Recharge & bill payments,59867,14607336.895731753
puducherry,2018,2,Peer-to-peer payments,57751,261299695.1891191
puducherry,2018,2,Merchant payments,6904,6103101.528770715
puducherry,2018,2,Financial Services,2105,822585.95719087
puducherry,2018,2,Others,3634,2968399.9616244407
puducherry,2018,3,Peer-to-peer payments,101817,378368361.36171496
puducherry,2018,3,Recharge & bill payments,67909,19654338.114449568
puducherry,2018,3,Merchant payments,14384,16102024.2759922
puducherry,2018,3,Financial Services,1766,395306.6421075966
puducherry,2018,3,Others,4395,3138045.0999426576
puducherry,2018,4,Peer-to-peer payments,173170,569825171.3369759
puducherry,2018,4,Recharge & bill payments,95788,25159891.51570208
puducherry,2018,4,Merchant payments,29470,25999609.7587573
puducherry,2018,4,Financial Services,3490,689170.0726864681
puducherry,2018,4,Others,6046,4017822.739373042
puducherry,2019,1,Peer-to-peer payments,313822,835983054.254643
puducherry,2019,1,Recharge & bill payments,124092,32635247.523153085
puducherry,2019,1,Merchant payments,54518,33763704.68083725
puducherry,2019,1,Financial Services,3165,337570.322842385
puducherry,2019,1,Others,5495,3753447.525046112
puducherry,2019,2,Peer-to-peer payments,331248,1109343371.746654
puducherry,2019,2,Recharge & bill payments,147585,46876569.36325147
puducherry,2019,2,Merchant payments,92941,49963601.61554676
puducherry,2019,2,Financial Services,1524,469351.5481967761
puducherry,2019,2,Others,6779,4794015.854158426
puducherry,2019,3,Peer-to-peer payments,394866,1316118199.672093
puducherry,2019,3,Recharge & bill payments,158483,57003044.29549825
puducherry,2019,3,Merchant payments,156137,82601335.47825414
puducherry,2019,3,Financial Services,1090,528680.8975952889
puducherry,2019,3,Others,6250,4457097.111970215
puducherry,2019,4,Peer-to-peer payments,559670,1725523873.442102
puducherry,2019,4,Merchant payments,249621,128039884.38667427
puducherry,2019,4,Recharge & bill payments,195707,74383571.67593375
puducherry,2019,4,Financial Services,1481,391196.1284481905
puducherry,2019,4,Others,6176,3689792.245744483
puducherry,2020,1,Peer-to-peer payments,600290,1919499665.8834748
puducherry,2020,1,Merchant payments,349788,184925417.68654612
puducherry,2020,1,Recharge & bill payments,251115,96515615.43520354
puducherry,2020,1,Financial Services,1527,858236.5498234634
puducherry,2020,1,Others,5201,3478541.524535387
puducherry,2020,2,Peer-to-peer payments,468789,1680190117.5830743
puducherry,2020,2,Recharge & bill payments,310746,115223074.03158064
puducherry,2020,2,Merchant payments,249951,160931601.28167117
puducherry,2020,2,Financial Services,1555,2339469.003658029
puducherry,2020,2,Others,2342,1346718.5876069884
puducherry,2020,3,Peer-to-peer payments,855511,3116583524.6597652
puducherry,2020,3,Merchant payments,560420,335583369.656126
puducherry,2020,3,Recharge & bill payments,306852,138925436.52727452
puducherry,2020,3,Financial Services,3039,4788490.3633705
puducherry,2020,3,Others,5080,2199408.2280669413
puducherry,2020,4,Peer-to-peer payments,1211359,4090057482.9812045
puducherry,2020,4,Merchant payments,1108292,647985607.5763036
puducherry,2020,4,Recharge & bill payments,383707,184037245.74375987
puducherry,2020,4,Financial Services,3783,3888988.236763457
puducherry,2020,4,Others,8862,4556893.133174548
puducherry,2021,1,Peer-to-peer payments,1406958,4798646712.501943
puducherry,2021,1,Merchant payments,1385444,857787315.6292762
puducherry,2021,1,Recharge & bill payments,504499,231829246.92353857
puducherry,2021,1,Financial Services,5073,5953397.434996936
puducherry,2021,1,Others,7458,5092899.253895952
puducherry,2021,2,Peer-to-peer payments,1581221,5266478797.142263
puducherry,2021,2,Merchant payments,1437110,932602617.3169692
puducherry,2021,2,Recharge & bill payments,719252,289799593.1571478
puducherry,2021,2,Financial Services,4851,4980243.907969391
puducherry,2021,2,Others,8953,4973445.019544071
puducherry,2021,3,Merchant payments,2273996,1443176801.0606492
puducherry,2021,3,Peer-to-peer payments,2089199,6918396493.778431
puducherry,2021,3,Recharge & bill payments,741388,356068931.7441095
puducherry,2021,3,Financial Services,4733,5523949.081350253
puducherry,2021,3,Others,12410,6808255.349929206
puducherry,2021,4,Merchant payments,3052713,1864951565.928207
puducherry,2021,4,Peer-to-peer payments,2530821,8113722339.447034
puducherry,2021,4,Recharge & bill payments,762641,428453211.3120815
puducherry,2021,4,Financial Services,5995,7655925.10855468
puducherry,2021,4,Others,16640,8868759.43463589
puducherry,2022,1,Merchant payments,3723135,2199614586.4039083
puducherry,2022,1,Peer-to-peer payments,2901199,9407577501.769796
puducherry,2022,1,Recharge & bill payments,715338,460522863.7855054
puducherry,2022,1,Financial Services,6203,8184455.912082582
puducherry,2022,1,Others,13301,7575497.515363299
puducherry,2022,2,Merchant payments,4613049,2693234774.5574756
puducherry,2022,2,Peer-to-peer payments,3242208,10537267921.61604
puducherry,2022,2,Recharge & bill payments,773154,535604974.57621765
puducherry,2022,2,Financial Services,4914,6556452.522381971
puducherry,2022,2,Others,10362,6081132.496780836
puducherry,2022,3,Merchant payments,3992974,2322908508.7835197
puducherry,2022,3,Peer-to-peer payments,2474932,8058325855.623236
puducherry,2022,3,Recharge & bill payments,564285,463054690.5826355
puducherry,2022,3,Financial Services,4621,5514275.578545391
puducherry,2022,3,Others,5915,4514380.573011656
puducherry,2022,4,Merchant payments,4464977,2534351530.8368397
puducherry,2022,4,Peer-to-peer payments,2547018,8141612224.034059
puducherry,2022,4,Recharge & bill payments,531963,453692483.7752487
puducherry,2022,4,Financial Services,6073,7875178.045195433
puducherry,2022,4,Others,6096,4673460.483150147
puducherry,2023,1,Merchant payments,6210806,3316530650.0
puducherry,2023,1,Peer-to-peer payments,3253673,10233359658.0
puducherry,2023,1,Recharge & bill payments,665403,659444437.0
puducherry,2023,1,Financial Services,6899,7467930.0
puducherry,2023,1,Others,7514,5585831.0
puducherry,2023,2,Merchant payments,6947299,3741027689.0
puducherry,2023,2,Peer-to-peer payments,3454536,10911578720.0
puducherry,2023,2,Recharge & bill payments,716315,721293051.0
puducherry,2023,2,Financial Services,5894,7597615.0
puducherry,2023,2,Others,6282,5236182.0
puducherry,2023,3,Merchant payments,7931739,4179109351.0
puducherry,2023,3,Peer-to-peer payments,3700961,11504274941.0
puducherry,2023,3,Recharge & bill payments,733610,749217503.0
puducherry,2023,3,Financial Services,7290,7192768.0
puducherry,2023,3,Others,6041,4697276.0
puducherry,2023,4,Merchant payments,8375075,4370563512.0
puducherry,2023,4,Peer-to-peer payments,3860142,11819316619.0
puducherry,2023,4,Recharge & bill payments,737154,820859102.0
puducherry,2023,4,Financial Services,7952,9479756.0
puducherry,2023,4,Others,5840,4291561.0
puducherry,2024,1,Merchant payments,8721907,4329956028.0
puducherry,2024,1,Peer-to-peer payments,3970891,12177414629.0
puducherry,2024,1,Recharge & bill payments,740529,864726690.0
puducherry,2024,1,Financial Services,8561,10368835.0
puducherry,2024,1,Others,5062,4015795.0
puducherry,2024,2,Merchant payments,9644255,4716626511.0
puducherry,2024,2,Peer-to-peer payments,4156839,12651154981.0
puducherry,2024,2,Recharge & bill payments,749291,855888787.0
puducherry,2024,2,Financial Services,8978,12912682.0
puducherry,2024,2,Others,5532,5426775.0
puducherry,2024,3,Merchant payments,10635002,5125352228.0
puducherry,2024,3,Peer-to-peer payments,4591074,13471904720.0
puducherry,2024,3,Recharge & bill payments,768057,915335917.0
puducherry,2024,3,Financial Services,9013,16592842.0
puducherry,2024,3,Others,5565,5818689.0
puducherry,2024,4,Merchant payments,11056472,5370645087.0
puducherry,2024,4,Peer-to-peer payments,4714040,13672653365.0
puducherry,2024,4,Recharge & bill payments,750373,899779153.0
puducherry,2024,4,Financial Services,33413,17161928.0
puducherry,2024,4,Others,5379,5153014.0
punjab,2018,1,Recharge & bill payments,946338,196018621.35851485
punjab,2018,1,Peer-to-peer payments,690684,2412434633.5413933
punjab,2018,1,Merchant payments,87477,83873893.96204324
punjab,2018,1,Financial Services,60688,11162488.423236402
punjab,2018,1,Others,85246,77268587.56920797
punjab,2018,2,Recharge & bill payments,1262450,395417027.849745
punjab,2018,2,Peer-to-peer payments,1017159,4036457553.7177477
punjab,2018,2,Merchant payments,147667,159406610.2632674
punjab,2018,2,Financial Services,82256,17719391.411258094
punjab,2018,2,Others,71631,75671628.7650177
punjab,2018,3,Peer-to-peer payments,1684209,6173898400.559117
punjab,2018,3,Recharge & bill payments,1381730,622737633.7524918
punjab,2018,3,Merchant payments,274458,194883994.57571086
punjab,2018,3,Financial Services,54285,9429174.53468925
punjab,2018,3,Others,67426,64737840.39918464
punjab,2018,4,Peer-to-peer payments,2269375,9404088424.489891
punjab,2018,4,Recharge & bill payments,1817964,825449591.241031
punjab,2018,4,Merchant payments,648096,455091549.5918779
punjab,2018,4,Financial Services,62453,11832962.875482317
punjab,2018,4,Others,89249,85520045.45150709
punjab,2019,1,Peer-to-peer payments,4026294,12027441595.712797
punjab,2019,1,Recharge & bill payments,2304690,986004867.8072444
punjab,2019,1,Merchant payments,711152,478382600.617519
punjab,2019,1,Financial Services,45621,6871295.954710579
punjab,2019,1,Others,84380,75789641.76089522
punjab,2019,2,Peer-to-peer payments,4140474,16258891447.321405
punjab,2019,2,Recharge & bill payments,2815047,1440058991.4565237
punjab,2019,2,Merchant payments,1407963,815090878.0150015
punjab,2019,2,Financial Services,37435,6876144.454559349
punjab,2019,2,Others,108911,93875933.52482703
punjab,2019,3,Peer-to-peer payments,4726946,19146726286.636036
punjab,2019,3,Recharge & bill payments,3455594,2481094964.9170833
punjab,2019,3,Merchant payments,2374014,1183743251.2734203
punjab,2019,3,Financial Services,32359,7912219.734296376
punjab,2019,3,Others,117899,86338883.28250344
punjab,2019,4,Peer-to-peer payments,6386367,25564144629.75061
punjab,2019,4,Recharge & bill payments,4068332,2622222199.1884565
punjab,2019,4,Merchant payments,3122413,1741259163.3677325
punjab,2019,4,Financial Services,22956,6382345.429778575
punjab,2019,4,Others,98557,55793908.45587015
punjab,2020,1,Peer-to-peer payments,6339183,26350005915.230072
punjab,2020,1,Recharge & bill payments,4935115,2767419472.6505165
punjab,2020,1,Merchant payments,3838480,2196329615.3949203
punjab,2020,1,Financial Services,17924,10987850.955996178
punjab,2020,1,Others,87082,49442411.668161854
punjab,2020,2,Recharge & bill payments,6064807,3089758241.1281967
punjab,2020,2,Peer-to-peer payments,5639212,25074384847.498463
punjab,2020,2,Merchant payments,2290868,2058898904.3613408
punjab,2020,2,Financial Services,23314,23704957.876037344
punjab,2020,2,Others,63093,37907301.34960769
punjab,2020,3,Peer-to-peer payments,7354451,32477438924.476498
punjab,2020,3,Recharge & bill payments,5478668,4066750820.6407743
punjab,2020,3,Merchant payments,4261548,3490665357.291087
punjab,2020,3,Financial Services,32390,42060249.32847581
punjab,2020,3,Others,82516,46176796.076553434
punjab,2020,4,Peer-to-peer payments,9609405,43286909256.83391
punjab,2020,4,Merchant payments,7144295,6142380827.109474
punjab,2020,4,Recharge & bill payments,6072201,4201551869.9511185
punjab,2020,4,Financial Services,38820,51677182.316327386
punjab,2020,4,Others,133204,92887343.34418696
punjab,2021,1,Peer-to-peer payments,10951083,46908632143.31532
punjab,2021,1,Merchant payments,9333364,7651004598.907397
punjab,2021,1,Recharge & bill payments,6332928,3980874403.2760215
punjab,2021,1,Financial Services,43094,52009482.41407214
punjab,2021,1,Others,110366,98366463.19387978
punjab,2021,2,Peer-to-peer payments,13180933,55282486111.30394
punjab,2021,2,Merchant payments,11225598,9710508482.436422
punjab,2021,2,Recharge & bill payments,7591039,4370756868.518326
punjab,2021,2,Financial Services,46218,53309051.06501615
punjab,2021,2,Others,127460,113998049.29147904
punjab,2021,3,Peer-to-peer payments,17024782,66149902036.358826
punjab,2021,3,Merchant payments,16837685,14103740968.543571
punjab,2021,3,Recharge & bill payments,8465739,5540272095.274853
punjab,2021,3,Financial Services,43789,63576666.590925634
punjab,2021,3,Others,161494,135069073.84402025
punjab,2021,4,Merchant payments,22669743,20753662875.546524
punjab,2021,4,Peer-to-peer payments,20663881,83611403637.31992
punjab,2021,4,Recharge & bill payments,8765579,6107473171.935022
punjab,2021,4,Financial Services,58581,86356456.60324252
punjab,2021,4,Others,201576,151230100.5948589
punjab,2022,1,Merchant payments,25979197,23217511696.823074
punjab,2022,1,Peer-to-peer payments,22354946,88645204328.52362
punjab,2022,1,Recharge & bill payments,9188439,6317909908.645241
punjab,2022,1,Financial Services,57561,83933665.00820544
punjab,2022,1,Others,178159,125418506.96271203
punjab,2022,2,Merchant payments,35941880,28585688543.687046
punjab,2022,2,Peer-to-peer payments,25952349,100938068541.26062
punjab,2022,2,Recharge & bill payments,10161030,7652499714.013335
punjab,2022,2,Financial Services,50483,57234782.46271807
punjab,2022,2,Others,167081,111934787.80332904
punjab,2022,3,Merchant payments,43089589,32370885165.312702
punjab,2022,3,Peer-to-peer payments,29862592,107653378074.87231
punjab,2022,3,Recharge & bill payments,11017816,9119649328.792372
punjab,2022,3,Financial Services,57979,68249938.53956848
punjab,2022,3,Others,149921,107280498.83777893
punjab,2022,4,Merchant payments,48358802,38162493193.40967
punjab,2022,4,Peer-to-peer payments,32377106,120512767954.99376
punjab,2022,4,Recharge & bill payments,10895208,9248445985.684328
punjab,2022,4,Financial Services,62809,72160390.22791913
punjab,2022,4,Others,141255,111559653.62333827
punjab,2023,1,Merchant payments,50683710,37462999833.0
punjab,2023,1,Peer-to-peer payments,33701280,126365345151.0
punjab,2023,1,Recharge & bill payments,12305439,11478972029.0
punjab,2023,1,Financial Services,70521,79209681.0
punjab,2023,1,Others,149871,122150166.0
punjab,2023,2,Merchant payments,64565961,41553118124.0
punjab,2023,2,Peer-to-peer payments,39301140,140243650141.0
punjab,2023,2,Recharge & bill payments,13207924,12183745216.0
punjab,2023,2,Financial Services,76961,95312222.0
punjab,2023,2,Others,138303,105749751.0
punjab,2023,3,Merchant payments,74881815,46565196649.0
punjab,2023,3,Peer-to-peer payments,43379354,145286422875.0
punjab,2023,3,Recharge & bill payments,13684178,13149660821.0
punjab,2023,3,Financial Services,92473,129392229.0
punjab,2023,3,Others,123361,94910163.0
punjab,2023,4,Merchant payments,81248644,54620603519.0
punjab,2023,4,Peer-to-peer payments,47365190,161825075689.0
punjab,2023,4,Recharge & bill payments,13392115,14445536415.0
punjab,2023,4,Financial Services,102014,156978606.0
punjab,2023,4,Others,121032,91267936.0
punjab,2024,1,Merchant payments,82004146,54424588041.0
punjab,2024,1,Peer-to-peer payments,46824100,154223751669.0
punjab,2024,1,Recharge & bill payments,13489430,14372835813.0
punjab,2024,1,Financial Services,99631,178070057.0
punjab,2024,1,Others,119872,104174742.0
punjab,2024,2,Merchant payments,104440898,62100642546.0
punjab,2024,2,Peer-to-peer payments,53315081,167465027818.0
punjab,2024,2,Recharge & bill payments,13930343,14507273633.0
punjab,2024,2,Financial Services,118746,207422928.0
punjab,2024,2,Others,141069,154670059.0
punjab,2024,3,Merchant payments,114061023,66317076283.0
punjab,2024,3,Peer-to-peer payments,58974111,173913771523.0
punjab,2024,3,Recharge & bill payments,14254453,15458601083.0
punjab,2024,3,Financial Services,146791,259188448.0
punjab,2024,3,Others,118342,167519192.0
punjab,2024,4,Merchant payments,120801535,76355607365.0
punjab,2024,4,Peer-to-peer payments,64087805,197067021486.0
punjab,2024,4,Recharge & bill payments,14140889,15295409347.0
punjab,2024,4,Financial Services,367578,224863465.0
punjab,2024,4,Others,111413,182750369.0
rajasthan,2018,1,Recharge & bill payments,4305940,868358581.1737025
rajasthan,2018,1,Peer-to-peer payments,2540658,7547652852.662634
rajasthan,2018,1,Financial Services,202537,37125466.49571308
rajasthan,2018,1,Merchant payments,184127,201212697.26059398
rajasthan,2018,1,Others,358428,271943533.1341365
rajasthan,2018,2,Recharge & bill payments,5288093,1511007056.105427
rajasthan,2018,2,Peer-to-peer payments,3770555,13341587602.422176
rajasthan,2018,2,Merchant payments,345752,342809667.5935513
rajasthan,2018,2,Financial Services,279471,52145152.93902289
rajasthan,2018,2,Others,289826,311536696.6979239
rajasthan,2018,3,Peer-to-peer payments,7120792,21010614922.14291
rajasthan,2018,3,Recharge & bill payments,5894660,2252031409.939968
rajasthan,2018,3,Merchant payments,711240,445504998.0014268
rajasthan,2018,3,Financial Services,230083,30185982.18078412
rajasthan,2018,3,Others,300323,302431358.9473551
rajasthan,2018,4,Peer-to-peer payments,10752729,33578327037.682457
rajasthan,2018,4,Recharge & bill payments,7557003,2743591538.8320713
rajasthan,2018,4,Merchant payments,1985927,1172254323.9731452
rajasthan,2018,4,Financial Services,311632,40412563.014562674
rajasthan,2018,4,Others,352432,374501619.8364362
rajasthan,2019,1,Peer-to-peer payments,27621606,55246071722.22856
rajasthan,2019,1,Recharge & bill payments,11650961,3821181816.6204696
rajasthan,2019,1,Merchant payments,3921438,1664209334.5681162
rajasthan,2019,1,Financial Services,359993,36340412.57538466
rajasthan,2019,1,Others,402042,373355289.5614773
rajasthan,2019,2,Peer-to-peer payments,25257679,79466464089.34059
rajasthan,2019,2,Recharge & bill payments,14968290,5709279550.854211
rajasthan,2019,2,Merchant payments,9026751,3435472167.201069
rajasthan,2019,2,Financial Services,182685,34134486.762421735
rajasthan,2019,2,Others,573881,461962878.5071422
rajasthan,2019,3,Peer-to-peer payments,29885618,97443950786.5758
rajasthan,2019,3,Merchant payments,19646612,6705923742.563935
rajasthan,2019,3,Recharge & bill payments,16970783,7872719571.602099
rajasthan,2019,3,Financial Services,217029,37899900.33366185
rajasthan,2019,3,Others,583575,407796030.8547787
rajasthan,2019,4,Peer-to-peer payments,43354317,140449134717.291
rajasthan,2019,4,Recharge & bill payments,20604852,9028860435.054995
rajasthan,2019,4,Merchant payments,20544791,9721826538.354998
rajasthan,2019,4,Financial Services,101805,25014672.38444693
rajasthan,2019,4,Others,468477,227573686.58499068
rajasthan,2020,1,Peer-to-peer payments,48269912,165468574323.88968
rajasthan,2020,1,Merchant payments,27880848,13643061482.35596
rajasthan,2020,1,Recharge & bill payments,25631131,10961167179.81334
rajasthan,2020,1,Financial Services,72604,34466606.25327997
rajasthan,2020,1,Others,404317,200968968.6958118
rajasthan,2020,2,Peer-to-peer payments,49160792,166176386876.30048
rajasthan,2020,2,Recharge & bill payments,31681776,13014051935.53691
rajasthan,2020,2,Merchant payments,20756594,14354151782.39264
rajasthan,2020,2,Financial Services,92875,76662259.20544848
rajasthan,2020,2,Others,262619,142020149.829893
rajasthan,2020,3,Peer-to-peer payments,73247856,249006720239.33432
rajasthan,2020,3,Merchant payments,45149210,27714680562.343937
rajasthan,2020,3,Recharge & bill payments,30148875,16650017440.553333
rajasthan,2020,3,Financial Services,146383,113675141.51464571
rajasthan,2020,3,Others,396352,193212778.7117864
rajasthan,2020,4,Peer-to-peer payments,88730951,321280847680.95026
rajasthan,2020,4,Merchant payments,67367264,46142484518.08269
rajasthan,2020,4,Recharge & bill payments,33455755,18123908525.97014
rajasthan,2020,4,Financial Services,169294,136058685.85299307
rajasthan,2020,4,Others,560171,351480425.6482615
rajasthan,2021,1,Peer-to-peer payments,116733195,408190388154.2274
rajasthan,2021,1,Merchant payments,96394132,61936457709.223076
rajasthan,2021,1,Recharge & bill payments,38919519,20855464604.344055
rajasthan,2021,1,Financial Services,192936,162581466.93308985
rajasthan,2021,1,Others,491137,347689722.9177618
rajasthan,2021,2,Peer-to-peer payments,139277445,467784146764.7472
rajasthan,2021,2,Merchant payments,97860493,69922875807.46701
rajasthan,2021,2,Recharge & bill payments,49501703,23387103755.819714
rajasthan,2021,2,Financial Services,216441,186606893.61035594
rajasthan,2021,2,Others,620957,422031947.60023904
rajasthan,2021,3,Peer-to-peer payments,181742972,575912799217.8965
rajasthan,2021,3,Merchant payments,167819345,105548321875.05884
rajasthan,2021,3,Recharge & bill payments,49709657,28335516739.41771
rajasthan,2021,3,Financial Services,197211,190362135.86135098
rajasthan,2021,3,Others,815568,524328574.25040925
rajasthan,2021,4,Merchant payments,221774624,151967969235.0213
rajasthan,2021,4,Peer-to-peer payments,212937264,718215327365.9165
rajasthan,2021,4,Recharge & bill payments,51610607,32831163302.92643
rajasthan,2021,4,Financial Services,265091,263180819.6932125
rajasthan,2021,4,Others,1034011,656777820.7586894
rajasthan,2022,1,Merchant payments,267467038,171182113048.26318
rajasthan,2022,1,Peer-to-peer payments,241739380,814525435614.1678
rajasthan,2022,1,Recharge & bill payments,54555117,35542881861.07577
rajasthan,2022,1,Financial Services,244029,243340851.71204624
rajasthan,2022,1,Others,956656,556409604.9103613
rajasthan,2022,2,Merchant payments,336900860,208238945148.44
rajasthan,2022,2,Peer-to-peer payments,263380560,905641041298.7231
rajasthan,2022,2,Recharge & bill payments,59879660,38325678033.564705
rajasthan,2022,2,Financial Services,170705,175399371.37748802
rajasthan,2022,2,Others,838365,452454748.2866859
rajasthan,2022,3,Merchant payments,398104319,230609701751.02283
rajasthan,2022,3,Peer-to-peer payments,299383118,961209376585.5621
rajasthan,2022,3,Recharge & bill payments,69118763,46000391408.24405
rajasthan,2022,3,Financial Services,215235,220271929.84233993
rajasthan,2022,3,Others,719925,449514643.6055006
rajasthan,2022,4,Merchant payments,457778005,275194969877.524
rajasthan,2022,4,Peer-to-peer payments,334316758,1130380720682.5203
rajasthan,2022,4,Recharge & bill payments,72510470,50609988781.94313
rajasthan,2022,4,Financial Services,244442,270658680.97924906
rajasthan,2022,4,Others,725173,500361375.69058275
rajasthan,2023,1,Merchant payments,484552414,276693132279.0
rajasthan,2023,1,Peer-to-peer payments,353301155,1216864232698.0
rajasthan,2023,1,Recharge & bill payments,82232131,60583110261.0
rajasthan,2023,1,Financial Services,259195,274450998.0
rajasthan,2023,1,Others,751791,498449614.0
rajasthan,2023,2,Merchant payments,592487449,310487787699.0
rajasthan,2023,2,Peer-to-peer payments,389865502,1321457235324.0
rajasthan,2023,2,Recharge & bill payments,90082184,65720609268.0
rajasthan,2023,2,Financial Services,289948,328805088.0
rajasthan,2023,2,Others,734255,461148921.0
rajasthan,2023,3,Merchant payments,704324393,341799936129.0
rajasthan,2023,3,Peer-to-peer payments,438800339,1385976868598.0
rajasthan,2023,3,Recharge & bill payments,93085762,71540658202.0
rajasthan,2023,3,Financial Services,359675,484002475.0
rajasthan,2023,3,Others,661998,423978212.0
rajasthan,2023,4,Merchant payments,766981185,396873110176.0
rajasthan,2023,4,Peer-to-peer payments,484250991,1587157118494.0
rajasthan,2023,4,Recharge & bill payments,97092812,81348244193.0
rajasthan,2023,4,Financial Services,443168,570385125.0
rajasthan,2023,4,Others,703998,430749813.0
rajasthan,2024,1,Merchant payments,919893321,461976302970.0
rajasthan,2024,1,Peer-to-peer payments,566762679,1797249393778.0
rajasthan,2024,1,Recharge & bill payments,111655206,90033046149.0
rajasthan,2024,1,Financial Services,475140,770584971.0
rajasthan,2024,1,Others,687661,470845922.0
rajasthan,2024,2,Merchant payments,1096672010,523282312007.0
rajasthan,2024,2,Peer-to-peer payments,603947443,1879643438141.0
rajasthan,2024,2,Recharge & bill payments,116905611,92675346901.0
rajasthan,2024,2,Financial Services,580197,900517039.0
rajasthan,2024,2,Others,749845,592923836.0
rajasthan,2024,3,Merchant payments,1180358044,539372910912.0
rajasthan,2024,3,Peer-to-peer payments,638917092,1829890897007.0
rajasthan,2024,3,Recharge & bill payments,114791455,101313424056.0
rajasthan,2024,3,Financial Services,740449,1135779724.0
rajasthan,2024,3,Others,597995,544704206.0
rajasthan,2024,4,Merchant payments,1255692535,612426670218.0
rajasthan,2024,4,Peer-to-peer payments,672419613,2073546444802.0
rajasthan,2024,4,Recharge & bill payments,112704437,105312390698.0
rajasthan,2024,4,Financial Services,2077251,1154736814.0
rajasthan,2024,4,Others,575711,609128876.0
sikkim,2018,1,Recharge & bill payments,26965,4823943.542263939
sikkim,2018,1,Peer-to-peer payments,13559,56334584.632872
sikkim,2018,1,Merchant payments,1349,1677583.1440411464
sikkim,2018,1,Financial Services,608,86906.81958101383
sikkim,2018,1,Others,1597,1727920.8016103164
sikkim,2018,2,Recharge & bill payments,45435,9465769.856051585
sikkim,2018,2,Peer-to-peer payments,24237,127051984.3879841
sikkim,2018,2,Merchant payments,2556,4713227.148135973
sikkim,2018,2,Financial Services,562,218130.12995975127
sikkim,2018,2,Others,1788,2243974.0076642134
sikkim,2018,3,Recharge & bill payments,58421,12221506.18938216
sikkim,2018,3,Peer-to-peer payments,43195,215547415.4557628
sikkim,2018,3,Merchant payments,4521,5322296.747954514
sikkim,2018,3,Financial Services,562,261766.8021705601
sikkim,2018,3,Others,1801,1727241.758047811
sikkim,2018,4,Recharge & bill payments,79232,16713780.628117373
sikkim,2018,4,Peer-to-peer payments,65451,351253329.74205655
sikkim,2018,4,Merchant payments,7452,12637809.239460425
sikkim,2018,4,Financial Services,717,596472.7145790398
sikkim,2018,4,Others,1681,1939965.7540404093
sikkim,2019,1,Peer-to-peer payments,121984,422987999.89472675
sikkim,2019,1,Recharge & bill payments,96878,20711589.874598008
sikkim,2019,1,Merchant payments,18346,11837344.846847566
sikkim,2019,1,Financial Services,1225,191594.23340424805
sikkim,2019,1,Others,1854,2265105.53451732
sikkim,2019,2,Peer-to-peer payments,172125,674044301.8399961
sikkim,2019,2,Recharge & bill payments,142582,32535297.489453897
sikkim,2019,2,Merchant payments,66722,28248001.02647286
sikkim,2019,2,Financial Services,2294,310197.54774877685
sikkim,2019,2,Others,4521,3756445.53226958
sikkim,2019,3,Peer-to-peer payments,203052,794235862.6317357
sikkim,2019,3,Merchant payments,188753,52337322.5262961
sikkim,2019,3,Recharge & bill payments,156125,33922224.892257094
sikkim,2019,3,Financial Services,288,548142.8999844441
sikkim,2019,3,Others,4218,3672895.4901549704
sikkim,2019,4,Peer-to-peer payments,508471,1086457147.940953
sikkim,2019,4,Recharge & bill payments,181287,42705664.08625737
sikkim,2019,4,Merchant payments,73992,43954548.804204434
sikkim,2019,4,Financial Services,373,494076.3450829056
sikkim,2019,4,Others,2947,2898164.4797200123
sikkim,2020,1,Peer-to-peer payments,230413,954765350.1856782
sikkim,2020,1,Recharge & bill payments,215586,53588505.838823974
sikkim,2020,1,Merchant payments,79881,43201695.38937264
sikkim,2020,1,Financial Services,345,175569.53933206247
sikkim,2020,1,Others,1893,1745150.991195219
sikkim,2020,2,Recharge & bill payments,297620,78397187.10935993
sikkim,2020,2,Peer-to-peer payments,186495,939900165.9422412
sikkim,2020,2,Merchant payments,31442,34385184.65717751
sikkim,2020,2,Financial Services,883,999656.0722047673
sikkim,2020,2,Others,1291,936594.480283038
sikkim,2020,3,Recharge & bill payments,298885,83894642.6709112
sikkim,2020,3,Peer-to-peer payments,245087,1255521152.966514
sikkim,2020,3,Merchant payments,49299,58337178.67223759
sikkim,2020,3,Financial Services,1252,1795366.733436462
sikkim,2020,3,Others,1912,1378387.6172995246
sikkim,2020,4,Peer-to-peer payments,334069,1711730126.584541
sikkim,2020,4,Recharge & bill payments,301382,90168624.05415541
sikkim,2020,4,Merchant payments,95503,112478003.86391157
sikkim,2020,4,Financial Services,1427,2361187.592392395
sikkim,2020,4,Others,2654,2537863.027923054
sikkim,2021,1,Peer-to-peer payments,403703,1965492629.578867
sikkim,2021,1,Recharge & bill payments,279679,93174110.112334
sikkim,2021,1,Merchant payments,112925,154183320.1372872
sikkim,2021,1,Financial Services,1844,3027799.2784099854
sikkim,2021,1,Others,2038,1789867.7338266163
sikkim,2021,2,Peer-to-peer payments,473141,2125758496.616091
sikkim,2021,2,Recharge & bill payments,345495,103846501.52404109
sikkim,2021,2,Merchant payments,153671,190473176.21848944
sikkim,2021,2,Financial Services,1865,2851874.287465013
sikkim,2021,2,Others,2542,1969531.0292125773
sikkim,2021,3,Peer-to-peer payments,595826,2582075089.383399
sikkim,2021,3,Recharge & bill payments,346173,111613776.75942023
sikkim,2021,3,Merchant payments,213808,290732930.46291006
sikkim,2021,3,Financial Services,1689,2624558.3857180667
sikkim,2021,3,Others,3098,2290508.8169457563
sikkim,2021,4,Peer-to-peer payments,831597,3548508409.656125
sikkim,2021,4,Recharge & bill payments,376078,136473754.40071422
sikkim,2021,4,Merchant payments,369343,504586163.5569785
sikkim,2021,4,Financial Services,2269,3162023.7210206646
sikkim,2021,4,Others,5058,4052910.300969372
sikkim,2022,1,Peer-to-peer payments,916940,3650961081.00263
sikkim,2022,1,Merchant payments,449273,570784579.6670712
sikkim,2022,1,Recharge & bill payments,371579,139135962.10369253
sikkim,2022,1,Financial Services,2124,3062332.163804472
sikkim,2022,1,Others,4386,3487320.9262269526
sikkim,2022,2,Peer-to-peer payments,1198014,4596501308.195931
sikkim,2022,2,Merchant payments,706658,847497607.0893551
sikkim,2022,2,Recharge & bill payments,411189,162174479.6973383
sikkim,2022,2,Financial Services,1758,1861284.7969863976
sikkim,2022,2,Others,4462,3070990.527526753
sikkim,2022,3,Peer-to-peer payments,1222037,4173703593.656705
sikkim,2022,3,Merchant payments,772650,830361400.9603965
sikkim,2022,3,Recharge & bill payments,397207,153567926.32171312
sikkim,2022,3,Financial Services,1538,2851319.5479129553
sikkim,2022,3,Others,3326,2396303.4047308513
sikkim,2022,4,Peer-to-peer payments,1548662,5175155338.821596
sikkim,2022,4,Merchant payments,1033541,1096220774.255463
sikkim,2022,4,Recharge & bill payments,470639,181281682.32208142
sikkim,2022,4,Financial Services,2049,2701971.788609252
sikkim,2022,4,Others,3448,3025622.2320622765
sikkim,2023,1,Peer-to-peer payments,1779090,5451626602.0
sikkim,2023,1,Merchant payments,1067585,1091745064.0
sikkim,2023,1,Recharge & bill payments,543957,213517668.0
sikkim,2023,1,Financial Services,2603,2801184.0
sikkim,2023,1,Others,2893,2877504.0
sikkim,2023,2,Peer-to-peer payments,2196285,6799375282.0
sikkim,2023,2,Merchant payments,1616549,1523202088.0
sikkim,2023,2,Recharge & bill payments,594826,251468530.0
sikkim,2023,2,Financial Services,2790,3457083.0
sikkim,2023,2,Others,2517,2847453.0
sikkim,2023,3,Peer-to-peer payments,2187102,6245427022.0
sikkim,2023,3,Merchant payments,2011690,1619166618.0
sikkim,2023,3,Recharge & bill payments,600784,233423001.0
sikkim,2023,3,Financial Services,3289,7262131.0
sikkim,2023,3,Others,2072,1958649.0
sikkim,2023,4,Peer-to-peer payments,2165502,6467541154.0
sikkim,2023,4,Merchant payments,2124031,1877772225.0
sikkim,2023,4,Recharge & bill payments,562618,235242389.0
sikkim,2023,4,Financial Services,3357,7657246.0
sikkim,2023,4,Others,1816,2395457.0
sikkim,2024,1,Merchant payments,2707037,2172007531.0
sikkim,2024,1,Peer-to-peer payments,2501457,6989057055.0
sikkim,2024,1,Recharge & bill payments,605942,278107861.0
sikkim,2024,1,Financial Services,3962,14632590.0
sikkim,2024,1,Others,1748,1916486.0
sikkim,2024,2,Merchant payments,3610564,2756669498.0
sikkim,2024,2,Peer-to-peer payments,2927640,8213879109.0
sikkim,2024,2,Recharge & bill payments,642240,310411870.0
sikkim,2024,2,Financial Services,5988,12875123.0
sikkim,2024,2,Others,1890,2682555.0
sikkim,2024,3,Merchant payments,3967262,2720586221.0
sikkim,2024,3,Peer-to-peer payments,3060298,7537324304.0
sikkim,2024,3,Recharge & bill payments,677635,293314207.0
sikkim,2024,3,Financial Services,6715,15986708.0
sikkim,2024,3,Others,1871,2617632.0
sikkim,2024,4,Merchant payments,4746814,3358031205.0
sikkim,2024,4,Peer-to-peer payments,3464526,8951460155.0
sikkim,2024,4,Recharge & bill payments,682763,312543062.0
sikkim,2024,4,Financial Services,20851,15322191.0
sikkim,2024,4,Others,1916,3744785.0
tamil-nadu,2018,1,Recharge & bill payments,3308548,646028338.3951533
tamil-nadu,2018,1,Peer-to-peer payments,2670613,10031518934.085688
tamil-nadu,2018,1,Merchant payments,326510,272002057.1736871
tamil-nadu,2018,1,Financial Services,115363,31876073.74792233
tamil-nadu,2018,1,Others,305588,280132294.11422664
tamil-nadu,2018,2,Recharge & bill payments,4464677,1189892955.8051775
tamil-nadu,2018,2,Peer-to-peer payments,4433762,18067624388.09562
tamil-nadu,2018,2,Merchant payments,627918,517130320.4660308
tamil-nadu,2018,2,Financial Services,167035,65402385.25640666
tamil-nadu,2018,2,Others,298736,285794226.64323723
tamil-nadu,2018,3,Peer-to-peer payments,8810836,26792462660.044968
tamil-nadu,2018,3,Recharge & bill payments,5148411,1521551955.205038
tamil-nadu,2018,3,Merchant payments,1290978,733189649.5729834
tamil-nadu,2018,3,Financial Services,191732,37049222.36590697
tamil-nadu,2018,3,Others,332121,245838753.995272
tamil-nadu,2018,4,Peer-to-peer payments,11538547,39180083690.57276
tamil-nadu,2018,4,Recharge & bill payments,7093764,2020329567.8245385
tamil-nadu,2018,4,Merchant payments,3145621,1742903221.432857
tamil-nadu,2018,4,Financial Services,228398,46571758.68242933
tamil-nadu,2018,4,Others,451114,312185737.38152075
tamil-nadu,2019,1,Peer-to-peer payments,18645926,51296299081.44436
tamil-nadu,2019,1,Recharge & bill payments,8863289,2695317014.8660007
tamil-nadu,2019,1,Merchant payments,4195222,1924461188.9900146
tamil-nadu,2019,1,Financial Services,193261,31217137.545322973
tamil-nadu,2019,1,Others,377347,256742393.28426796
tamil-nadu,2019,2,Peer-to-peer payments,16952961,57924128549.06981
tamil-nadu,2019,2,Recharge & bill payments,8414514,3280033639.8500404
tamil-nadu,2019,2,Merchant payments,6296995,2690331792.5060787
tamil-nadu,2019,2,Financial Services,70142,18334602.389631532
tamil-nadu,2019,2,Others,437125,294847441.9421142
tamil-nadu,2019,3,Peer-to-peer payments,21277636,70615331408.53966
tamil-nadu,2019,3,Merchant payments,10344027,4079315732.661683
tamil-nadu,2019,3,Recharge & bill payments,9246678,3964144354.4161515
tamil-nadu,2019,3,Financial Services,88261,27213741.831077334
tamil-nadu,2019,3,Others,453581,273599406.1898495
tamil-nadu,2019,4,Peer-to-peer payments,28814008,91858026341.27563
tamil-nadu,2019,4,Merchant payments,16153034,6420193204.780616
tamil-nadu,2019,4,Recharge & bill payments,11157765,4681454397.562926
tamil-nadu,2019,4,Financial Services,60624,24332240.65556671
tamil-nadu,2019,4,Others,410980,206859328.2685905
tamil-nadu,2020,1,Peer-to-peer payments,30880360,101907683045.28436
tamil-nadu,2020,1,Merchant payments,21541556,8950736938.223478
tamil-nadu,2020,1,Recharge & bill payments,14134259,5493239429.7322235
tamil-nadu,2020,1,Financial Services,61427,41422107.813630365
tamil-nadu,2020,1,Others,335871,176604658.386683
tamil-nadu,2020,2,Peer-to-peer payments,21700844,82347647064.12332
tamil-nadu,2020,2,Recharge & bill payments,18474731,6414781159.484189
tamil-nadu,2020,2,Merchant payments,11477546,6909361871.628206
tamil-nadu,2020,2,Financial Services,78584,89189349.84916353
tamil-nadu,2020,2,Others,138405,65529451.74366937
tamil-nadu,2020,3,Peer-to-peer payments,31754077,123561080533.04672
tamil-nadu,2020,3,Merchant payments,20664887,12554589575.504852
tamil-nadu,2020,3,Recharge & bill payments,17521756,7476952307.406668
tamil-nadu,2020,3,Financial Services,129671,158512062.54590106
tamil-nadu,2020,3,Others,207434,90281020.15995154
tamil-nadu,2020,4,Peer-to-peer payments,47800741,172196381789.491
tamil-nadu,2020,4,Merchant payments,41297305,24417758781.65223
tamil-nadu,2020,4,Recharge & bill payments,21563946,9462546013.163391
tamil-nadu,2020,4,Financial Services,153044,186775413.14290395
tamil-nadu,2020,4,Others,364665,209735503.54521424
tamil-nadu,2021,1,Peer-to-peer payments,57446279,206405230307.9611
tamil-nadu,2021,1,Merchant payments,53811885,30722779534.582508
tamil-nadu,2021,1,Recharge & bill payments,24826273,11115915388.739548
tamil-nadu,2021,1,Financial Services,170620,215319360.4840321
tamil-nadu,2021,1,Others,301617,208899281.88347316
tamil-nadu,2021,2,Peer-to-peer payments,60812902,216379027686.30246
tamil-nadu,2021,2,Merchant payments,52048347,33504798112.88382
tamil-nadu,2021,2,Recharge & bill payments,32753032,13155346942.255478
tamil-nadu,2021,2,Financial Services,192614,225113402.6634022
tamil-nadu,2021,2,Others,351547,223054882.44675264
tamil-nadu,2021,3,Merchant payments,85074941,52932187058.575195
tamil-nadu,2021,3,Peer-to-peer payments,83833356,296121079294.8346
tamil-nadu,2021,3,Recharge & bill payments,34751691,15613287081.611631
tamil-nadu,2021,3,Financial Services,182097,246146707.2790811
tamil-nadu,2021,3,Others,515319,294622911.6328684
tamil-nadu,2021,4,Merchant payments,117578360,70539086832.13815
tamil-nadu,2021,4,Peer-to-peer payments,104493071,353529424598.23047
tamil-nadu,2021,4,Recharge & bill payments,36163870,18979178477.53405
tamil-nadu,2021,4,Financial Services,228761,275850497.094934
tamil-nadu,2021,4,Others,691914,400412189.80491126
tamil-nadu,2022,1,Merchant payments,139788772,81798208975.87326
tamil-nadu,2022,1,Peer-to-peer payments,119383791,409631710258.4541
tamil-nadu,2022,1,Recharge & bill payments,34579431,20705079141.096962
tamil-nadu,2022,1,Financial Services,241201,298216135.377552
tamil-nadu,2022,1,Others,579955,355987089.8306444
tamil-nadu,2022,2,Merchant payments,179245529,100813133534.0309
tamil-nadu,2022,2,Peer-to-peer payments,136341691,464333108374.5711
tamil-nadu,2022,2,Recharge & bill payments,38257271,24477663683.793488
tamil-nadu,2022,2,Financial Services,202498,233054908.96978933
tamil-nadu,2022,2,Others,459948,277767177.03123105
tamil-nadu,2022,3,Merchant payments,202149276,109801011246.16069
tamil-nadu,2022,3,Peer-to-peer payments,148805657,493880482824.984
tamil-nadu,2022,3,Recharge & bill payments,41919063,27694221703.16715
tamil-nadu,2022,3,Financial Services,217741,238069828.1652185
tamil-nadu,2022,3,Others,404438,265434770.79138052
tamil-nadu,2022,4,Merchant payments,229308285,118847998736.56468
tamil-nadu,2022,4,Peer-to-peer payments,162920305,526511418812.7734
tamil-nadu,2022,4,Recharge & bill payments,43391904,29719449171.386997
tamil-nadu,2022,4,Financial Services,295740,334812023.56560165
tamil-nadu,2022,4,Others,400402,275988847.1474179
tamil-nadu,2023,1,Merchant payments,248540772,124250251559.0
tamil-nadu,2023,1,Peer-to-peer payments,169269032,554678365256.0
tamil-nadu,2023,1,Recharge & bill payments,42745926,36069237413.0
tamil-nadu,2023,1,Financial Services,281287,303893116.0
tamil-nadu,2023,1,Others,375370,281926174.0
tamil-nadu,2023,2,Merchant payments,270279446,132952561597.0
tamil-nadu,2023,2,Peer-to-peer payments,181169979,603065358975.0
tamil-nadu,2023,2,Recharge & bill payments,46387359,39784453434.0
tamil-nadu,2023,2,Financial Services,273888,317118374.0
tamil-nadu,2023,2,Others,318966,243058635.0
tamil-nadu,2023,3,Merchant payments,309648502,147481033140.0
tamil-nadu,2023,3,Peer-to-peer payments,198678217,641624213537.0
tamil-nadu,2023,3,Recharge & bill payments,47138716,43398412878.0
tamil-nadu,2023,3,Financial Services,320645,373041817.0
tamil-nadu,2023,3,Others,298928,228563326.0
tamil-nadu,2023,4,Merchant payments,336838248,162776066943.0
tamil-nadu,2023,4,Peer-to-peer payments,208592985,662522423764.0
tamil-nadu,2023,4,Recharge & bill payments,47390155,46923336165.0
tamil-nadu,2023,4,Financial Services,381269,421861473.0
tamil-nadu,2023,4,Others,278724,226976660.0
tamil-nadu,2024,1,Merchant payments,372666269,174040000374.0
tamil-nadu,2024,1,Peer-to-peer payments,219277542,689079882786.0
tamil-nadu,2024,1,Recharge & bill payments,47746915,50024181672.0
tamil-nadu,2024,1,Financial Services,374620,495981410.0
tamil-nadu,2024,1,Others,261851,221064820.0
tamil-nadu,2024,2,Merchant payments,421976763,197165267684.0
tamil-nadu,2024,2,Peer-to-peer payments,232946490,735720936629.0
tamil-nadu,2024,2,Recharge & bill payments,49473659,51378465692.0
tamil-nadu,2024,2,Financial Services,423814,610399506.0
tamil-nadu,2024,2,Others,262960,276080355.0
tamil-nadu,2024,3,Merchant payments,465377405,211903749095.0
tamil-nadu,2024,3,Peer-to-peer payments,261706244,784327647260.0
tamil-nadu,2024,3,Recharge & bill payments,50701926,53589777402.0
tamil-nadu,2024,3,Financial Services,499913,641815710.0
tamil-nadu,2024,3,Others,251213,316605354.0
tamil-nadu,2024,4,Merchant payments,495976852,225671459942.0
tamil-nadu,2024,4,Peer-to-peer payments,272513152,807642909750.0
tamil-nadu,2024,4,Recharge & bill payments,50037730,53242042381.0
tamil-nadu,2024,4,Financial Services,1645600,715680931.0
tamil-nadu,2024,4,Others,250554,360782602.0
telangana,2018,1,Recharge & bill payments,4209319,831912767.5937189
telangana,2018,1,Peer-to-peer payments,3307245,11748268950.760422
telangana,2018,1,Merchant payments,351474,282899066.6137372
telangana,2018,1,Financial Services,262876,57011875.36233704
telangana,2018,1,Others,391852,388111458.2121352
telangana,2018,2,Peer-to-peer payments,4784079,20748520742.57553
telangana,2018,2,Recharge & bill payments,4686542,1274130053.834579
telangana,2018,2,Merchant payments,701082,551696487.3185428
telangana,2018,2,Financial Services,277805,85498213.25384143
telangana,2018,2,Others,315162,357356020.669816
telangana,2018,3,Peer-to-peer payments,11560952,29253505738.828743
telangana,2018,3,Recharge & bill payments,5328881,1568136060.627837
telangana,2018,3,Merchant payments,1770075,855534175.4794186
telangana,2018,3,Financial Services,307312,52554123.97376218
telangana,2018,3,Others,365483,300363110.81379545
telangana,2018,4,Peer-to-peer payments,15571288,44541667501.74112
telangana,2018,4,Recharge & bill payments,7121135,2165870863.16865
telangana,2018,4,Merchant payments,5315161,2356841304.9649296
telangana,2018,4,Financial Services,392423,64569231.23559249
telangana,2018,4,Others,521147,380139546.93821603
telangana,2019,1,Peer-to-peer payments,40488967,87361237975.49301
telangana,2019,1,Merchant payments,12341901,4144368545.535969
telangana,2019,1,Recharge & bill payments,11525394,3619117615.485172
telangana,2019,1,Financial Services,463688,54547989.275453925
telangana,2019,1,Others,470752,343989909.8750894
telangana,2019,2,Peer-to-peer payments,46741594,141095702899.16147
telangana,2019,2,Merchant payments,25682382,8442740781.469844
telangana,2019,2,Recharge & bill payments,16225017,5603477828.5489645
telangana,2019,2,Financial Services,252173,43627344.86329399
telangana,2019,2,Others,709213,490894328.3915366
telangana,2019,3,Peer-to-peer payments,59981113,180342868388.36203
telangana,2019,3,Merchant payments,44035953,14308557740.55424
telangana,2019,3,Recharge & bill payments,16437222,6793699069.387364
telangana,2019,3,Financial Services,183163,39617186.74048498
telangana,2019,3,Others,857925,445278745.3818412
telangana,2019,4,Peer-to-peer payments,82587060,249346680995.99316
telangana,2019,4,Merchant payments,59347809,21510626607.08445
telangana,2019,4,Recharge & bill payments,20797056,9561315124.602655
telangana,2019,4,Financial Services,137291,33453857.404595934
telangana,2019,4,Others,703042,294688962.659046
telangana,2020,1,Peer-to-peer payments,95668911,327641798044.80554
telangana,2020,1,Merchant payments,76818285,31076431477.91269
telangana,2020,1,Recharge & bill payments,26324268,12324266104.564993
telangana,2020,1,Financial Services,88184,59500639.38684589
telangana,2020,1,Others,509877,241784101.54604858
telangana,2020,2,Peer-to-peer payments,76683293,279478553909.7438
telangana,2020,2,Merchant payments,44181999,26712043204.891262
telangana,2020,2,Recharge & bill payments,30885875,15106945863.857046
telangana,2020,2,Financial Services,116776,134169906.74750492
telangana,2020,2,Others,187200,100126467.191328
telangana,2020,3,Peer-to-peer payments,116668399,437459188905.0534
telangana,2020,3,Merchant payments,86836471,49743225885.179474
telangana,2020,3,Recharge & bill payments,32352860,18378477087.576897
telangana,2020,3,Financial Services,195857,223377023.50525153
telangana,2020,3,Others,318539,156875854.55487928
telangana,2020,4,Peer-to-peer payments,160607487,591976601278.5154
telangana,2020,4,Merchant payments,143897953,81725950703.21272
telangana,2020,4,Recharge & bill payments,38174710,22006183348.80398
telangana,2020,4,Financial Services,230134,275357720.01805824
telangana,2020,4,Others,733503,366346176.40682477
telangana,2021,1,Merchant payments,185230619,95927278280.53006
telangana,2021,1,Peer-to-peer payments,179738195,676276353116.8419
telangana,2021,1,Recharge & bill payments,46371555,26447601338.53346
telangana,2021,1,Financial Services,262473,320153410.17969453
telangana,2021,1,Others,969268,387877900.5044867
telangana,2021,2,Peer-to-peer payments,230861833,872151973637.885
telangana,2021,2,Merchant payments,205232899,123207789311.2962
telangana,2021,2,Recharge & bill payments,58637866,31877277168.343227
telangana,2021,2,Financial Services,278546,300569264.1443888
telangana,2021,2,Others,856400,420723415.91505665
telangana,2021,3,Merchant payments,286735350,159227310549.39368
telangana,2021,3,Peer-to-peer payments,271436926,981754679241.0405
telangana,2021,3,Recharge & bill payments,62744121,36434881136.01624
telangana,2021,3,Financial Services,235519,329138539.4612142
telangana,2021,3,Others,1734852,543116826.3422191
telangana,2021,4,Merchant payments,376584215,212974766412.01556
telangana,2021,4,Peer-to-peer payments,331774591,1204991223519.016
telangana,2021,4,Recharge & bill payments,66477036,44760398983.30789
telangana,2021,4,Financial Services,298871,392141743.6705663
telangana,2021,4,Others,855060,639658842.8998816
telangana,2022,1,Merchant payments,449186799,243841863780.6793
telangana,2022,1,Peer-to-peer payments,368048408,1375289566667.7056
telangana,2022,1,Recharge & bill payments,66352138,50470450179.88254
telangana,2022,1,Financial Services,284035,394283511.9410973
telangana,2022,1,Others,2582005,642005688.7661512
telangana,2022,2,Merchant payments,565370506,307468406704.909
telangana,2022,2,Peer-to-peer payments,422056582,1580014085694.835
telangana,2022,2,Recharge & bill payments,75099130,63136761649.3931
telangana,2022,2,Financial Services,245023,324857780.5553103
telangana,2022,2,Others,611316,470432687.3850265
telangana,2022,3,Merchant payments,880414292,447150646953.73706
telangana,2022,3,Peer-to-peer payments,626830752,2170173323588.53
telangana,2022,3,Recharge & bill payments,119779835,87937210666.27194
telangana,2022,3,Financial Services,340458,442783619.09123904
telangana,2022,3,Others,800064,621900924.4423015
telangana,2022,4,Merchant payments,1002521735,491556008133.53546
telangana,2022,4,Peer-to-peer payments,694612831,2393380395296.8516
telangana,2022,4,Recharge & bill payments,121188131,92136759501.42021
telangana,2022,4,Financial Services,401838,498719426.0054372
telangana,2022,4,Others,782297,680680558.3343163
telangana,2023,1,Merchant payments,830385203,369961744486.0
telangana,2023,1,Peer-to-peer payments,522865792,1898813645344.0
telangana,2023,1,Recharge & bill payments,86187673,102787343319.0
telangana,2023,1,Financial Services,326874,458821191.0
telangana,2023,1,Others,565916,560179944.0
telangana,2023,2,Merchant payments,977182965,429169888297.0
telangana,2023,2,Peer-to-peer payments,593322476,2155918289810.0
telangana,2023,2,Recharge & bill payments,94107914,112036624317.0
telangana,2023,2,Financial Services,354045,517795343.0
telangana,2023,2,Others,463571,507337241.0
telangana,2023,3,Merchant payments,1128208049,480552979790.0
telangana,2023,3,Peer-to-peer payments,647331506,2272184853961.0
telangana,2023,3,Recharge & bill payments,98661838,116319676778.0
telangana,2023,3,Financial Services,420147,666845736.0
telangana,2023,3,Others,424384,478544808.0
telangana,2023,4,Merchant payments,1225132365,532737433404.0
telangana,2023,4,Peer-to-peer payments,695789540,2453419152855.0
telangana,2023,4,Recharge & bill payments,99012602,129036561862.0
telangana,2023,4,Financial Services,483067,734596496.0
telangana,2023,4,Others,404604,489730148.0
telangana,2024,1,Merchant payments,1341371332,554207756092.0
telangana,2024,1,Peer-to-peer payments,735409951,2516930587879.0
telangana,2024,1,Recharge & bill payments,101670893,131284438344.0
telangana,2024,1,Financial Services,494360,861174964.0
telangana,2024,1,Others,438771,485343794.0
telangana,2024,2,Merchant payments,1526789940,632844110484.0
telangana,2024,2,Peer-to-peer payments,782892642,2696304021334.0
telangana,2024,2,Recharge & bill payments,106504222,130765020697.0
telangana,2024,2,Financial Services,612770,1074628255.0
telangana,2024,2,Others,464783,554652542.0
telangana,2024,3,Merchant payments,1664638136,684200679447.0
telangana,2024,3,Peer-to-peer payments,841546198,2740602255389.0
telangana,2024,3,Recharge & bill payments,102792228,124734574180.0
telangana,2024,3,Financial Services,714030,1263598650.0
telangana,2024,3,Others,447243,515868932.0
telangana,2024,4,Merchant payments,1807552234,746607282900.0
telangana,2024,4,Peer-to-peer payments,905771898,2978379284690.0
telangana,2024,4,Recharge & bill payments,106373063,132027650387.0
telangana,2024,4,Financial Services,2272332,1391283281.0
telangana,2024,4,Others,482076,645034160.0
tripura,2018,1,Recharge & bill payments,86819,14079439.569905948
tripura,2018,1,Peer-to-peer payments,44844,112229994.97675678
tripura,2018,1,Financial Services,4842,672247.5881710155
tripura,2018,1,Merchant payments,4833,6080959.882836086
tripura,2018,1,Others,6819,4916272.512952799
tripura,2018,2,Recharge & bill payments,118171,22554398.15273035
tripura,2018,2,Peer-to-peer payments,73821,197666881.8729688
tripura,2018,2,Merchant payments,9621,10570951.151568789
tripura,2018,2,Financial Services,6925,1264101.904810368
tripura,2018,2,Others,6021,4835385.634057636
tripura,2018,3,Peer-to-peer payments,186065,398867427.32463384
tripura,2018,3,Recharge & bill payments,156308,33484811.21282282
tripura,2018,3,Merchant payments,21476,16092396.41113394
tripura,2018,3,Financial Services,8106,1080000.0112896338
tripura,2018,3,Others,5748,4338753.080712541
tripura,2018,4,Recharge & bill payments,204720,38334816.66379926
tripura,2018,4,Peer-to-peer payments,179739,549068822.3729683
tripura,2018,4,Merchant payments,50888,31066467.633390322
tripura,2018,4,Financial Services,6441,1023126.8205747404
tripura,2018,4,Others,6271,5392365.973713988
tripura,2019,1,Peer-to-peer payments,296993,679165332.8123899
tripura,2019,1,Recharge & bill payments,227997,44429378.42277926
tripura,2019,1,Merchant payments,46642,28109966.31994779
tripura,2019,1,Financial Services,4189,461473.58856435167
tripura,2019,1,Others,5105,4728790.472138839
tripura,2019,2,Peer-to-peer payments,240776,751113516.2256755
tripura,2019,2,Recharge & bill payments,218649,48989430.60730426
tripura,2019,2,Merchant payments,64829,35275706.82877502
tripura,2019,2,Financial Services,1899,339184.3344705297
tripura,2019,2,Others,6405,6103644.851151889
tripura,2019,3,Recharge & bill payments,339539,81845425.35425141
tripura,2019,3,Peer-to-peer payments,270163,884623553.9011384
tripura,2019,3,Merchant payments,68399,44802063.64430427
tripura,2019,3,Financial Services,27970,582020.9903208594
tripura,2019,3,Others,5646,5524358.927209696
tripura,2019,4,Recharge & bill payments,373779,88001651.28693296
tripura,2019,4,Peer-to-peer payments,359076,1071507585.9983547
tripura,2019,4,Merchant payments,62458,51274033.720727704
tripura,2019,4,Financial Services,2239,377097.66713108413
tripura,2019,4,Others,4272,4239791.585043055
tripura,2020,1,Recharge & bill payments,449584,114355218.03514045
tripura,2020,1,Peer-to-peer payments,366218,1400694933.570157
tripura,2020,1,Merchant payments,102861,68590603.6377098
tripura,2020,1,Financial Services,1722,1066651.521721911
tripura,2020,1,Others,4117,4071399.6237732675
tripura,2020,2,Recharge & bill payments,600206,163220166.76643574
tripura,2020,2,Peer-to-peer payments,346863,1501452755.6890237
tripura,2020,2,Merchant payments,97816,99795973.60794038
tripura,2020,2,Financial Services,2904,2247782.5219734698
tripura,2020,2,Others,4731,2459205.000588993
tripura,2020,3,Recharge & bill payments,627363,185201997.2796099
tripura,2020,3,Peer-to-peer payments,477769,1959371082.9173033
tripura,2020,3,Merchant payments,202106,190218136.2808841
tripura,2020,3,Financial Services,3828,3141391.5755430083
tripura,2020,3,Others,6819,3886908.1625436572
tripura,2020,4,Peer-to-peer payments,650386,2683789889.83192
tripura,2020,4,Recharge & bill payments,631611,192385823.43220186
tripura,2020,4,Merchant payments,357567,296872485.4156503
tripura,2020,4,Financial Services,4084,3666639.308697606
tripura,2020,4,Others,8242,5416158.232838955
tripura,2021,1,Peer-to-peer payments,643366,2821226150.5919185
tripura,2021,1,Recharge & bill payments,508718,173211140.89346513
tripura,2021,1,Merchant payments,350366,333743281.32103896
tripura,2021,1,Financial Services,3146,2879929.222833151
tripura,2021,1,Others,5827,4281067.764165951
tripura,2021,2,Peer-to-peer payments,703728,2865655130.4313264
tripura,2021,2,Recharge & bill payments,589839,189808502.9050523
tripura,2021,2,Merchant payments,440060,404915546.5177107
tripura,2021,2,Financial Services,3656,3503925.3381061675
tripura,2021,2,Others,7146,4271255.844077852
tripura,2021,3,Peer-to-peer payments,864329,3491901741.1594186
tripura,2021,3,Recharge & bill payments,620991,215226019.57596284
tripura,2021,3,Merchant payments,584079,648504775.623629
tripura,2021,3,Financial Services,2886,3473153.087671739
tripura,2021,3,Others,8915,5028078.734792852
tripura,2021,4,Peer-to-peer payments,1060915,4368786747.103016
tripura,2021,4,Merchant payments,793636,874005407.7140213
tripura,2021,4,Recharge & bill payments,650251,241225282.07451886
tripura,2021,4,Financial Services,3635,5073898.6076811645
tripura,2021,4,Others,12256,7838128.800210228
tripura,2022,1,Peer-to-peer payments,1221863,4934712034.365204
tripura,2022,1,Merchant payments,992891,1037265262.6570499
tripura,2022,1,Recharge & bill payments,641170,262348230.9954375
tripura,2022,1,Financial Services,4351,5782533.2422681665
tripura,2022,1,Others,10915,7221703.089884497
tripura,2022,2,Peer-to-peer payments,1443647,5354182193.788111
tripura,2022,2,Merchant payments,1322009,1235804019.563663
tripura,2022,2,Recharge & bill payments,638643,278018856.17835283
tripura,2022,2,Financial Services,3812,4533635.768901512
tripura,2022,2,Others,10553,5732336.736273008
tripura,2022,3,Peer-to-peer payments,1836678,6718925839.047781
tripura,2022,3,Merchant payments,1660497,1589078400.2615328
tripura,2022,3,Recharge & bill payments,745382,329401812.4140819
tripura,2022,3,Financial Services,4343,5330626.119674753
tripura,2022,3,Others,9679,5616127.06807068
tripura,2022,4,Peer-to-peer payments,2252390,8142233538.414012
tripura,2022,4,Merchant payments,2054988,1925282618.8109846
tripura,2022,4,Recharge & bill payments,874800,373875271.19878656
tripura,2022,4,Financial Services,5787,5028488.55453164
tripura,2022,4,Others,10225,6551901.175783692
tripura,2023,1,Merchant payments,2991978,2538146159.0
tripura,2023,1,Peer-to-peer payments,2961284,10170883076.0
tripura,2023,1,Recharge & bill payments,1146228,565902758.0
tripura,2023,1,Financial Services,7716,6190362.0
tripura,2023,1,Others,11481,7160536.0
tripura,2023,2,Merchant payments,3654027,2936486824.0
tripura,2023,2,Peer-to-peer payments,3144448,10396364428.0
tripura,2023,2,Recharge & bill payments,1112236,570797284.0
tripura,2023,2,Financial Services,8100,8721399.0
tripura,2023,2,Others,10732,6760147.0
tripura,2023,3,Merchant payments,4388876,3335231974.0
tripura,2023,3,Peer-to-peer payments,3553878,11300910781.0
tripura,2023,3,Recharge & bill payments,1144676,597050057.0
tripura,2023,3,Financial Services,11060,9972113.0
tripura,2023,3,Others,10272,6058405.0
tripura,2023,4,Merchant payments,5112814,3958280687.0
tripura,2023,4,Peer-to-peer payments,3854572,12207187199.0
tripura,2023,4,Recharge & bill payments,1152820,638954177.0
tripura,2023,4,Financial Services,10341,9913640.0
tripura,2023,4,Others,10363,5561091.0
tripura,2024,1,Merchant payments,5721862,4318458993.0
tripura,2024,1,Peer-to-peer payments,4085450,12732805697.0
tripura,2024,1,Recharge & bill payments,1215498,683732258.0
tripura,2024,1,Financial Services,10290,12617991.0
tripura,2024,1,Others,9539,4574435.0
tripura,2024,2,Merchant payments,7120453,4810482925.0
tripura,2024,2,Peer-to-peer payments,4365398,12591709691.0
tripura,2024,2,Recharge & bill payments,1278785,711343884.0
tripura,2024,2,Financial Services,12106,15777203.0
tripura,2024,2,Others,10805,8117365.0
tripura,2024,3,Merchant payments,8023651,5277307936.0
tripura,2024,3,Peer-to-peer payments,5084144,13847946966.0
tripura,2024,3,Recharge & bill payments,1270740,799009595.0
tripura,2024,3,Financial Services,13232,18644893.0
tripura,2024,3,Others,8814,5936799.0
tripura,2024,4,Merchant payments,8992361,6011659344.0
tripura,2024,4,Peer-to-peer payments,5662500,15543764487.0
tripura,2024,4,Recharge & bill payments,1232968,823760709.0
tripura,2024,4,Financial Services,49550,21746350.0
tripura,2024,4,Others,7780,8974378.0
uttar-pradesh,2018,1,Recharge & bill payments,7003704,1201827543.8816488
uttar-pradesh,2018,1,Peer-to-peer payments,4123625,11786969148.760597
uttar-pradesh,2018,1,Merchant payments,442436,428301434.2754866
uttar-pradesh,2018,1,Financial Services,397328,75150444.99108115
uttar-pradesh,2018,1,Others,570712,447722351.3138524
uttar-pradesh,2018,2,Recharge & bill payments,9232131,2044535461.482608
uttar-pradesh,2018,2,Peer-to-peer payments,6484369,22197440015.945545
uttar-pradesh,2018,2,Merchant payments,909545,799920463.267408
uttar-pradesh,2018,2,Financial Services,563213,105536911.84026654
uttar-pradesh,2018,2,Others,521685,572768843.1641636
uttar-pradesh,2018,3,Peer-to-peer payments,13828768,32944051606.98276
uttar-pradesh,2018,3,Recharge & bill payments,9140873,2485029062.8899517
uttar-pradesh,2018,3,Merchant payments,2397448,1012726185.1169598
uttar-pradesh,2018,3,Financial Services,603303,76605144.65776658
uttar-pradesh,2018,3,Others,544964,493702369.5936288
uttar-pradesh,2018,4,Peer-to-peer payments,15804910,48836291123.914734
uttar-pradesh,2018,4,Recharge & bill payments,11976808,3040717446.728788
uttar-pradesh,2018,4,Merchant payments,6953857,2480267671.259793
uttar-pradesh,2018,4,Financial Services,517619,76250539.85851902
uttar-pradesh,2018,4,Others,847573,663216794.1554663
uttar-pradesh,2019,1,Peer-to-peer payments,32062452,68506766330.45149
uttar-pradesh,2019,1,Recharge & bill payments,15400713,4231102032.9564486
uttar-pradesh,2019,1,Merchant payments,8558766,3105904146.2085333
uttar-pradesh,2019,1,Financial Services,389733,43341558.48535549
uttar-pradesh,2019,1,Others,912840,637066065.9078369
uttar-pradesh,2019,2,Peer-to-peer payments,27105049,87581482658.94861
uttar-pradesh,2019,2,Recharge & bill payments,17551537,5627886175.9093685
uttar-pradesh,2019,2,Merchant payments,12733089,4894223107.452321
uttar-pradesh,2019,2,Financial Services,264091,38169259.945291094
uttar-pradesh,2019,2,Others,1229734,775758168.4201038
uttar-pradesh,2019,3,Peer-to-peer payments,26990786,95134023863.97964
uttar-pradesh,2019,3,Recharge & bill payments,20359672,8000160942.595396
uttar-pradesh,2019,3,Merchant payments,19625935,7399443975.24218
uttar-pradesh,2019,3,Financial Services,258548,51363215.14597865
uttar-pradesh,2019,3,Others,1389018,683145478.0865316
uttar-pradesh,2019,4,Peer-to-peer payments,40540310,126564888408.1326
uttar-pradesh,2019,4,Recharge & bill payments,24299776,9082140369.774977
uttar-pradesh,2019,4,Merchant payments,20582052,9412924984.9687
uttar-pradesh,2019,4,Financial Services,242936,45686806.83093811
uttar-pradesh,2019,4,Others,1239931,433285937.588854
uttar-pradesh,2020,1,Peer-to-peer payments,39581157,147734706846.56177
uttar-pradesh,2020,1,Recharge & bill payments,29777603,11168417430.652225
uttar-pradesh,2020,1,Merchant payments,26741638,13072371616.871723
uttar-pradesh,2020,1,Financial Services,139990,64365117.409359045
uttar-pradesh,2020,1,Others,998744,376573949.20359
uttar-pradesh,2020,2,Recharge & bill payments,42229417,14668026056.368128
uttar-pradesh,2020,2,Peer-to-peer payments,39434202,150079524408.8693
uttar-pradesh,2020,2,Merchant payments,18625913,13655151082.574724
uttar-pradesh,2020,2,Financial Services,150360,131930242.90371712
uttar-pradesh,2020,2,Others,412073,209384339.5723213
uttar-pradesh,2020,3,Peer-to-peer payments,54449911,207530912756.73047
uttar-pradesh,2020,3,Recharge & bill payments,37465163,16437365640.853413
uttar-pradesh,2020,3,Merchant payments,34697942,24224433240.836243
uttar-pradesh,2020,3,Financial Services,206210,194129227.54374278
uttar-pradesh,2020,3,Others,586033,303114557.0989778
uttar-pradesh,2020,4,Peer-to-peer payments,75433782,294401153346.76337
uttar-pradesh,2020,4,Merchant payments,61922138,44438824680.670944
uttar-pradesh,2020,4,Recharge & bill payments,39570153,17793973968.761925
uttar-pradesh,2020,4,Financial Services,246868,255803306.13741985
uttar-pradesh,2020,4,Others,994576,539071475.9342327
uttar-pradesh,2021,1,Peer-to-peer payments,85539321,321609613378.6789
uttar-pradesh,2021,1,Merchant payments,78873969,55362244381.43686
uttar-pradesh,2021,1,Recharge & bill payments,38981894,18563189222.328217
uttar-pradesh,2021,1,Financial Services,250656,266104783.7449573
uttar-pradesh,2021,1,Others,853707,486435811.3771204
uttar-pradesh,2021,2,Peer-to-peer payments,102927942,388761820128.4563
uttar-pradesh,2021,2,Merchant payments,84860582,70351401159.78787
uttar-pradesh,2021,2,Recharge & bill payments,53030710,22266927128.75408
uttar-pradesh,2021,2,Financial Services,270944,266853066.82962543
uttar-pradesh,2021,2,Others,858953,525487682.5584012
uttar-pradesh,2021,3,Peer-to-peer payments,127945827,440726915882.17084
uttar-pradesh,2021,3,Merchant payments,126699830,91089049637.02377
uttar-pradesh,2021,3,Recharge & bill payments,50414232,24348150109.635994
uttar-pradesh,2021,3,Financial Services,253418,292009129.0296748
uttar-pradesh,2021,3,Others,1230077,624716522.0745409
uttar-pradesh,2021,4,Merchant payments,183966052,142889329646.05463
uttar-pradesh,2021,4,Peer-to-peer payments,167503176,600973581946.6772
uttar-pradesh,2021,4,Recharge & bill payments,52863531,28812549097.65689
uttar-pradesh,2021,4,Financial Services,353219,386356976.48969895
uttar-pradesh,2021,4,Others,1471954,829152405.3448995
uttar-pradesh,2022,1,Merchant payments,221556930,165543931419.27045
uttar-pradesh,2022,1,Peer-to-peer payments,195592648,684758883172.6667
uttar-pradesh,2022,1,Recharge & bill payments,54873261,31683813998.386055
uttar-pradesh,2022,1,Financial Services,358499,386218170.5981607
uttar-pradesh,2022,1,Others,1571908,750327356.10464
uttar-pradesh,2022,2,Merchant payments,298721048,216176289528.43256
uttar-pradesh,2022,2,Peer-to-peer payments,232444860,812579156783.274
uttar-pradesh,2022,2,Recharge & bill payments,62659780,37867966758.88997
uttar-pradesh,2022,2,Financial Services,268349,285646084.3258523
uttar-pradesh,2022,2,Others,1204739,606123265.0864555
uttar-pradesh,2022,3,Merchant payments,361972506,232005905549.1372
uttar-pradesh,2022,3,Peer-to-peer payments,267205027,844564255684.5037
uttar-pradesh,2022,3,Recharge & bill payments,72984811,43854148172.58542
uttar-pradesh,2022,3,Financial Services,367887,344330142.1388885
uttar-pradesh,2022,3,Others,1058841,601411350.4106325
uttar-pradesh,2022,4,Merchant payments,439247166,296781967366.6535
uttar-pradesh,2022,4,Peer-to-peer payments,317613698,1030345562935.8824
uttar-pradesh,2022,4,Recharge & bill payments,78025017,48159073834.94295
uttar-pradesh,2022,4,Financial Services,418329,430212917.27641135
uttar-pradesh,2022,4,Others,1064861,661985014.756895
uttar-pradesh,2023,1,Merchant payments,520911142,323614616766.0
uttar-pradesh,2023,1,Peer-to-peer payments,383752815,1246010023301.0
uttar-pradesh,2023,1,Recharge & bill payments,96225086,66101414555.0
uttar-pradesh,2023,1,Financial Services,486982,483872123.0
uttar-pradesh,2023,1,Others,1181697,726338627.0
uttar-pradesh,2023,2,Merchant payments,653469610,372223301627.0
uttar-pradesh,2023,2,Peer-to-peer payments,446787898,1389827653278.0
uttar-pradesh,2023,2,Recharge & bill payments,109571801,73352450074.0
uttar-pradesh,2023,2,Financial Services,506431,562369291.0
uttar-pradesh,2023,2,Others,1074842,656302256.0
uttar-pradesh,2023,3,Merchant payments,754249074,389288397238.0
uttar-pradesh,2023,3,Peer-to-peer payments,488395790,1394085756434.0
uttar-pradesh,2023,3,Recharge & bill payments,110408404,76981859735.0
uttar-pradesh,2023,3,Financial Services,624941,798613229.0
uttar-pradesh,2023,3,Others,944257,593735370.0
uttar-pradesh,2023,4,Merchant payments,875617035,489746639610.0
uttar-pradesh,2023,4,Peer-to-peer payments,575043255,1677661668298.0
uttar-pradesh,2023,4,Recharge & bill payments,114346855,88481840260.0
uttar-pradesh,2023,4,Financial Services,736922,950129225.0
uttar-pradesh,2023,4,Others,961315,600884259.0
uttar-pradesh,2024,1,Merchant payments,999820226,541585227379.0
uttar-pradesh,2024,1,Peer-to-peer payments,651752866,1836048765763.0
uttar-pradesh,2024,1,Recharge & bill payments,132055620,98012574974.0
uttar-pradesh,2024,1,Financial Services,705575,1192696922.0
uttar-pradesh,2024,1,Others,962661,703841601.0
uttar-pradesh,2024,2,Merchant payments,1255823323,633438040735.0
uttar-pradesh,2024,2,Peer-to-peer payments,734688684,1964379490164.0
uttar-pradesh,2024,2,Recharge & bill payments,143138259,103981718976.0
uttar-pradesh,2024,2,Financial Services,858026,1406687894.0
uttar-pradesh,2024,2,Others,1030366,1017422298.0
uttar-pradesh,2024,3,Merchant payments,1363617969,651628890228.0
uttar-pradesh,2024,3,Peer-to-peer payments,784039367,1951953897864.0
uttar-pradesh,2024,3,Recharge & bill payments,136431456,111138475190.0
uttar-pradesh,2024,3,Financial Services,1043768,1777001054.0
uttar-pradesh,2024,3,Others,823273,976940898.0
uttar-pradesh,2024,4,Merchant payments,1526062566,788377059975.0
uttar-pradesh,2024,4,Peer-to-peer payments,880161951,2305698271263.0
uttar-pradesh,2024,4,Recharge & bill payments,134632683,117186551580.0
uttar-pradesh,2024,4,Financial Services,3239088,1758794365.0
uttar-pradesh,2024,4,Others,793977,1085845276.0
uttarakhand,2018,1,Recharge & bill payments,730428,124377517.3349145
uttarakhand,2018,1,Peer-to-peer payments,399545,1296603346.334598
uttarakhand,2018,1,Merchant payments,35382,39372913.10424411
uttarakhand,2018,1,Financial Services,27761,5637758.5563494945
uttarakhand,2018,1,Others,53569,42553823.19378027
uttarakhand,2018,2,Recharge & bill payments,946332,193802092.8234874
uttarakhand,2018,2,Peer-to-peer payments,620490,2358941864.7682114
uttarakhand,2018,2,Merchant payments,60494,66946005.75890133
uttarakhand,2018,2,Financial Services,29919,7913276.778501136
uttarakhand,2018,2,Others,46887,52152138.42194019
uttarakhand,2018,3,Peer-to-peer payments,1049725,3356030294.930648
uttarakhand,2018,3,Recharge & bill payments,1004356,239244556.76646537
uttarakhand,2018,3,Merchant payments,112342,84447374.86583523
uttarakhand,2018,3,Financial Services,22792,4334709.909645849
uttarakhand,2018,3,Others,39917,42516103.38590273
uttarakhand,2018,4,Peer-to-peer payments,1556731,5072621132.343549
uttarakhand,2018,4,Recharge & bill payments,1252124,292877734.33795583
uttarakhand,2018,4,Merchant payments,289733,228453045.85460952
uttarakhand,2018,4,Financial Services,29916,6035161.098892693
uttarakhand,2018,4,Others,50257,54285064.328889735
uttarakhand,2019,1,Peer-to-peer payments,3499130,6512361464.496071
uttarakhand,2019,1,Recharge & bill payments,1590269,394631055.6931843
uttarakhand,2019,1,Merchant payments,372290,226281078.7699414
uttarakhand,2019,1,Financial Services,28784,3951610.30495379
uttarakhand,2019,1,Others,55528,46303966.00979781
uttarakhand,2019,2,Peer-to-peer payments,2383662,7752954670.580209
uttarakhand,2019,2,Recharge & bill payments,1616176,454962951.9136597
uttarakhand,2019,2,Merchant payments,721858,323876953.4104364
uttarakhand,2019,2,Financial Services,21852,2550386.4774141517
uttarakhand,2019,2,Others,69727,54187888.53677146
uttarakhand,2019,3,Peer-to-peer payments,2313544,8512622076.436331
uttarakhand,2019,3,Recharge & bill payments,2201606,683772296.9748493
uttarakhand,2019,3,Merchant payments,1121052,480794827.1193007
uttarakhand,2019,3,Financial Services,12119,4570326.192004257
uttarakhand,2019,3,Others,62155,47272543.294839665
uttarakhand,2019,4,Peer-to-peer payments,3210116,11020339546.604958
uttarakhand,2019,4,Recharge & bill payments,2547173,817728111.4576316
uttarakhand,2019,4,Merchant payments,1542944,701746516.8731368
uttarakhand,2019,4,Financial Services,11585,3555524.3767221333
uttarakhand,2019,4,Others,50298,30336605.83833359
uttarakhand,2020,1,Peer-to-peer payments,3792776,13999676596.865887
uttarakhand,2020,1,Recharge & bill payments,2990764,1028598924.445406
uttarakhand,2020,1,Merchant payments,2289657,1094245197.2356641
uttarakhand,2020,1,Financial Services,10246,8180881.808693047
uttarakhand,2020,1,Others,48341,27378658.631921414
uttarakhand,2020,2,Recharge & bill payments,3755695,1303523584.942265
uttarakhand,2020,2,Peer-to-peer payments,3656029,13572964169.690296
uttarakhand,2020,2,Merchant payments,1587042,1181497493.0283294
uttarakhand,2020,2,Financial Services,15023,17612288.05771955
uttarakhand,2020,2,Others,33981,18590166.382408556
uttarakhand,2020,3,Peer-to-peer payments,4836512,18377468807.44993
uttarakhand,2020,3,Recharge & bill payments,3751993,1509373287.697055
uttarakhand,2020,3,Merchant payments,3164623,2166776519.8536706
uttarakhand,2020,3,Financial Services,20455,26449980.584111303
uttarakhand,2020,3,Others,45352,23442372.42176825
uttarakhand,2020,4,Peer-to-peer payments,6748183,25748737002.1362
uttarakhand,2020,4,Merchant payments,6629201,4274032856.6465273
uttarakhand,2020,4,Recharge & bill payments,4140391,1697819950.5564795
uttarakhand,2020,4,Financial Services,27120,29791064.761797357
uttarakhand,2020,4,Others,68376,42358455.00938001
uttarakhand,2021,1,Merchant payments,8393767,5283142247.065777
uttarakhand,2021,1,Peer-to-peer payments,7981710,29202365442.63442
uttarakhand,2021,1,Recharge & bill payments,4146569,1727960484.030287
uttarakhand,2021,1,Financial Services,30208,38400863.99560504
uttarakhand,2021,1,Others,56148,36320362.17233381
uttarakhand,2021,2,Peer-to-peer payments,9374939,32674145244.390625
uttarakhand,2021,2,Merchant payments,9134389,6257528832.057196
uttarakhand,2021,2,Recharge & bill payments,5388285,1979824048.8157122
uttarakhand,2021,2,Financial Services,31497,35404991.874676295
uttarakhand,2021,2,Others,71322,43914757.70001851
uttarakhand,2021,3,Merchant payments,13673085,9001414756.070686
uttarakhand,2021,3,Peer-to-peer payments,11867174,39256650720.01872
uttarakhand,2021,3,Recharge & bill payments,5388011,2182554095.263321
uttarakhand,2021,3,Financial Services,27839,38013969.98341857
uttarakhand,2021,3,Others,86175,48863242.2282843
uttarakhand,2021,4,Merchant payments,19850878,13515464697.761791
uttarakhand,2021,4,Peer-to-peer payments,14819203,49969580473.07786
uttarakhand,2021,4,Recharge & bill payments,5536262,2540546090.023079
uttarakhand,2021,4,Financial Services,38764,51212042.381750934
uttarakhand,2021,4,Others,116173,71304856.17664191
uttarakhand,2022,1,Merchant payments,22595602,14585438346.473846
uttarakhand,2022,1,Peer-to-peer payments,16201632,53535521438.95823
uttarakhand,2022,1,Recharge & bill payments,5617605,2745987927.683198
uttarakhand,2022,1,Financial Services,39033,49695999.71828518
uttarakhand,2022,1,Others,106900,62138787.2410843
uttarakhand,2022,2,Merchant payments,32087670,19479185362.296963
uttarakhand,2022,2,Peer-to-peer payments,19677409,65563901300.31024
uttarakhand,2022,2,Recharge & bill payments,6263098,3174160697.8567643
uttarakhand,2022,2,Financial Services,32284,37217548.78562989
uttarakhand,2022,2,Others,106417,58906116.08464594
uttarakhand,2022,3,Merchant payments,35069444,20528059274.248493
uttarakhand,2022,3,Peer-to-peer payments,22031045,68377272372.60579
uttarakhand,2022,3,Recharge & bill payments,6765699,3633710468.801753
uttarakhand,2022,3,Financial Services,38061,44669245.26821817
uttarakhand,2022,3,Others,92270,57548577.43879978
uttarakhand,2022,4,Merchant payments,43185705,26026949674.245083
uttarakhand,2022,4,Peer-to-peer payments,27043038,85220041974.58176
uttarakhand,2022,4,Recharge & bill payments,7610775,4128624164.749209
uttarakhand,2022,4,Financial Services,44569,55762460.39159953
uttarakhand,2022,4,Others,99793,64668557.391687945
uttarakhand,2023,1,Merchant payments,46150691,24023994792.0
uttarakhand,2023,1,Peer-to-peer payments,25105743,78202343600.0
uttarakhand,2023,1,Recharge & bill payments,7974874,4828592096.0
uttarakhand,2023,1,Financial Services,49836,56455666.0
uttarakhand,2023,1,Others,104531,68521431.0
uttarakhand,2023,2,Merchant payments,61652430,30881251416.0
uttarakhand,2023,2,Peer-to-peer payments,31690416,97448517076.0
uttarakhand,2023,2,Recharge & bill payments,9247601,5608284038.0
uttarakhand,2023,2,Financial Services,58524,66971615.0
uttarakhand,2023,2,Others,109243,67848253.0
uttarakhand,2023,3,Merchant payments,64872613,30958940671.0
uttarakhand,2023,3,Peer-to-peer payments,32232624,92015204778.0
uttarakhand,2023,3,Recharge & bill payments,9017620,5630443171.0
uttarakhand,2023,3,Financial Services,63561,101529618.0
uttarakhand,2023,3,Others,98269,56279883.0
uttarakhand,2023,4,Merchant payments,73028369,36848560480.0
uttarakhand,2023,4,Peer-to-peer payments,36069901,104875896612.0
uttarakhand,2023,4,Recharge & bill payments,8790080,6186779834.0
uttarakhand,2023,4,Financial Services,77149,113625124.0
uttarakhand,2023,4,Others,105941,58585212.0
uttarakhand,2024,1,Merchant payments,75999065,37219956903.0
uttarakhand,2024,1,Peer-to-peer payments,37578194,106154267360.0
uttarakhand,2024,1,Recharge & bill payments,9496796,6717063555.0
uttarakhand,2024,1,Financial Services,68863,124505361.0
uttarakhand,2024,1,Others,91659,61042084.0
uttarakhand,2024,2,Merchant payments,101799178,47867822861.0
uttarakhand,2024,2,Peer-to-peer payments,46195948,125141334948.0
uttarakhand,2024,2,Recharge & bill payments,10382543,7361821576.0
uttarakhand,2024,2,Financial Services,86678,151603938.0
uttarakhand,2024,2,Others,100635,90332467.0
uttarakhand,2024,3,Merchant payments,101832975,46698002493.0
uttarakhand,2024,3,Peer-to-peer payments,47044704,118899137486.0
uttarakhand,2024,3,Recharge & bill payments,10221487,7541478924.0
uttarakhand,2024,3,Financial Services,102685,186436320.0
uttarakhand,2024,3,Others,76964,89812326.0
uttarakhand,2024,4,Merchant payments,110248263,53868322980.0
uttarakhand,2024,4,Peer-to-peer payments,50768426,133114128957.0
uttarakhand,2024,4,Recharge & bill payments,9770042,7616990794.0
uttarakhand,2024,4,Financial Services,277135,203261412.0
uttarakhand,2024,4,Others,72266,106086816.0
west-bengal,2018,1,Recharge & bill payments,5773831,964309485.9592385
west-bengal,2018,1,Peer-to-peer payments,4383075,8874266825.985771
west-bengal,2018,1,Financial Services,665171,119502271.66944443
west-bengal,2018,1,Merchant payments,443378,366788699.65713125
west-bengal,2018,1,Others,444770,301111268.86863834
west-bengal,2018,2,Peer-to-peer payments,8284944,15889890046.862814
west-bengal,2018,2,Recharge & bill payments,7360522,1563841173.839662
west-bengal,2018,2,Financial Services,1121570,160809685.93886387
west-bengal,2018,2,Merchant payments,937608,715914360.819237
west-bengal,2018,2,Others,377802,298728202.7433254
west-bengal,2018,3,Peer-to-peer payments,41882429,38439798815.23789
west-bengal,2018,3,Recharge & bill payments,7596315,1992473341.2750623
west-bengal,2018,3,Merchant payments,2252265,979603555.1397107
west-bengal,2018,3,Financial Services,1619524,185187032.8965006
west-bengal,2018,3,Others,354883,246871438.6293067
west-bengal,2018,4,Peer-to-peer payments,17154995,35303180047.06148
west-bengal,2018,4,Recharge & bill payments,9425082,2467741143.2258015
west-bengal,2018,4,Merchant payments,8633569,2294203496.6575317
west-bengal,2018,4,Financial Services,734796,93755616.52283625
west-bengal,2018,4,Others,565106,330738908.23670936
west-bengal,2019,1,Peer-to-peer payments,27374206,44170923881.744286
west-bengal,2019,1,Recharge & bill payments,11659948,3021107711.9021683
west-bengal,2019,1,Merchant payments,7636726,2645438308.338478
west-bengal,2019,1,Financial Services,525650,47986448.46936697
west-bengal,2019,1,Others,429858,279216273.42549
west-bengal,2019,2,Peer-to-peer payments,20285958,48394974398.37831
west-bengal,2019,2,Merchant payments,13646142,4657258459.145545
west-bengal,2019,2,Recharge & bill payments,12129638,3676123279.3800926
west-bengal,2019,2,Financial Services,421037,45646046.98846317
west-bengal,2019,2,Others,540760,331688935.22631323
west-bengal,2019,3,Merchant payments,30804036,8273187167.0788555
west-bengal,2019,3,Peer-to-peer payments,21522913,57058405341.48096
west-bengal,2019,3,Recharge & bill payments,13011501,4832486821.888576
west-bengal,2019,3,Financial Services,558653,57054414.83597401
west-bengal,2019,3,Others,547726,319398871.5461071
west-bengal,2019,4,Peer-to-peer payments,67037576,76593333397.8665
west-bengal,2019,4,Recharge & bill payments,14511711,4859794689.902503
west-bengal,2019,4,Merchant payments,14187744,6477138700.812115
west-bengal,2019,4,Financial Services,653648,77047243.72974005
west-bengal,2019,4,Others,415159,196296222.33587587
west-bengal,2020,1,Peer-to-peer payments,28457404,82770282623.80914
west-bengal,2020,1,Merchant payments,19779392,8097859088.519976
west-bengal,2020,1,Recharge & bill payments,17448908,5550815439.734788
west-bengal,2020,1,Financial Services,210068,58280893.55150119
west-bengal,2020,1,Others,354609,176067145.3227705
west-bengal,2020,2,Peer-to-peer payments,24855687,84984004330.7718
west-bengal,2020,2,Recharge & bill payments,22220012,7496845561.868595
west-bengal,2020,2,Merchant payments,10225729,7404190137.669086
west-bengal,2020,2,Financial Services,130595,89987205.23090403
west-bengal,2020,2,Others,244774,124404641.81495729
west-bengal,2020,3,Peer-to-peer payments,37556349,133120676151.84232
west-bengal,2020,3,Recharge & bill payments,22284079,8768630922.970161
west-bengal,2020,3,Merchant payments,19599024,14614394375.389553
west-bengal,2020,3,Financial Services,151996,125973420.85650632
west-bengal,2020,3,Others,363056,183680984.08253318
west-bengal,2020,4,Peer-to-peer payments,46437233,166391874596.30487
west-bengal,2020,4,Merchant payments,30077510,22241302940.832962
west-bengal,2020,4,Recharge & bill payments,23158305,10074605883.201237
west-bengal,2020,4,Financial Services,178455,164241191.7401362
west-bengal,2020,4,Others,489142,293466753.56894124
west-bengal,2021,1,Peer-to-peer payments,53869075,202240249482.85385
west-bengal,2021,1,Merchant payments,37143701,28918343691.018497
west-bengal,2021,1,Recharge & bill payments,26673733,11339665944.69124
west-bengal,2021,1,Financial Services,166727,175445811.88444334
west-bengal,2021,1,Others,400816,263502545.07389978
west-bengal,2021,2,Peer-to-peer payments,64661051,230812278789.29965
west-bengal,2021,2,Merchant payments,41696787,34787867208.31932
west-bengal,2021,2,Recharge & bill payments,34799709,13331453857.609217
west-bengal,2021,2,Financial Services,190537,186466487.6307634
west-bengal,2021,2,Others,549353,316744715.7049847
west-bengal,2021,3,Peer-to-peer payments,84353949,294799731350.5536
west-bengal,2021,3,Merchant payments,58800005,50971169851.15668
west-bengal,2021,3,Recharge & bill payments,37556310,16045754099.005053
west-bengal,2021,3,Financial Services,189087,213411736.37376124
west-bengal,2021,3,Others,813637,426999219.42323273
west-bengal,2021,4,Peer-to-peer payments,105728377,372240891205.5542
west-bengal,2021,4,Merchant payments,80248673,71231577538.7114
west-bengal,2021,4,Recharge & bill payments,37801439,17813903244.663807
west-bengal,2021,4,Financial Services,252535,270791056.674143
west-bengal,2021,4,Others,998536,660874216.4934742
west-bengal,2022,1,Peer-to-peer payments,124787028,446343740437.97784
west-bengal,2022,1,Merchant payments,97315025,85854730616.41321
west-bengal,2022,1,Recharge & bill payments,37317865,18435424277.725906
west-bengal,2022,1,Financial Services,239530,261096608.80560598
west-bengal,2022,1,Others,845644,531671268.6395414
west-bengal,2022,2,Peer-to-peer payments,145395450,520190680811.79974
west-bengal,2022,2,Merchant payments,126682135,107049019781.85823
west-bengal,2022,2,Recharge & bill payments,42712193,20697301165.41855
west-bengal,2022,2,Financial Services,191724,199770753.23061734
west-bengal,2022,2,Others,760639,438407071.93834406
west-bengal,2022,3,Peer-to-peer payments,163523844,556258142870.3699
west-bengal,2022,3,Merchant payments,145181044,123577123532.40588
west-bengal,2022,3,Recharge & bill payments,47208496,24221425246.93133
west-bengal,2022,3,Financial Services,238746,241288774.23230746
west-bengal,2022,3,Others,640258,451918188.20472723
west-bengal,2022,4,Peer-to-peer payments,184380244,620222191587.5906
west-bengal,2022,4,Merchant payments,171667404,140807748126.1634
west-bengal,2022,4,Recharge & bill payments,48921147,26026633153.201996
west-bengal,2022,4,Financial Services,268388,261122865.47893512
west-bengal,2022,4,Others,610414,457937874.8149981
west-bengal,2023,1,Peer-to-peer payments,209399898,712039303982.0
west-bengal,2023,1,Merchant payments,196695397,152528979798.0
west-bengal,2023,1,Recharge & bill payments,52273240,31580090540.0
west-bengal,2023,1,Financial Services,287719,266872934.0
west-bengal,2023,1,Others,622090,467935301.0
west-bengal,2023,2,Merchant payments,245111000,176704613449.0
west-bengal,2023,2,Peer-to-peer payments,240347041,797054798425.0
west-bengal,2023,2,Recharge & bill payments,58950434,34789238757.0
west-bengal,2023,2,Financial Services,327537,317467007.0
west-bengal,2023,2,Others,581674,448989334.0
west-bengal,2023,3,Merchant payments,296965002,200440391406.0
west-bengal,2023,3,Peer-to-peer payments,271150280,831050092805.0
west-bengal,2023,3,Recharge & bill payments,63055684,39209851435.0
west-bengal,2023,3,Financial Services,389751,424985591.0
west-bengal,2023,3,Others,532474,423285145.0
west-bengal,2023,4,Merchant payments,354067997,239073842398.0
west-bengal,2023,4,Peer-to-peer payments,317959249,964138540494.0
west-bengal,2023,4,Recharge & bill payments,64920775,45319429210.0
west-bengal,2023,4,Financial Services,480740,459007296.0
west-bengal,2023,4,Others,524477,404156680.0
west-bengal,2024,1,Merchant payments,407607197,273213691928.0
west-bengal,2024,1,Peer-to-peer payments,355646156,1100744138548.0
west-bengal,2024,1,Recharge & bill payments,72216060,47161916445.0
west-bengal,2024,1,Financial Services,451008,530738282.0
west-bengal,2024,1,Others,488166,375021630.0
west-bengal,2024,2,Merchant payments,505063040,312997770316.0
west-bengal,2024,2,Peer-to-peer payments,393935166,1182044126793.0
west-bengal,2024,2,Recharge & bill payments,80431842,51186387144.0
west-bengal,2024,2,Financial Services,545945,683056741.0
west-bengal,2024,2,Others,504714,432474570.0
west-bengal,2024,3,Merchant payments,568524147,341810430112.0
west-bengal,2024,3,Peer-to-peer payments,436521674,1208750564666.0
west-bengal,2024,3,Recharge & bill payments,78735491,55797986276.0
west-bengal,2024,3,Financial Services,690027,816380541.0
west-bengal,2024,3,Others,445106,468420642.0
west-bengal,2024,4,Merchant payments,655100809,389286175909.0
west-bengal,2024,4,Peer-to-peer payments,493217788,1361927136312.0
west-bengal,2024,4,Recharge & bill payments,76043195,57534056540.0
west-bengal,2024,4,Financial Services,2352084,847296537.0
west-bengal,2024,4,Others,421806,505364108.0
